2015||8||0520701479||  225.00
2015||8||0551726969||  192.17
2015||8||0551727375||14089.78
2015||8||2222114126||  903.42
2015||8||2222196542||  649.92
2015||8||2222616215||  510.02
2015||8||2223670308|| 1049.31
2015||8||2288120771||  493.46
2015||8||2288156951||  453.62
2015||8||2288170447||  436.85
2015||8||2299310464||  524.92
2015||8||2299317138||  -46.05
2015||8||2299357275|| -131.57
2015||8||2299358591||  392.64
2015||8||2363720405||  876.27
2015||8||2363740693||  694.71
2015||8||2717128020|| 1054.23
2015||8||2717128833||  219.39
2015||8||2717129605||  898.39
2015||8||2717147915||  408.09
2015||8||2717176932|| -138.15
2015||8||2721063469||  630.45
2015||8||2727261122||  731.26
2015||8||2727265599||  938.58
2015||8||2747432674||  520.69
2015||8||2818724401||  625.53
2015||8||2838722479||  523.39
2015||8||2838741799||  398.74
2015||8||2878717983||  654.49
2015||8||2878755826||  576.95
2015||8||2878757751||  587.25
2015||8||2949426078||  700.57
2015||8||2949431885||  681.93
2015||8||3112120812||  392.64
2015||8||3112121186||  663.98
2015||8||3112121336||  650.50
2015||8||3112122162||  -19.73
2015||8||3112127995||  608.76
2015||8||3112162186||  824.05
2015||8||3112169702|| 1188.03
2015||8||3112173651||  734.11
2015||8||3123301620||  569.12
2015||8||3133270235||  463.94
2015||8||3333679414||  573.70
2015||8||3336002753||  666.89
2015||8||3336029224||  684.98
2015||8||3336084190||  646.87
2015||8||3336135570||  572.52
2015||8||3336138751||  764.25
2015||8||3336144883||  913.98
2015||8||3336180742||  799.31
2015||8||3336184104||  678.88
2015||8||3336184509||  649.92
2015||8||3336373053||  586.24
2015||8||3336585322||  654.49
2015||8||3336585335||  723.09
2015||8||3336817577||  606.06
2015||8||3338124229||  586.24
2015||8||3545422866||  463.94
2015||8||3929231514||  581.52
2015||8||3929251540||  697.17
2015||8||3939357019||  561.85
2015||8||4235942469||  463.94
2015||8||4255470689||  468.51
2015||8||4343425582||  473.09
2015||8||4433230817||  632.77
2015||8||4433232395||  563.76
2015||8||4433336021||  367.05
2015||8||4492383384||  463.94
2015||8||4499134119||  552.94
2015||8||4499181343||  635.02
2015||8||4521198887||  473.09
2015||8||4535375056||  465.46
2015||8||4616134745||  471.91
2015||8||4616136045||  392.64
2015||8||4626265980||  441.63
2015||8||4777143213||  598.09
2015||8||5515173480||  631.83
2015||8||5515450967||  734.48
2015||8||5515455997||  561.50
2015||8||5515474343|| 1628.50
2015||8||5515530192||   82.32
2015||8||5515580791||  531.71
2015||8||5515583241||  566.07
2015||8||5515583461||  418.39
2015||8||5516656245||  951.75
2015||8||5516656563||  471.91
2015||8||5516659024||  566.07
2015||8||5517089943||  487.15
2015||8||5522250117|| 1534.56
2015||8||5522327295||  -61.87
2015||8||5525963871||  825.22
2015||8||5526174393||  627.57
2015||8||5526203609||  392.64
2015||8||5526240213||  392.64
2015||8||5526242038||  -19.73
2015||8||5526260156||  822.19
2015||8||5526423245||  578.62
2015||8||5526437461|| 1353.35
2015||8||5528730303||  514.77
2015||8||5528730424|| 2839.67
2015||8||5528732836||  214.61
2015||8||5528733324||  239.00
2015||8||5528733418||  563.03
2015||8||5528733534||  389.71
2015||8||5551158428||  735.28
2015||8||5552030286||  203.94
2015||8||5552037770||  203.94
2015||8||5552037851||  203.94
2015||8||5552038225||  394.49
2015||8||5552072667|| 1654.56
2015||8||5552117190|| 1975.62
2015||8||5552430053||  977.34
2015||8||5552430995|| 1724.52
2015||8||5552715956||  585.53
2015||8||5553363472|| 1225.34
2015||8||5553386249||  203.94
2015||8||5553389605||  625.29
2015||8||5553423762||  392.64
2015||8||5553573288||  807.86
2015||8||5553582191|| 1255.80
2015||8||5553584399||  427.95
2015||8||5553840715||  858.15
2015||8||5553845095||  392.64
2015||8||5553860791||  203.94
2015||8||5553860864||  216.14
2015||8||5553861272||  301.28
2015||8||5553861760||  552.94
2015||8||5553862435||  883.07
2015||8||5553863782||  400.26
2015||8||5553865183||  223.01
2015||8||5553866053||  216.14
2015||8||5553866782||  208.51
2015||8||5553866785||  219.39
2015||8||5553867277||  206.16
2015||8||5553867542||  449.10
2015||8||5553867544||  232.90
2015||8||5553867896||  203.94
2015||8||5553867897||  219.39
2015||8||5553867955||  203.94
2015||8||5553868000||  203.94
2015||8||5553868477||  216.14
2015||8||5553868995||  470.04
2015||8||5553990706||  835.42
2015||8||5553992077||  203.94
2015||8||5553992378||  359.43
2015||8||5553992435||  203.94
2015||8||5553994436||  910.45
2015||8||5553994441|| 1228.86
2015||8||5553994462||  572.76
2015||8||5553996046||  790.54
2015||8||5553998173||  361.59
2015||8||5553998571||  728.23
2015||8||5553999862||  304.71
2015||8||5554891232||  718.03
2015||8||5555121288||  653.67
2015||8||5555121666||  691.08
2015||8||5555125831||  420.08
2015||8||5555126695||  711.80
2015||8||5555134233||  392.64
2015||8||5555162599||  549.65
2015||8||5555182934||  601.48
2015||8||5555193224|| 1546.30
2015||8||5555270060||  208.51
2015||8||5555270062||  203.94
2015||8||5555270065||  621.82
2015||8||5555271894||  552.94
2015||8||5555272014||  517.04
2015||8||5555273923||  286.34
2015||8||5555273929|| 1095.42
2015||8||5555275595||  475.04
2015||8||5555278935||  604.44
2015||8||5555279095||  921.55
2015||8||5555279331||  310.15
2015||8||5555279433||  293.96
2015||8||5555322685||  713.94
2015||8||5555502075|| 1563.70
2015||8||5555504333||  840.94
2015||8||5555617254||  564.55
2015||8||5555814000||  400.26
2015||8||5555815905|| 1595.11
2015||8||5555862065||  731.43
2015||8||5555899988||  824.00
2015||8||5555934984|| 1549.69
2015||8||5556123711|| 1651.23
2015||8||5556561513||  631.62
2015||8||5556749607||  392.64
2015||8||5557302363|| 1675.59
2015||8||5557363173||  679.47
2015||8||5557493764||  455.14
2015||8||5557650299||  575.68
2015||8||5557843800||  470.38
2015||8||5558211511||  753.92
2015||8||5558226976||  668.56
2015||8||5558238292||  749.35
2015||8||5558300955||  976.36
2015||8||5558377635||  458.19
2015||8||5558422847||  418.39
2015||8||5558552100||  520.69
2015||8||5558704194||  654.49
2015||8||5559386274||  564.90
2015||8||5559710395||  525.26
2015||8||5559827536||  532.88
2015||8||5911005118||  542.53
2015||8||6121257484||  570.85
2015||8||6121287919||  459.71
2015||8||6144101834||  700.22
2015||8||6144230483||  629.00
2015||8||6188114041||  525.47
2015||8||6188173756||  412.46
2015||8||6222243055||  392.64
2015||8||6394676597||  482.58
2015||8||6424226868||  514.80
2015||8||6424228687||  467.43
2015||8||6444122992||  563.37
2015||8||6444130616||  438.58
2015||8||6444130654||  854.53
2015||8||6444175882||  639.25
2015||8||6484620715||  392.64
2015||8||6561728616||  418.39
2015||8||6561728617||  458.02
2015||8||6566154741||  671.61
2015||8||6677127133|| 1146.87
2015||8||6677138689||  561.85
2015||8||6677151667||  522.21
2015||8||6677248424||  711.24
2015||8||6677266109||  645.34
2015||8||6677280298||  651.79
2015||8||6677282455||  613.68
2015||8||6677615040||  703.48
2015||8||6677620028||  598.09
2015||8||6688113265||  645.69
2015||8||6688129122||  594.13
2015||8||6688158030||  804.34
2015||8||6688159843||  479.53
2015||8||6688188281||  538.98
2015||8||6699830788||  733.76
2015||8||7151534319||  394.16
2015||8||7151539840||  -78.95
2015||8||7151568387||  394.16
2015||8||7222157578||  463.94
2015||8||7331101298||  392.64
2015||8||7444037375||  584.37
2015||8||7444500773||  569.12
2015||8||7444837550||  510.02
2015||8||7535324565||  482.23
2015||8||7535411276||  552.94
2015||8||7828233528||  529.84
2015||8||7828248589||  463.94
2015||8||8114256216||  856.30
2015||8||8183726493||  802.82
2015||8||8331621986||  463.94
2015||8||8331900353||  463.94
2015||8||8332126449||  870.95
2015||8||8332127556||  692.60
2015||8||8343122289||  463.94
2015||8||8677123254||  463.94
2015||8||8717113440||  463.94
2015||8||8717129762||  526.44
2015||8||8717308585||  455.14
2015||8||8999220969||  392.64
2015||8||8999221662||  552.94
2015||8||9212122135||  635.02
2015||8||9212124948||  270.89
2015||8||9212126813||  773.74
2015||8||9212129209||  392.64
2015||8||9212140313||  619.78
2015||8||9222229810|| 2115.51
2015||8||9222229943|| 1274.92
2015||8||9222239822||  821.00
2015||8||9242458329||  426.18
2015||8||9511327147||  466.99
2015||8||9511327491||  630.10
2015||8||9515144245||  463.94
2015||8||9515220628|| 1070.17
2015||8||9515222100||  612.39
2015||8||9515536485||  546.26
2015||8||9515621444||  511.20
2015||8||9535208169||  212.26
2015||8||9535300502||  611.81
2015||8||9535324343||  489.73
2015||8||9541150104||  494.43
2015||8||9545240396||  797.72
2015||8||9545432145||  533.20
2015||8||9545432370|| 1603.73
2015||8||9581051653||  537.11
2015||8||9585840078||  637.72
2015||8||9616000304||  709.95
2015||8||9616001868||  463.94
2015||8||9616114243||  889.25
2015||8||9616114699||  203.94
2015||8||9616127485||  499.35
2015||8||9616129204|| 1152.57
2015||8||9626267358||  479.39
2015||8||9626428515||  392.64
2015||8||9712810765|| 1683.60
2015||8||9712810811||  568.18
2015||8||9712813572||  514.25
2015||8||9717110136||  463.94
2015||8||9831271029||  255.44
2015||8||9832850042||  489.85
2015||8||9900601002||-13639.1
2015||8||9933515306||  744.71
2015||8||9933552343|| 1110.63
2015||8||9947218004||  590.78
2015||8||9947218090||  463.94
