B20086720           5214201606257501125109706    84.16      1      0     0.00  0.00 18.00
B20086721           5214201606257502214982439    22.68      1      0    16.00  0.00  2.00
B20086722           521420160625 354312625018    40.74      5      0     0.00  0.00 17.00
B20086723           5214201606257501314704552   107.05      1      0     0.00  0.00  0.00
B20086723           5214201606257501385410000   387.10      1      0     0.00  0.00  0.00
B20086723           5214201606257501871720644   302.23      1      0     0.00  0.00  0.00
B20086723           5214201606257501050625395    19.72     11      0     0.00  0.00  0.00
B20086723           5214201606257501092777212   395.79      1      0     0.00  0.00  0.00
B20088134           5215201606257502213142407   484.94      2      0     0.00  0.00 18.00
B20088135           5215201606257501390910953   192.70      1      0    16.00  0.00 17.00
B20088136           5215201606257501009007401   491.11      1      0     0.00  0.00  0.00
B20088136           5215201606257501328979502    80.70      1      0     0.00  0.00  0.00
B20088136           5215201606257501070600730    64.64      5      0     0.00  0.00  0.00
B20088136           5215201606257501050614849    70.02      1      0     0.00  0.00  0.00
B20088136           5215201606257501318612655    58.00      1      0     0.00  0.00  0.00
B20088136           5215201606257501008465677    52.59      2      0     0.00  0.00  0.00
B20088136           5215201606257501300420053   624.38      1      0     0.00  0.00  0.00
B20088136           5215201606257501072340115    89.63      1      0     0.00  0.00  0.00
B20088136           5215201606257501314701414   182.86      1      0     0.00  0.00  0.00
B20088136           5215201606257501008497074   150.48      1      0     0.00  0.00  0.00
B20088137           5215201606257501142925150   207.81      1      0     0.00  0.00 18.00
B20088137           5215201606257501287670304   456.95      2      0     0.00  0.00 18.00
B20088297           522320160625 714706100901   136.25      2      0     0.00  0.00 18.00
B20088297           5223201606257503008821033   247.68      1      0    16.00 16.66 18.00
B20088297           5223201606257503008821026   154.29      1      0    16.00 16.66 18.00
B20088297           5223201606257501185730568    76.40      1      0     0.00  0.00 18.00
B20088297           5223201606257503008821095    98.80      1      0    16.00 16.66 18.00
B20088297           5223201606257506195102695    41.78      1      0     0.00  0.00 18.00
B20088297           5223201606257501168890180   361.29      1      0     0.00  0.00 18.00
B20088298           5223201606257501201400567   382.05      1      0     0.00  0.00 18.00
B20088298           5223201606257501228300406   147.07      1      0     0.00  0.00 18.00
B20088299           5223201606257501303431001   412.63      1      0     0.00  0.00  0.00
B20088299           5223201606257501034665553    51.04      2      0     0.00  0.00  0.00
B20088299           5223201606257501098603867    86.34      1      0     0.00  0.00  0.00
B20088299           5223201606258430206280180   130.93      1      0    16.00  0.00  0.00
B20088299           5223201606257501300408402   138.13      2      0     0.00  0.00  0.00
B20088299           5223201606257501008485408    22.85      6      0     0.00  0.00  0.00
B20088299           5223201606257501285600334   116.27      1      0     0.00  0.00  0.00
B20088300           5223201606257501035908246    14.80      2      0    16.00  0.00  2.00
B20088300           5223201606257501064560194    32.02      2      0     0.00  0.00  2.00
B20088300           522320160625     75010690     7.64      5      0    16.00  0.00  2.00
B20088722           5223201606257501165002937  1022.12      1      0     0.00  0.00  0.00
B20088301           5224201606257501124812874    80.21      2      0     0.00  0.00 18.00
B20088301           5224201606257501001147563    16.97      1      0     0.00  0.00 18.00
B20088302           5224201606257501165000315    82.77      1      0     0.00  0.00  0.00
B20088302           5224201606257501089804310   210.60      1      0     0.00  0.00  0.00
B20088302           5224201606257501299303016    97.09      1      0     0.00  0.00  0.00
B20088302           5224201606257501008433553    36.05      2      0     0.00  0.00  0.00
B20088303           5224201606257501065041012    22.43      2      0    16.00  0.00  2.00
B20088303           5224201606257501065053121    51.37      1      0     0.00  0.00  2.00
B20088304           5227201606257501298215037    94.73      1      0     0.00  0.00  0.00
B20088304           5227201606258429420084520   258.08      1      0    16.00  0.00  0.00
B20088304           5227201606257501165000230    54.94      1      0     0.00  0.00  0.00
B20088304           5227201606257501092774754   172.71      1      0     0.00  0.00  0.00
B20088304           522720160625 041388284316   116.48      1      0     0.00  0.00  0.00
B20088304           5227201606257501050625395    19.72      1      0     0.00  0.00  0.00
B20088304           5227201606258430308001379   521.47      1      0     0.00  0.00  0.00
B20088304           5227201606257501318610798   419.30      1      0     0.00  0.00  0.00
B20088304           5227201606257501008486528    25.32      1      0    16.00  0.00  0.00
B20088304           5227201606257501092774761   123.64      1      0     0.00  0.00  0.00
B20088304           5227201606257501050600026   244.16      1      0     0.00  0.00  0.00
B20088304           5227201606257501165006386   261.31      2      0     0.00  0.00  0.00
B20088305           5227201606257501293200069   124.77      1      0     0.00  0.00 18.00
B20088305           5227201606257501088507502   350.90      1      0     0.00  0.00 18.00
B20088306           5227201606257502214982514    18.78      6      0    16.00  0.00  2.00
B20088306           5227201606257501086472048    17.38      1      0    16.00  0.00  2.00
B20088306           5227201606257501035908246    14.80      3      0    16.00  0.00  2.00
B20088306           5227201606254005808837472    23.60      9      0    16.00  0.00  2.00
B20088306           5227201606257896009490651    72.08      2      0    16.00  0.00  2.00
B20088306           5227201606257501001157296    14.29      3      0    16.00  0.00  2.00
B20088307           5227201606257501287678034   176.39      1      0     0.00  0.00 18.00
B20088276           5228201606257501318673205   156.88      1      0     0.00  0.00  0.00
B20088276           5228201606257501298217611   211.12      2      0     0.00  0.00  0.00
B20088276           5228201606257501159580182   123.48      1      0     0.00  0.00  0.00
B20088276           5228201606257501008485316    20.06      6      0     0.00  0.00  0.00
B20088276           5228201606257501086301041    84.18      1      0     0.00  0.00  0.00
B20088276           5228201606257501298281209    38.90      1      0     0.00  0.00  0.00
B20088276           5228201606257501070635411   153.18      1      0     0.00  0.00  0.00
B20088276           5228201606257501008409503    88.26      1      0     0.00  0.00  0.00
B20088276           5228201606257501050624640    56.15      1      0     0.00  0.00  0.00
B20088276           522820160625 008400005229   223.22      1      0     0.00  0.00  0.00
B20088276           5228201606257501037905588   499.71      2      0     0.00  0.00  0.00
B20088276           5228201606257501318685499  1518.10      1      0     0.00  0.00  0.00
B20088276           522820160625 650240028335    37.18      1      0    16.00  0.00  0.00
B20088276           5228201606257501050617079    28.61      1      0     0.00  0.00  0.00
B20088276           5228201606257501050608688   368.90      1      0     0.00  0.00  0.00
B20088276           522820160625 650240006623    35.76      3      0    16.00  0.00  0.00
B20088276           5228201606257501298205038   428.34      1      0     0.00  0.00  0.00
B20088276           5228201606257501070617745    95.36      6      0     0.00  0.00  0.00
B20088276           522820160625 650240015366    34.49      1      0     0.00  0.00  0.00
B20088276           5228201606257501159580014   119.48      1      0     0.00  0.00  0.00
B20088276           5228201606257501034670021    84.09      1      0     0.00  0.00  0.00
B20088277           5228201606257502013010463     8.31      1      0    16.00  0.00  2.00
B20088277           5228201606257501086453221   127.23      1      0    16.00  0.00  2.00
B20088277           5228201606255900273001566    16.06      4      0    16.00  0.00  2.00
B20088277           5228201606257502013010449     3.97      3      0    16.00  0.00  2.00
B20088277           5228201606257501035911567    10.73     11      0    16.00  0.00  2.00
B20088277           5228201606257501054500063    16.15      1      0    16.00  0.00  2.00
B20088277           5228201606257509546009179    15.22      1      0    16.00  0.00  2.00
B20088278           522820160625 736085280098   257.92      1      0     0.00  0.00 18.00
B20088278           522820160625 736085405422    73.20      1      0     0.00  0.00 18.00
B20088278           5228201606257501094910723   350.94      1      0     0.00  0.00 18.00
B20088278           522820160625 736085280005   343.02      1      0    16.00  0.00 18.00
B20088278           5228201606257503007704573   161.00      1      0     0.00  0.00 18.00
B20088279           522820160625     75009328    33.33      1      0     0.00  0.00 18.00
B20088279           5228201606257501287688361   667.51      1      0     0.00  0.00 18.00
B20088279           5228201606257501287660312    66.85      1      0     0.00  0.00 18.00
B20088279           5228201606257501050612524   556.81      1      0     0.00  0.00 18.00
B20088280           5228201606257501122966203   177.86      1      0     0.00  0.00 17.00
B20088280           5228201606257501390912551   277.16      1      0    16.00  0.00 17.00
B20088280           5228201606257503007704504   190.00      1      0     0.00  0.00 17.00
B20088280           5228201606257703332003314   175.20      1      0    16.00  0.00 17.00
B20088280           522820160625 354312225164    32.39      1      0     0.00  0.00 17.00
B20088280           5228201606257502235760078   227.00      1      0    16.00  0.00 17.00
B20088281           5230201606257501125110702    29.60      1      0     0.00  0.00 18.00
B20088281           523020160625 675873002071   114.48      2      0    16.00  0.00 18.00
B20088281           5230201606257501088617553   672.72      1      0     0.00  0.00 18.00
B20088282           5230201606257502250340736    15.64      1      0    16.00  0.00 17.00
B20088282           5230201606257501390912551   277.16      6      0    16.00  0.00 17.00
B20088283           5230201606257501050612357   504.00      1      0     0.00  0.00  0.00
B20088283           5230201606257501070617745    95.36      2      0     0.00  0.00  0.00
B20088283           5230201606257501088505355    41.80      5      0     0.00  0.00  0.00
B20088283           5230201606257501098603867    86.34      3      0     0.00  0.00  0.00
B20088283           5230201606257501070612368   114.80      1      0     0.00  0.00  0.00
B20088283           5230201606257501050600293   181.50      1      0     0.00  0.00  0.00
B20088283           5230201606257501298228006   238.60      1      0     0.00  0.00  0.00
B20088283           5230201606257501298221397   108.97      1      0     0.00  0.00  0.00
B20088283           5230201606257501298204987   353.65      1      0     0.00  0.00  0.00
B20088283           5230201606257501070615277   338.10      1      0     0.00  0.00  0.00
B20088283           5230201606257501008433553    36.05      1      0     0.00  0.00  0.00
B20088283           5230201606257501088509773    82.00      3      0     0.00  9.09  0.00
B20088283           5230201606257501088559211    56.00      1      0     0.00  9.09  0.00
B20088283           5230201606257501050610629   159.60      1      0     0.00  0.00  0.00
B20088283           5230201606257501300407160   308.13      2      0     0.00  0.00  0.00
B20088283           5230201606257501299330180    42.56      9      0     0.00  0.00  0.00
B20088283           5230201606257501070613044   103.68      6      0     0.00  0.00  0.00
B20088283           5230201606257501050623766    49.72      6      0     0.00  0.00  0.00
B20088284           5230201606257501287610478    55.72      6      0     0.00  0.00 18.00
B20088284           5230201606257501070903176   153.07      2      0     0.00  0.00 18.00
B20088285           5230201606257501023108191    48.69      1      0    16.00  0.00  2.00
B20088285           5230201606257702018913640    34.70      4      0    16.00  0.00  2.00
B20088285           5230201606257501035911567    10.73     14      0    16.00  0.00  2.00
B20088285           5230201606257501023104223    28.60      1      0    16.00  0.00  2.00
B20088285           5230201606255900273001566    16.06      3      0    16.00  0.00  2.00
B20088285           523020160625     75001865    17.13      9      0    16.00  0.00  2.00
B20088285           5230201606257501048941001     7.70      1      0    16.00  0.00  2.00
B20088285           5230201606254005808837472    23.60      2      0    16.00  0.00  2.00
B20088285           5230201606257502214982439    22.68      1      0    16.00  0.00  2.00
B20088285           523020160625     75001858    24.50      1      0    16.00  0.00  2.00
B20088286           5235201606257501258200028   172.95      1      0     0.00  0.00 18.00
B20088286           5235201606257501001258030    62.23      1      0     0.00  0.00 18.00
B20088286           5235201606257501124815219    62.06      5      0     0.00  0.00 18.00
B20088286           5235201606257501088617355   358.69      1      0     0.00  0.00 18.00
B20088286           5235201606257501125110702    29.60      1      0     0.00  0.00 18.00
B20088287           523520160625 300090050139   201.64      1      0     0.00  0.00 18.00
B20088287           5235201606257501050610704   294.00      1      0     0.00  0.00 18.00
B20088288           5235201606253594456400103   341.00      2      0     0.00  0.00  0.00
B20088288           5235201606257501050624572    47.83      5      0     0.00  0.00  0.00
B20088288           523520160625 891671002277   294.44      2      0     0.00  0.00  0.00
B20088288           5235201606257501318608900    61.71      1      0     0.00  0.00  0.00
B20088288           5235201606257501101614026   118.00      1      0     0.00  0.00  0.00
B20088288           5235201606257501033923234   271.79      1      0     0.00  0.00  0.00
B20088288           5235201606257501092799030   234.20      1      0     0.00  0.00  0.00
B20088288           5235201606257501328980119   248.44      1      0     0.00  0.00  0.00
B20088288           5235201606257501082212136   975.46      2      0     0.00  0.00  0.00
B20088288           5235201606257501088559129    74.30      1      0     0.00  9.09  0.00
B20088288           5235201606257501008409510    63.06      1      0     0.00  0.00  0.00
B20088288           5235201606257501008485408    22.85      1      0     0.00  0.00  0.00
B20088289           5235201606257501035908246    14.80      2      0    16.00  0.00  2.00
B20088289           5235201606257896009400148    72.08      1      0    16.00  0.00  2.00
B20088289           5235201606257501048621002    29.73      1      0    16.00 10.00  2.00
B20088289           5235201606257702003477270    23.79      2      0    16.00  0.00  2.00
B20088289           5235201606257501035915121    13.95      6      0    16.00  0.00  2.00
B20086716           5236201606257502209290181   474.47      2      0     0.00  0.00 18.00
B20086716           523620160625 736085048063   315.97      1      0     0.00  0.00 18.00
B20086717           5236201606257501201400710   349.09      1      0    16.00  0.00 18.00
B20086717           5236201606257502224228916   242.67      1      0    16.00  0.00 18.00
B20086718           523620160625     75001858    24.50      2      0    16.00  0.00  2.00
B20086718           5236201606257501086453221   127.23      1      0    16.00  0.00  2.00
B20086718           5236201606257502214982439    22.68      1      0    16.00  0.00  2.00
B20086718           5236201606255900273001566    16.06      2      0    16.00  0.00  2.00
B20086719           5236201606257501008427347    42.35      1      0     0.00  0.00  0.00
B20086719           5236201606257501314704552   107.05      2      0     0.00  0.00  0.00
B20086719           5236201606257501072300157    74.65      1      0     0.00  0.00  0.00
B20086719           5236201606257501050620338   196.53      1      0     0.00  0.00  0.00
B20086719           5236201606257501088542855   110.00      1      0     0.00  0.00  0.00
B20086719           5236201606257501008485033    39.79      1      0     0.00  0.00  0.00
B20086719           5236201606257501314704743   146.99      1      0     0.00  0.00  0.00
B20088290           5237201606257501168861104   128.25      1      0     0.00  0.00 18.00
B20088290           5237201606257501124311100    37.13      1      0     0.00  0.00 18.00
B20088290           5237201606257501070903510   109.77      1      0     0.00  0.00 18.00
B20088291           523720160625 354312625018    40.74      1      0     0.00  0.00 17.00
B20088291           5237201606257501390912551   277.16      1      0    16.00  0.00 17.00
B20088292           5237201606257501314702640   157.77      1      0     0.00  0.00  0.00
B20088292           5237201606257501318657304    98.88      2      0     0.00  0.00  0.00
B20088292           5237201606253594456400103   341.00      6      0     0.00  0.00  0.00
B20088292           5237201606257501070612368   114.80      1      0     0.00  0.00  0.00
B20088292           5237201606257501318661110    80.31      2      0     0.00  0.00  0.00
B20088292           5237201606257501314706228   155.39      1      0     0.00  0.00  0.00
B20088292           5237201606257501583300325   375.87      2      0     0.00  0.00  0.00
B20088292           523720160625 008400001313    35.61      1      0     0.00  0.00  0.00
B20088292           5237201606257501082201406   555.83      1      0     0.00  0.00  0.00
B20088292           5237201606257501300408136   295.00      1      0     0.00  0.00  0.00
B20088292           5237201606257501324402585   179.00      1      0     0.00  0.00  0.00
B20088292           5237201606257501328979496    79.47      1      0     0.00  0.00  0.00
B20088292           5237201606257501165008120    19.79      1      0    16.00  0.00  0.00
B20088293           5237201606257501035911567    10.73      4      0    16.00  0.00  2.00
B20088293           5237201606257502214982484    18.78      1      0    16.00  0.00  2.00
B20088294           5241201606257501287622402    71.41      2      0     0.00  0.00 18.00
B20088295           5241201606257501034665553    51.04      1      0     0.00  0.00  0.00
B20088295           5241201606257501082212143   278.87      2      0     0.00  0.00  0.00
B20088295           5241201606257501165005624   606.90      2      0     0.00  0.00  0.00
B20088295           5241201606257501050625395    19.72      2      0     0.00  0.00  0.00
B20088296           5241201606257800005082024    39.24      1      0    16.00  0.00  2.00
B20088296           5241201606257509546009179    15.22      2      0    16.00  0.00  2.00
B20088296           5241201606254005808802814    18.13      1      0    16.00  0.00  2.00
B20088296           5241201606257501054500063    16.15      6      0    16.00  0.00  2.00
B20088296           5241201606257501086472048    17.38      1      0    16.00  0.00  2.00
B20086004           5243201606257501168810508   402.29      1      0     0.00  0.00 18.00
B20086004           524320160625 714706100604    22.24      6      0     0.00  0.00 18.00
B20086004           5243201606257506295337454   137.53      2      0    16.00  0.00 18.00
B20086005           5243201606257501390913794   198.44      1      0     0.00  0.00 17.00
B20086006           5243201606257501086301041    84.18      2      0     0.00  0.00  0.00
B20086006           524320160625 650240009518    35.76      2      0    16.00  0.00  0.00
B20086006           5243201606257501008496152    49.92      2      0     0.00  0.00  0.00
B20086006           5243201606257501050625395    19.72      6      0     0.00  0.00  0.00
B20086006           5243201606257501008465684   244.67     15      0     0.00  0.00  0.00
B20086006           5243201606257501072340092   104.29      2      0     0.00  0.00  0.00
B20086007           5243201606257502214982439    22.68      2      0    16.00  0.00  2.00
B20086008           5243201606257501287630124    99.96      1      0     0.00  0.00 18.00
N2704035            5373201606257501092777212   395.79      1      0     0.00  0.00  0.00
N2704035            5373201606257502013010470     4.32      8      0    16.00  0.00  2.00
N2704035            5373201606257501877651720     2.58     16      0    16.00  0.00  2.00
N2704036            5374201606255033439034211   250.51      1      0     0.00  0.00  0.00
N2704036            5374201606257501050624008    14.53      1      0    16.00  0.00  0.00
N2704036            5374201606250020800600347    28.21      2      0    16.00  0.00  2.00
N2704036            5374201606257891024123485    41.80      1      0    16.00  0.00  2.00
N2704036            5374201606257501877651720     2.58      5      0    16.00  0.00  2.00
N2703403            5397201606257501050611657   198.78      2      0     0.00  0.00 18.00
N2703403            5397201606257501406870097    84.42      1      0    16.00  0.00 17.00
N2703404            5397201606257896116880567   270.63      1      0     0.00  0.00  0.00
N2703404            5397201606257501065054128    32.04      1      0     0.00  0.00  2.00
N2703404            5397201606257501082201307   317.35      1      0     0.00  0.00  0.00
N2703404            539720160625 008400004574   192.71      1      0     0.00  0.00  0.00
N2703404            5397201606254005808837472    23.60      1      0    16.00  0.00  2.00
N2703404            5397201606257501008486504    16.64      1      0    16.00  0.00  0.00
N2703404            5397201606257501001157296    14.29      2      0    16.00  0.00  2.00
N2703404            5397201606257501008465592    66.56      1      0     0.00  0.00  0.00
N2703404            5397201606257501318649071   130.84      1      0     0.00  0.00  0.00
N2703404            5397201606257501318634732    78.07      1      0     0.00  0.00  0.00
N2703404            5397201606257501318620162   211.16      2      0     0.00  0.00  0.00
N2703404            5397201606257702003469305    18.36      1      0    16.00  0.00  2.00
N2703404            5397201606257501009070092   207.70      1      0     0.00  0.00  0.00
N2703404            5397201606257501877651720     2.58     20      0    16.00  0.00  2.00
N2703404            5397201606257501314703920   186.43      2      0     0.00  0.00  0.00
N2703405            539720160625 382903267798    34.77      1      0    16.00  0.00 18.00
N2703406            5398201606257501050617611   884.75      1      0     0.00  0.00 18.00
N2703406            5398201606257501287688224   257.61      1      0     0.00  0.00 18.00
N2703407            5398201606257501318657274    93.68      1      0     0.00  0.00  0.00
N2703407            5398201606257502013010470     4.32      2      0    16.00  0.00  2.00
N2703407            5398201606257501008485408    22.85      1      0     0.00  0.00  0.00
N2703407            5398201606258020030091252   432.00      1      0     0.00  0.00  0.00
N2703407            5398201606257501298211442    63.83      1      0     0.00  0.00  0.00
N2703407            5398201606257501101620027   271.00      1      0     0.00  0.00  0.00
N2703407            5398201606257501008497074   150.48      1      0     0.00  0.00  0.00
N2703407            5398201606257501092772354    83.08      1      0     0.00  0.00  0.00
D11633519           543120160625 736085126006   202.97      1      0     0.00  0.00 18.00
D11633520           5431201606257501201400659   457.34      1      0    16.00  0.00 18.00
D11633521           5431201606257501088542756    76.00      1      0     0.00  0.00  0.00
D11633521           5431201606257501298215099    51.82      6      0     0.00  0.00  0.00
D11633521           5431201606257501070617745    95.36      1      0     0.00  0.00  0.00
D11633522           543120160625  99176369141    13.12      9      0    16.00  0.00  2.00
D11633522           543120160625  37000394945    29.64      2      0    16.00  0.00  2.00
M2373470            5447201606257501400800625    40.92      1      0     0.00  0.00 18.00
M2373471            5447201606257501287687203   622.35      2      0     0.00  0.00 18.00
M2373472            5447201606257501008486559    34.73      1      0    16.00  0.00  0.00
M2373472            5447201606257501008496152    49.92      2      0     0.00  0.00  0.00
M2373472            5447201606257501086301041    84.18      2      0     0.00  0.00  0.00
M2373472            5447201606257501871720828   382.40      1      0     0.00  0.00  0.00
