B19654332           5228201604167501298222738   129.00      1      0    16.00  0.00  0.00
B19654333           5230201604167501298222738   129.00      1      0    16.00  0.00  0.00
B19654334           5235201604167501298222738   129.00      1      0    16.00  0.00  0.00
B19654335           5237201604167501298222738   129.00      1      0    16.00  0.00  0.00
B19653129           5243201604167501298222738   129.00      1      0    16.00  0.00  0.00
M2293454            5447201604167501384502324   186.83      1      0     0.00  0.00  2.00
M2293454            5447201604167501125113659   346.80      1      0     0.00  0.00  2.00
M2293454            5447201604167501009007081  1035.82      1      0     0.00  0.00  0.00
M2293454            5447201604167501328979106   957.41      1      0     0.00  0.00  0.00
M2293454            5447201604167501293200144   577.38      1      0     0.00  0.00  2.00
M2293454            544720160416 300090017125   801.40      1      0     0.00  0.00  2.00
M2293454            5447201604167501050610001   459.54      1      0     0.00  0.00  2.00
M2293454            544720160416 300090094119   944.65      1      0     0.00  0.00  2.00
M2293454            5447201604167501125113611   344.50      1      0     0.00  0.00  2.00
M2293454            544720160416     75018344   201.96      1      0     0.00  0.00  0.00
M2293454            5447201604167501384502065   288.59      1      0     0.00  0.00  2.00
M2293454            5447201604167501072340382   162.55      1      0     0.00  0.00  0.00
M2293454            5447201604167501293200304   768.71      1      0     0.00  0.00  2.00
M2293454            5447201604167501009004592  1229.45      1      0     0.00  0.00  0.00
M2293454            5447201604167501009007111   278.05      1      0     0.00  0.00  0.00
M2293454            544720160416 300090055097   384.30      1      0     0.00  0.00  2.00
M2293454            544720160416 300090090333  1292.58      1      0     0.00  0.00  2.00
M2293454            5447201604167501125152627   185.81      1      0     0.00  0.00  2.00
M2293454            5447201604167501094912437   726.12      1      0     0.00  0.00  2.00
M2293454            5447201604167501384502218   325.16      1      0     0.00  0.00  2.00
M2293454            5447201604167501293201226   368.14      1      0     0.00  0.00  2.00
M2293663            5447201604167501034645012   110.25      1      0     0.00  9.09  0.00
M2293663            5447201604167501043163637   224.93      1      0     0.00  0.00  0.00
M2293663            5447201604167501174600117    20.17      1      0     0.00  0.00  0.00
M2293663            5447201604167501072300157    74.65      1      0     0.00  0.00  0.00
M2293663            5447201604167501300408693   145.00      1      0     0.00  0.00  0.00
M2293663            5447201604167501070600556    68.48      1      0     0.00  0.00  0.00
M2293663            5447201604167501008485033    39.79      1      0     0.00  0.00  0.00
M2293663            5447201604167501095452130    77.76      2      0     0.00  4.00  2.00
M2293663            5447201604167501871720750   363.34      1      0     0.00  0.00  0.00
M2293663            5447201604167501409201072   225.51      1      0     0.00  0.00  0.00
M2293663            5447201604167501088507922   227.50      1      0     0.00  0.00  0.00
M2293663            5447201604167501300408709   267.50      1      0     0.00  0.00  0.00
M2293663            5447201604167501050606578   208.75      1      0     0.00  0.00  0.00
M2293663            5447201604167501318670877   436.42      1      0     0.00  0.00  0.00
M2293663            5447201604167501314704934   279.65      1      0     0.00  0.00  0.00
M2293663            5447201604167501871720774   166.74      1      0     0.00  0.00  0.00
M2293663            5447201604167501318606203   188.85      1      0     0.00  0.00  0.00
M2293663            5447201604167501328980119   248.44      1      0     0.00  0.00  0.00
M2293663            5447201604167501092774839   467.10      1      0     0.00  0.00  0.00
M2293663            5447201604167501303451559   478.77      1      0     0.00  0.00  0.00
M2293663            5447201604167501043111706   195.17      1      0     0.00  0.00  0.00
M2293663            5447201604167501008485408    22.85      2      0     0.00  0.00  0.00
M2293663            5447201604167501043162326    75.48      1      0    16.00  2.00  2.00
M2293663            5447201604168430206280180   130.93      1      0    16.00  0.00  0.00
M2293663            5447201604167501070612856   235.90      1      0     0.00  0.00  0.00
M2293663            5447201604167501318634701   163.58      1      0     0.00  0.00  0.00
M2293663            5447201604167501298204987   340.05      1      0     0.00  0.00  0.00
M2293663            5447201604167501314703616   247.38      1      0     0.00  0.00  0.00
M2293663            5447201604168430206280289   148.17      1      0    16.00  0.00  0.00
M2293663            544720160416 650240006678    98.52      2      0     0.00  0.00  0.00
M2293663            5447201604164005808225958    31.44      4      0    16.00  0.00  2.00
M2293663            5447201604167501043162074   132.66      1      0    16.00  2.00  2.00
M2293663            5447201604167501094916640   658.81      1      0     0.00  0.00  0.00
M2293663            5447201604167703331157025   337.52      1      0     0.00  0.00  0.00
M2293663            5447201604167501871720965   446.05      1      0     0.00  0.00  0.00
M2293663            5447201604167501070637279   196.48      2      0    16.00  0.00  0.00
M2293663            5447201604167501299307687   303.24      1      0     0.00  0.00  0.00
M2293663            5447201604167501050625395    19.72      1      0     0.00  0.00  0.00
M2293663            5447201604167501314701650   487.59      1      0     0.00  0.00  0.00
M2293663            5447201604167503006698316    84.93      2      0    16.00  0.00  0.00
M2293663            5447201604167501101649660   314.00      1      0     0.00  0.00  0.00
M2293663            5447201604168430206280197   106.14      1      0    16.00  0.00  0.00
M2293663            5447201604167501303437003   250.57      1      0     0.00  0.00  0.00
M2293663            5447201604167501314701612   433.81      1      0     0.00  0.00  0.00
M2293663            5447201604167501314703623   412.30      1      0     0.00  0.00  0.00
M2293663            5447201604167501065060587    27.58      2      0     0.00  0.00  2.00
M2293663            5447201604167501070613044   103.68      1      0     0.00  0.00  0.00
M2293663            5447201604167501037908534   271.79      1      0     0.00  0.00  0.00
M2293663            5447201604167501050617055    32.91      1      0     0.00  0.00  0.00
M2293663            5447201604167703331157001   291.44      1      0     0.00  0.00  0.00
M2293663            5447201604167501314704743   146.99      1      0     0.00  0.00  0.00
M2293663            544720160416 301320010206    72.62      1      0     0.00  0.00  0.00
M2293663            5447201604164005808225941    31.44      3      0    16.00  0.00  2.00
M2293663            5447201604167501094916848   861.25      1      0     0.00  0.00  0.00
M2293663            544720160416 650240011351    60.40      2      0     0.00  0.00  0.00
M2293663            5447201604167501298213989   252.64      1      0     0.00  0.00  0.00
M2293663            5447201604165033439034211   250.51      1      0     0.00  0.00  0.00
M2293663            5447201604167501037907117   101.70      2      0     0.00  9.09  0.00
M2293663            5447201604167501300407160   308.13      1      0     0.00  0.00  0.00
M2293663            5447201604167501086310418   138.75      1      0     0.00  0.00  0.00
M2293663            5447201604167501298217253    40.93      2      0    16.00  0.00  0.00
M2293663            5447201604167501318661110    80.31      1      0     0.00  0.00  0.00
M2293663            5447201604167501314701322   554.28      1      0     0.00  0.00  0.00
M2293663            5447201604167501299306734   133.00      1      0     0.00  0.00  0.00
M2293663            5447201604167502257270067   460.56      1      0     0.00  0.00  0.00
M2293663            5447201604167501033957871   502.42      1      0     0.00  0.00  0.00
M2293663            5447201604167501070601171   245.00      1      0     0.00  0.00  0.00
M2293663            5447201604167501318628441   216.22      1      0     0.00  0.00  0.00
M2293663            5447201604167501298217697   191.61      1      0     0.00  0.00  0.00
M2293663            5447201604167501298217673   120.19      1      0     0.00  0.00  0.00
M2293663            5447201604167501318608788  1125.57      1      0     0.00  0.00  0.00
M2293663            5447201604168430308001379   506.28      1      0     0.00  0.00  0.00
M2293663            5447201604168429420008571   114.76      1      0    16.00  0.00  0.00
M2293663            5447201604167501037905588   499.71      1      0     0.00  0.00  0.00
M2293663            5447201604167501082242409  1576.64      1      0     0.00  0.00  0.00
M2293663            5447201604167501299330036   196.84      1      0     0.00  0.00  0.00
M2293663            5447201604167501303442601   307.79      1      0     0.00  0.00  0.00
M2293663            5447201604167501082242720   865.70      1      0     0.00  0.00  0.00
M2293663            5447201604167503014492043   429.55      1      0     0.00  5.00  0.00
M2293663            5447201604167501098610049    70.00      1      0     0.00  0.00  0.00
M2293663            5447201604167501088504655   315.09      1      0     0.00  0.00  2.00
M2293663            5447201604167501298221823   173.89      1      0     0.00  0.00  0.00
M2293663            5447201604167501318605602   319.30      1      0     0.00  0.00  0.00
M2293663            544720160416 650240028335    37.18      1      0    16.00  0.00  0.00
M2293663            5447201604167501043101011   740.22      1      0     0.00  0.00  0.00
M2293663            5447201604167501300407023    82.50      1      0     0.00  0.00  0.00
M2293663            5447201604167501050624008    14.53      1      0    16.00  0.00  0.00
M2293663            5447201604167501034667090   536.38      1      0     0.00  9.09  0.00
M2293663            5447201604167501314704347    93.24      1      0     0.00  0.00  0.00
M2293663            5447201604167501061010005   528.08      1      0     0.00  0.00  0.00
M2293663            5447201604167501098621175   180.00      1      0     0.00  0.00  0.00
M2293663            5447201604167501088559211    56.00      1      0     0.00  0.00  0.00
M2293663            5447201604167501101623769   211.00      1      0     0.00  0.00  0.00
M2293663            5447201604167501070612320   107.80      1      0     0.00  0.00  0.00
M2293663            5447201604167501314704040   207.94      1      0     0.00  0.00  0.00
M2293663            5447201604167501298265100   173.11      1      0     0.00  0.00  0.00
M2293663            5447201604167501318661530   414.84      1      0     0.00  0.00  0.00
M2293663            5447201604167501094913229   440.15      1      0     0.00  0.00  0.00
M2293663            5447201604167501094912116   347.74      1      0     0.00  0.00  0.00
M2293663            5447201604167501314704330    93.24      1      0     0.00  0.00  0.00
M2293663            5447201604167501324402585   179.00      1      0     0.00  0.00  0.00
M2293663            5447201604167501043162487   281.57      1      0     0.00  0.00  0.00
M2293663            5447201604167501064550751   305.46      1      0     0.00  0.00  0.00
M2293663            5447201604167501318610798   419.30      1      0     0.00  0.00  0.00
M2293663            5447201604167501037908022   169.43      2      0     0.00  9.09  0.00
M2293663            5447201604167501092743033   229.62      1      0     0.00  0.00  0.00
M2293663            5447201604167501088542756    76.00      1      0     0.00  0.00  0.00
M2293663            5447201604167501298269009   237.74      1      0     0.00  0.00  0.00
M2293663            5447201604167501064550652   176.72      1      0     0.00  0.00  0.00
M2293663            5447201604167501061002109   259.39      1      0     0.00  0.00  0.00
M2293663            5447201604167501050600026   244.16      1      0     0.00  0.00  0.00
M2293663            5447201604167501088505256    73.50      1      0     0.00  0.00  0.00
M2293663            5447201604167501070613549    89.57      1      0     0.00  0.00  0.00
M2293663            5447201604167501050623629   179.20      1      0     0.00  0.00  0.00
M2293663            5447201604167501314705313   291.12      1      0     0.00  0.00  0.00
M2293663            5447201604167501070612832   233.80      1      0     0.00  0.00  0.00
M2293663            5447201604167501088505706    41.20      1      0     0.00  0.00  0.00
M2293663            5447201604167501300409713   201.25      1      0     0.00  0.00  0.00
M2293663            5447201604167501298234809    72.36      1      0     0.00  0.00  0.00
M2293663            5447201604167501070612955   381.50      1      0     0.00  0.00  0.00
M2293663            5447201604167501037910063   274.29      1      0     0.00  0.00  0.00
M2293663            5447201604167501050699723   275.80      1      0     0.00  0.00  0.00
M2293663            5447201604167501385410000   387.10      1      0     0.00  0.00  0.00
M2293663            5447201604167501298234908   112.92      1      0     0.00  0.00  0.00
M2293663            5447201604167501298234700   149.98      1      0     0.00  0.00  0.00
M2293663            5447201604167501092772415   231.59      1      0     0.00  0.00  0.00
M2293663            5447201604167501092743057   187.10      1      0     0.00  0.00  0.00
M2293663            5447201604167501072300102   254.10      1      0     0.00  0.00  0.00
M2293663            5447201604167501299300275    89.11      1      0     0.00  0.00  0.00
M2293663            5447201604167501072340092   104.29      1      0     0.00  0.00  0.00
M2293663            5447201604167501314701766   307.34      1      0     0.00  0.00  0.00
M2293663            5447201604167501385420238   151.90      1      0     0.00  0.00  0.00
M2293663            5447201604167501298253008   197.71      1      0     0.00  0.00  0.00
M2293663            5447201604167501299306765   211.47      1      0     0.00  0.00  0.00
M2293663            5447201604167501088542855   110.00      1      0     0.00  0.00  0.00
M2293663            544720160416 891671002277   294.44      1      0     0.00  0.00  0.00
M2293663            5447201604167501299301203   125.68      1      0     0.00  0.00  0.00
M2293663            5447201604167501034667083   224.02      2      0     0.00  9.09  0.00
M2293663            5447201604167501165000308    52.26      1      0     0.00  0.00  0.00
M2293663            5447201604167501328979564   446.92      1      0     0.00  0.00  0.00
M2293663            5447201604167501159551014   416.42      1      0     0.00  0.00  0.00
M2293663            5447201604167501314703227   258.16      1      0     0.00  0.00  0.00
M2293663            5447201604167501101627224   175.00      1      0     0.00  0.00  0.00
M2293663            5447201604167501070612368   114.80      1      0     0.00  0.00  0.00
M2293663            5447201604167501092743064   181.21      1      0     0.00  0.00  0.00
M2293663            5447201604164104480706196   256.88      2      0     0.00  0.00  0.00
M2293663            5447201604167501082242751   448.42      1      0     0.00  0.00  0.00
M2293663            5447201604167501298221830   137.67      1      0     0.00  0.00  0.00
M2293663            5447201604167501298221397   108.97      2      0     0.00  0.00  0.00
M2293663            544720160416 650240029028    69.05      2      0     0.00  0.00  0.00
M2293663            5447201604167501034691668    63.35      2      0     0.00  0.00  0.00
M2293663            544720160416 650240027789    51.77      1      0     0.00  0.00  0.00
M2293663            5447201604167501300407863   144.38      1      0     0.00  0.00  0.00
M2293663            5447201604167501065053138    51.37      1      0     0.00  0.00  2.00
M2293663            5447201604167501314706228   155.39      1      0     0.00  0.00  0.00
M2293663            5447201604167501008443194    20.06      2      0     0.00  0.00  0.00
M2293663            5447201604167501008496152    49.92      1      0     0.00  0.00  0.00
M2293663            544720160416 650240015366    34.49      2      0     0.00  0.00  0.00
M2293663            5447201604167501008494226    31.10      2      0     0.00  0.00  0.00
M2293663            5447201604167501318644335    49.13      1      0     0.00  0.00  0.00
M2293663            5447201604167501298205205   163.11      1      0     0.00  0.00  0.00
M2293663            5447201604167501072300133    47.67      1      0     0.00  0.00  0.00
M2293663            5447201604167501300407283   112.50      1      0     0.00  0.00  0.00
M2293663            5447201604167501871720644   268.64      1      0     0.00  0.00  0.00
M2293663            5447201604167501318620186   770.20      1      0     0.00  0.00  0.00
M2293663            5447201604167501871720828   331.41      1      0     0.00  0.00  0.00
M2293663            5447201604167501008485057    39.79      1      0     0.00  0.00  0.00
M2293663            5447201604167501008485316    20.06      2      0     0.00  0.00  0.00
M2293664            5447201604167501001147600    16.97      2      0     0.00  0.00 18.00
M2293664            5447201604167501250838724   382.16      1      0     0.00  4.76 18.00
M2293664            5447201604167501001147587    16.97      1      0     0.00  0.00 18.00
M2293664            5447201604167501125109904    88.87      1      0     0.00 14.28 18.00
M2293664            5447201604167501088617904    64.39      2      0     0.00  7.00 18.00
M2293664            5447201604167501070903336   153.07      1      0     0.00  0.00 18.00
M2293664            5447201604167501094916985   499.68      1      0     0.00  0.00 18.00
M2293664            5447201604167501250810621   928.36      1      0     0.00 23.07 18.00
M2293664            5447201604167501124813192   422.80      1      0     0.00  0.00 18.00
M2293664            5447201604167501250838946   923.20      1      0     0.00  4.76 18.00
M2293664            5447201604167501250810898   494.60      1      0     0.00  4.76 18.00
M2293664            5447201604167501250838656   532.89      1      0     0.00  4.76 18.00
M2293664            5447201604167501293200274   117.46      1      0     0.00  7.00 18.00
M2293664            5447201604167501070903459   153.07      1      0     0.00 13.04 18.00
M2293664            5447201604167501088507601   475.71      1      0     0.00  0.00 18.00
M2293664            5447201604167501125103520    26.82      1      0     0.00 25.00 18.00
M2293664            5447201604167501124103118   212.25      1      0     0.00  0.00 18.00
M2293664            5447201604167501125106231   412.28      1      0     0.00 14.28 18.00
M2293664            5447201604167501250822174   532.08      1      0     0.00  4.76 18.00
M2293664            5447201604167501250838588   517.42      1      0     0.00  4.76 18.00
M2293664            544720160416 020800755719    55.76      1      0     0.00  0.00 18.00
M2293664            5447201604167501124815851  1119.68      1      0     0.00  0.00 18.00
M2293664            5447201604167501124855208   325.88      1      0     0.00  7.00 18.00
M2293664            5447201604167501249603166   233.05      1      0     0.00  9.09 18.00
M2293664            5447201604167590002037843    44.57      1      0     0.00  0.00 18.00
M2293664            5447201604167501124814588   103.65      1      0     0.00  0.00 18.00
M2293664            5447201604167501385494918   685.60      1      0     0.00  0.00 18.00
M2293664            5447201604167501400800403    57.76      1      0     0.00  0.00 18.00
M2293664            5447201604167502213144012   219.27      1      0     0.00  0.00 18.00
M2293664            5447201604167501094910457   135.20      1      0     0.00  0.00 18.00
M2293664            5447201604167501094917029   499.68      1      0     0.00  0.00 18.00
M2293664            5447201604167501088606908   477.40      1      0     0.00  0.00 18.00
M2293664            5447201604167501250810614   485.22      1      0     0.00 23.07 18.00
M2293664            5447201604167501124813987   828.06      1      0     0.00  0.00 18.00
M2293664            5447201604167501250810881   485.63      1      0     0.00  4.76 18.00
M2293664            544720160416 020800756440    44.55      1      0     0.00  0.00 18.00
M2293664            5447201604167501125135460    84.60      1      0     0.00 12.50 18.00
M2293664            5447201604167501125118296   342.81      1      0     0.00 12.50 18.00
M2293664            5447201604167501293201806   177.63      1      0     0.00  3.00 18.00
M2293664            5447201604167501109760541    34.75      1      0     0.00 16.66 18.00
M2293664            5447201604167501001147594    16.97      1      0     0.00  0.00 18.00
M2293664            5447201604167501125118913   222.53      1      0     0.00 14.28 18.00
M2293664            5447201604167501250813295   981.05      1      0     0.00  4.76 18.00
M2293664            544720160416 714706901607    22.24      1      0     0.00  0.00 18.00
M2293664            5447201604167501250822228   370.75      1      0     0.00  4.76 18.00
M2293664            544720160416     75014032    64.39      2      0     0.00 16.00 18.00
M2293664            5447201604167501094916671   986.82      1      0     0.00  0.00 18.00
M2293664            5447201604167501124815899  1394.59      1      0     0.00  0.00 18.00
M2293664            5447201604167501094917593   580.73      1      0     0.00  0.00 18.00
M2293664            5447201604167501587010404   259.80      1      0     0.00  0.00 18.00
M2293664            5447201604167501250839967  1038.90      1      0     0.00  4.76 18.00
M2293664            5447201604167501088504532   121.98      1      0     0.00  0.00 18.00
M2293664            5447201604167501124100704   169.63      1      0     0.00  9.09 18.00
M2293664            5447201604167501088507625   309.29      1      0     0.00  0.00 18.00
M2293664            5447201604167501124103279   136.27      1      0     0.00  0.00 18.00
M2293664            5447201604167501080912083   127.24      2      0    16.00  7.00 18.00
M2293664            5447201604167501124763022   353.66      1      0     0.00  0.00 18.00
M2293664            5447201604167501125126031   192.08      1      0     0.00 12.50 18.00
M2293665            5447201604167501326004947   973.68      1      0     0.00  0.00 18.00
M2293665            544720160416     75004996   156.49      1      0     0.00 23.07 17.00
M2293665            5447201604167501108712138   185.84      1      0     0.00  0.00 18.00
M2293665            5447201604167501108712237   753.04      1      0     0.00  0.00 18.00
M2293665            5447201604167501108765585    83.60      2      0     0.00  0.00 18.00
M2293665            5447201604167501287670038   741.16      1      0     0.00  0.00 18.00
M2293665            5447201604167501033956775    27.92      1      0     0.00 29.40 17.00
M2293665            5447201604167501390912582   273.88      2      0     0.00  0.00 17.00
M2293665            5447201604167502235760146   158.00      1      0     0.00  5.00 17.00
M2293665            5447201604167501287611055   425.15      1      0     0.00  0.00 18.00
M2293665            5447201604167501123014101   209.16      1      0     0.00 20.00 17.00
M2293665            5447201604167501050610490   677.52      1      0     0.00  0.00 18.00
M2293665            5447201604167501050610674   209.92      1      0     0.00  0.00 18.00
M2293665            5447201604167501033954078    42.89      1      0    16.00 11.00 17.00
M2293665            5447201604167501057002120   243.08      1      0     0.00  0.00 18.00
M2293665            5447201604167501287688231   814.04      1      0     0.00  0.00 18.00
M2293665            5447201604167501326000888   719.98      1      0     0.00  0.00 18.00
M2293665            5447201604167501033956638    26.13      1      0     0.00 24.41 17.00
M2293665            5447201604167502216930186   386.11      1      0     0.00  9.09 18.00
M2293665            5447201604167501590233043    80.85      1      0     0.00 50.00 17.00
M2293665            5447201604167501287688200   231.85      1      0     0.00  0.00 18.00
M2293665            5447201604167506205802713   516.85      1      0     0.00  0.00 17.00
M2293665            5447201604167501122900801   186.12      1      0     0.00 23.07 17.00
M2293665            5447201604167501201400352   688.90      1      0     0.00  0.00 18.00
M2293665            5447201604163499320001878   202.44      1      0     0.00  0.00 17.00
M2293665            5447201604167501287688224   257.61      1      0     0.00  0.00 18.00
M2293665            5447201604167501108712213   701.47      1      0     0.00  0.00 18.00
M2293665            5447201604167501390910991   320.62      1      0     0.00  0.00 17.00
M2293665            5447201604167501108765592   100.32      2      0     0.00  0.00 18.00
M2293665            5447201604167501287678171   184.59      1      0     0.00  0.00 18.00
M2293665            5447201604167501123015405   122.97      1      0     0.00 20.00 17.00
M2293665            5447201604167501050610438   300.33      1      0     0.00  0.00 18.00
M2293665            5447201604167501287670335   760.65      1      0     0.00  0.00 18.00
M2293665            5447201604167501326008402  1011.99      1      0     0.00  0.00 18.00
M2293665            5447201604167501287670311   753.27      1      0     0.00  0.00 18.00
M2293665            5447201604167501124103323   155.12      1      0     0.00  9.09 18.00
M2293665            5447201604167501409201102   582.83      1      0     0.00  0.00 18.00
M2293665            5447201604167501033956331    44.02      1      0    16.00 10.00 17.00
M2293665            5447201604167501033956690    27.92      1      0     0.00 29.40 17.00
M2293835            5447201604167501082208306   394.01      1      0     0.00  0.00  0.00
M2293835            5447201604167501165002937  1022.12      1      0     0.00  0.00  0.00
