B20046067           5214201606187501258200028   172.95      2      0     0.00  0.00 18.00
B20046067           5214201606180382903201754    46.76      2      0    16.00  0.00 18.00
B20046067           521420160618 382903249145    37.85      2      0    16.00  0.00 18.00
B20046068           5214201606187501037908572   191.59      1      0     0.00  0.00  0.00
B20046068           5214201606187501300409584   183.75      1      0     0.00  0.00  0.00
B20046068           5214201606187501008409541    37.98      1      0     0.00  0.00  0.00
B20046068           5214201606187501328976051   250.38      2      0     0.00  0.00  0.00
B20046068           5214201606187501089804099   255.96      1      0     0.00  0.00  0.00
B20046068           5214201606187501088559211    56.00      1      0     0.00  9.09  0.00
B20046068           5214201606187501082212143   278.87      1      0     0.00  0.00  0.00
B20046068           5214201606187501050606288    74.25      5      0     0.00  0.00  0.00
B20046068           5214201606187501050600293   181.50      2      0     0.00  0.00  0.00
B20046068           5214201606187501050608558   299.60      1      0     0.00  0.00  0.00
B20046068           5214201606187501008486504    16.64      5      0    16.00  0.00  0.00
B20046068           521420160618 650240010538    21.52      3      0     0.00  0.00  0.00
B20046068           5214201606187501092776413   246.63      2      0     0.00  0.00  0.00
B20046068           5214201606187501318612655    58.00      6      0     0.00  0.00  0.00
B20046069           5214201606180020800600347    28.21      1      0    16.00  0.00  2.00
B20046069           5214201606187891024123485    41.80      5      0    16.00  0.00  2.00
B20046069           5214201606187896009490651    72.08     11      0    16.00  0.00  2.00
B20046069           521420160618 729513100655    38.78      1      0    16.00  0.00  2.00
B20046069           5214201606187501281200101     3.94      3      0    16.00  0.00  2.00
B20046070           5214201606187501287688224   257.61      2      0     0.00  0.00 18.00
B20045958           521520160618 354312625018    40.74      1      0     0.00  0.00 17.00
B20045959           5215201606187501289500012   240.66      1      0     0.00  0.00  0.00
B20045959           5215201606187501098603867    86.34      2      0     0.00  0.00  0.00
B20045959           521520160618 008400002198    44.96      2      0     0.00  0.00  0.00
B20045959           521520160618 650240011351    60.40      3      0     0.00  0.00  0.00
B20045959           521520160618 650240005398    64.39      3      0     0.00  0.00  0.00
B20045959           5215201606187501008465592    66.56      1      0     0.00  0.00  0.00
B20045959           5215201606187501082242744   314.18      2      0     0.00  0.00  0.00
B20045959           5215201606187501300408556   295.00      1      0     0.00  0.00  0.00
B20045959           5215201606187501300407054    67.50      3      0     0.00  0.00  0.00
B20045959           5215201606187891106904353   234.64      1      0     0.00  0.00  0.00
B20045959           521520160618 650240028335    37.18      3      0    16.00  0.00  0.00
B20045959           5215201606187501318657274    93.68      1      0     0.00  0.00  0.00
B20045959           5215201606187501298244907   343.95      1      0     0.00  0.00  0.00
B20045959           5215201606187501298244709   180.02      1      0     0.00  0.00  0.00
B20045959           5215201606187501299301364    77.81      1      0     0.00  0.00  0.00
B20045959           521520160618 650240001314   258.39      2      0     0.00  0.00  0.00
B20045959           5215201606187501037911152   118.72      1      0     0.00  0.00  0.00
B20045959           5215201606187501165000193   119.12      2      0     0.00  0.00  0.00
B20045959           5215201606187501092793052    67.38      2      0     0.00  0.00  0.00
B20045959           5215201606187501088507922   227.50      2      0     0.00  0.00  0.00
B20045959           5215201606187501299301579   242.06      2      0     0.00  0.00  0.00
B20045959           5215201606187501088505157    92.70      2      0     0.00  0.00  0.00
B20045960           5215201606187896009490651    72.08      5      0    16.00  0.00  2.00
B20045961           5215201606187501124814984    45.67      2      0     0.00  0.00 18.00
B20045961           5215201606187501250810300   281.44      1      0     0.00  9.09 18.00
B20045961           5215201606187501088507502   350.90      1      0     0.00  0.00 18.00
B20045961           5215201606187501088507106   545.58      1      0     0.00  0.00 18.00
B20047228           5223201606187501070903688   213.08      1      0     0.00  0.00 18.00
B20047229           5223201606187501050617055    32.91      1      0     0.00  0.00  0.00
B20047229           5223201606187501092786016   155.05      1      0     0.00  0.00  0.00
B20047229           5223201606187501072300133    47.67      1      0     0.00  0.00  0.00
B20047229           522320160618 650240004292    16.01      2      0    16.00  0.00  0.00
B20047230           5223201606187501035908246    14.80      1      0    16.00  0.00  2.00
B20047230           5223201606187501035911567    10.73      3      0    16.00  0.00  2.00
B20047230           522320160618 729513132212   138.29      2      0    16.00 20.00  2.00
B20047230           5223201606187896009400148    72.08      1      0    16.00  0.00  2.00
B20047230           522320160618  37000394945    29.64      2      0    16.00  0.00  2.00
B20047230           5223201606187501001157296    14.29     11      0    16.00  0.00  2.00
B20047231           5223201606187501050611657   198.78      1      0     0.00  0.00 18.00
B20047231           5223201606187501050610681   196.38      1      0     0.00  0.00 18.00
B20047232           5224201606187501417001749    41.67      1      0    16.00  0.00 18.00
B20047232           522420160618 736085171051   203.21      1      0     0.00  0.00 18.00
B20047233           5224201606187501050610681   196.38      1      0     0.00  0.00 18.00
B20047233           5224201606187501287630131   157.31      1      0     0.00  0.00 18.00
B20047234           5224201606187501318612655    58.00      5      0     0.00  0.00  0.00
B20047234           5224201606187501082242737   224.21      1      0     0.00  0.00  0.00
B20047234           5224201606187501008496701    21.36      1      0     0.00  0.00  0.00
B20047234           5224201606187501088509773    82.00      2      0     0.00  9.09  0.00
B20047235           5227201606187501287630506   131.85      2      0     0.00  0.00 18.00
B20047235           5227201606187501326001977  1259.09      1      0     0.00  0.00 18.00
B20047236           5227201606187501300409881   132.50      2      0     0.00  0.00  0.00
B20047236           5227201606187501328976051   250.38      1      0     0.00  0.00  0.00
B20047236           5227201606187501008485316    20.06      1      0     0.00  0.00  0.00
B20047236           5227201606187501303444001   149.43      2      0     0.00  0.00  0.00
B20047236           5227201606187501299300251    75.81      1      0     0.00  0.00  0.00
B20047236           5227201606187501303458503   199.25      1      0     0.00  0.00  0.00
B20047236           522720160618 650240007828    16.01      1      0    16.00  0.00  0.00
B20047236           522720160618 650240010453    43.13      1      0     0.00  0.00  0.00
B20047236           522720160618 650240007750    29.73      1      0    16.00  0.00  0.00
B20047236           522720160618 891671002277   294.44      1      0     0.00  0.00  0.00
B20047236           5227201606187501008486559    34.73      2      0    16.00  0.00  0.00
B20047236           5227201606187501314701766   307.34      1      0     0.00  0.00  0.00
B20047236           5227201606187501092793052    67.38      1      0     0.00  0.00  0.00
B20047236           5227201606187501088508929    58.70      2      0     0.00  9.09  0.00
B20047237           5227201606184005808837472    23.60      1      0    16.00  0.00  2.00
B20047237           5227201606187896009490651    72.08      3      0    16.00  0.00  2.00
B20047237           5227201606187702003477270    23.79      2      0    16.00  0.00  2.00
B20047237           5227201606187502214982484    18.78      1      0    16.00  0.00  2.00
B20047237           5227201606187502214982538    21.61      1      0    16.00  0.00  2.00
B20047237           5227201606187501035908246    14.80      5      0    16.00  0.00  2.00
B20047237           5227201606187501054500063    16.15      1      0    16.00  0.00  2.00
B20047209           5228201606183282770505320    75.10      1      0    16.00  9.09 17.00
B20047209           5228201606187503013040900   375.11      1      0     0.00  0.00 17.00
B20047210           522820160618 736085051063   255.98      1      0     0.00  0.00 18.00
B20047210           522820160618     75004088   141.98      1      0     0.00  0.00 18.00
B20047210           5228201606187501088604058   604.76      2      0     0.00  0.00 18.00
B20047210           5228201606187501001147594    16.97     12      0     0.00  0.00 18.00
B20047210           5228201606187502213143176   374.74      1      0     0.00  0.00 18.00
B20047211           5228201606187501088505003    38.50      2      0     0.00  0.00  0.00
B20047211           522820160618 008400004536   184.57      1      0     0.00  0.00  0.00
B20047211           5228201606187501050617055    32.91      3      0     0.00  0.00  0.00
B20047211           5228201606187501008409510    63.06      2      0     0.00  0.00  0.00
B20047211           5228201606187501050625395    19.72     20      0     0.00  0.00  0.00
B20047211           5228201606187501314703616   247.38      1      0     0.00  0.00  0.00
B20047211           5228201606183594450700421   985.00      1      0     0.00  0.00  0.00
B20047211           5228201606187501092720263   174.02      1      0    16.00  0.00  0.00
B20047211           5228201606187501088505447   124.50      1      0     0.00 16.66  0.00
B20047211           5228201606187501088505430    67.00      1      0     0.00 16.66  0.00
B20047211           5228201606187501324402868   448.00      1      0     0.00  0.00  0.00
B20047211           5228201606187501298234809    75.98      1      0     0.00  0.00  0.00
B20047211           5228201606187501318612655    58.00      2      0     0.00  0.00  0.00
B20047211           5228201606187501098610049    70.00      2      0     0.00  0.00  0.00
B20047212           5228201606187502013010449     3.97      6      0    16.00  0.00  2.00
B20047212           5228201606187501035911567    10.73     10      0    16.00  0.00  2.00
B20047212           5228201606180020800600347    28.21      1      0    16.00  0.00  2.00
B20047212           5228201606187501065045225    24.00      1      0    16.00  0.00  2.00
B20047212           5228201606187502013010463     8.31      2      0    16.00  0.00  2.00
B20047212           5228201606187501065053367    78.61      1      0     0.00  0.00  2.00
B20047212           5228201606187501035911031    20.20      2      0    16.00  0.00  2.00
B20047213           5228201606187501201401557   614.29      1      0     0.00  0.00 18.00
B20047214           523020160618 714706100604    22.24      1      0     0.00  0.00 18.00
B20047214           5230201606187501417001749    41.67      1      0    16.00  0.00 18.00
B20047214           5230201606187501073025585     5.07     32      0    16.00  0.00 18.00
B20047215           5230201606187501318645295   110.55      2      0     0.00  0.00  0.00
B20047215           5230201606187501318645080    81.23     11      0     0.00  0.00  0.00
B20047215           5230201606187501324403070   191.00      1      0     0.00  0.00  0.00
B20047215           5230201606187501298209067   296.29      2      0     0.00  0.00  0.00
B20047215           5230201606187501299301999   139.65      2      0     0.00  0.00  0.00
B20047215           5230201606187501314702640   157.77      1      0     0.00  0.00  0.00
B20047215           5230201606187501008465622    58.43      2      0     0.00  0.00  0.00
B20047215           5230201606187501089802989   280.58      1      0     0.00  0.00  0.00
B20047215           5230201606187501092708049   119.72      1      0     0.00  0.00  0.00
B20047215           5230201606187501082212143   278.87      1      0     0.00  0.00  0.00
B20047215           5230201606187501328976051   250.38      1      0     0.00  0.00  0.00
B20047215           5230201606187501050617055    32.91      2      0     0.00  0.00  0.00
B20047215           5230201606187501070615277   338.10      1      0     0.00  0.00  0.00
B20047215           5230201606187501328975788   123.56      5      0     0.00  0.00  0.00
B20047215           5230201606187501061002703    29.30      1      0     0.00  0.00  0.00
B20047215           5230201606187501165000360    84.98      1      0     0.00  0.00  0.00
B20047215           5230201606187501008443033    20.06      1      0     0.00  0.00  0.00
B20047215           5230201606187501088505355    41.80      1      0     0.00  0.00  0.00
B20047215           5230201606187501328979502    80.70      1      0     0.00  0.00  0.00
B20047215           5230201606187501072310392    57.88      2      0     0.00  0.00  0.00
B20047215           5230201606187501088509773    82.00      2      0     0.00  9.09  0.00
B20047215           5230201606187501165007956   573.66      2      0    16.00  0.00  0.00
B20047215           5230201606187501289500012   240.66      1      0     0.00  0.00  0.00
B20047215           5230201606187501165006386   261.31      1      0     0.00  0.00  0.00
B20047215           5230201606187501070618995   211.83      1      0     0.00  0.00  0.00
B20047215           5230201606187501300407160   308.13      1      0     0.00  0.00  0.00
B20047215           5230201606187501098610049    70.00      1      0     0.00  0.00  0.00
B20047215           5230201606187501314703920   186.43      1      0     0.00  0.00  0.00
B20047215           523020160618 008400001313    35.61     26      0     0.00  0.00  0.00
B20047215           5230201606187501033957499   152.08      1      0     0.00  0.00  0.00
B20047215           5230201606187501318612655    58.00      1      0     0.00  0.00  0.00
B20047215           5230201606187501299330180    42.56      1      0     0.00  0.00  0.00
B20047216           5230201606187502209290921   549.56      1      0     0.00  0.00 17.00
B20047217           5230201606187702018913640    34.70      5      0    16.00  0.00  2.00
B20047217           5230201606187501035911567    10.73     18      0    16.00  0.00  2.00
B20047217           5230201606187896009490651    72.08      1      0    16.00  0.00  2.00
B20047217           5230201606187896009400148    72.08      2      0    16.00  0.00  2.00
B20047217           523020160618     75001872    10.17      1      0    16.00  0.00  2.00
B20047217           5230201606185900273001566    16.06      4      0    16.00  0.00  2.00
B20047217           5230201606187501035911079    29.44      1      0    16.00  0.00  2.00
B20047217           5230201606187509546009179    15.22      2      0    16.00  0.00  2.00
B20047217           5230201606187501035908253    28.03      1      0    16.00  0.00  2.00
B20047218           5230201606187501228300406   147.07      2      0     0.00  0.00 18.00
B20047218           523020160618     75009328    33.33      1      0     0.00  0.00 18.00
B20047456           5230201606187501082208702   637.11      1      0     0.00  0.00  0.00
B20047219           523520160618 736085280005   343.02      1      0    16.00  0.00 18.00
B20047219           5235201606187503008821026   154.29      2      0    16.00 16.66 18.00
B20047219           5235201606187501417004764    89.29      5      0    16.00  0.00 18.00
B20047220           5235201606187703281001454   279.20      1      0    16.00  0.00 17.00
B20047221           5235201606187501108765585    87.36      1      0     0.00  0.00 18.00
B20047221           523520160618 300055501331    89.71      2      0     0.00  0.00 18.00
B20047222           5235201606187501299300275    89.11      1      0     0.00  0.00  0.00
B20047222           5235201606187501318657274    93.68      1      0     0.00  0.00  0.00
B20047222           5235201606187501300408402   138.13      2      0     0.00  0.00  0.00
B20047222           5235201606187501050617055    32.91     14      0     0.00  0.00  0.00
B20047222           5235201606187501008485408    22.85      8      0     0.00  0.00  0.00
B20047222           5235201606187501092772415   243.36      1      0     0.00  0.00  0.00
B20047222           5235201606187501318645080    81.23      1      0     0.00  0.00  0.00
B20047222           5235201606183594456400103   341.00      1      0     0.00  0.00  0.00
B20047222           5235201606187501088579615    78.50      1      0     0.00  9.09  0.00
B20047222           5235201606187501871720644   302.23      2      0     0.00  0.00  0.00
B20047222           523520160618 008400001313    35.61      1      0     0.00  0.00  0.00
B20047222           5235201606187501050606288    74.25      1      0     0.00  0.00  0.00
B20047222           5235201606187501008485033    39.79      2      0     0.00  0.00  0.00
B20047222           523520160618 891671002277   294.44      1      0     0.00  0.00  0.00
B20047222           5235201606187501008497074   150.48      2      0     0.00  0.00  0.00
B20047223           5235201606187501035908246    14.80      1      0    16.00  0.00  2.00
B20047223           5235201606187501035911567    10.73      1      0    16.00  0.00  2.00
B20047223           5235201606185900273001566    16.06      2      0    16.00  0.00  2.00
B20047223           5235201606187501035915121    13.95      2      0    16.00  0.00  2.00
B20047223           5235201606187501035911062    11.41      2      0    16.00  0.00  2.00
B20047223           5235201606187509546000343    16.46     12      0    16.00  0.00  2.00
B20047223           523520160618     75001872    10.17      1      0    16.00  0.00  2.00
B20046059           5236201606187501001147587    16.97      2      0     0.00  0.00 18.00
B20046059           5236201606187501124817718   103.65      2      0     0.00  0.00 18.00
B20046060           5236201606187501122966203   177.86      1      0     0.00  0.00 17.00
B20046061           5236201606187501050661201    38.44      1      0     0.00  0.00  0.00
B20046061           5236201606187501298217673   120.19      2      0     0.00  0.00  0.00
B20046061           5236201606187501314701322   554.28      1      0     0.00  0.00  0.00
B20046061           5236201606187501165007611    95.77      1      0    16.00  0.00  0.00
B20046061           5236201606187501314701711    96.81      2      0     0.00  0.00  0.00
B20046061           5236201606187501008496701    21.36      1      0     0.00  0.00  0.00
B20046061           5236201606187501385491085   172.90      1      0     0.00  0.00  0.00
B20046061           5236201606187501088559112    58.80      1      0     0.00  9.09  0.00
B20046062           5236201606187896009490651    72.08     11      0    16.00  0.00  2.00
B20046062           5236201606187509546000343    16.46      2      0    16.00  0.00  2.00
B20046062           5236201606187702018913640    34.70      1      0    16.00  0.00  2.00
B20047224           5237201606187501228300390   140.07      1      0     0.00  0.00 18.00
B20047224           5237201606187502216931220   175.74      1      0     0.00 10.00 18.00
B20047225           5237201606187896009400148    72.08      2      0    16.00  0.00  2.00
B20047225           5237201606187891010020927    45.92     12      0    16.00  0.00  2.00
B20047226           523720160618 020800753067    44.55      1      0     0.00  0.00 18.00
B20047227           5237201606187501088579707    81.80      1      0     0.00  9.09  0.00
B20047227           5237201606187501088509773    82.00      6      0     0.00  9.09  0.00
B20047227           5237201606187501174600117    20.17      2      0     0.00  0.00  0.00
B20047227           5237201606187501314701414   182.86      1      0     0.00  0.00  0.00
B20047227           5237201606187501299330180    42.56      2      0     0.00  0.00  0.00
B20047227           5237201606187501008426944    74.52      2      0     0.00  0.00  0.00
B20047227           5237201606187501101623769   211.00      1      0     0.00  0.00  0.00
B20047227           5237201606187501165000360    84.98      2      0     0.00  0.00  0.00
B20047227           5237201606187501328978710   101.33      2      0     0.00  0.00  0.00
B20047227           5237201606187501300408402   138.13      1      0     0.00  0.00  0.00
B20047227           5237201606187501092760016   223.08      2      0     0.00  0.00  0.00
B20047227           5237201606187501088505003    38.50      6      0     0.00  0.00  0.00
B20047227           5237201606187501061002703    29.30      1      0     0.00  0.00  0.00
B20046063           524120160618 382903267798    34.77      2      0    16.00  0.00 18.00
B20046063           5241201606187502209290105   366.31      1      0     0.00  0.00 18.00
B20046064           5241201606187501287688224   257.61      1      0     0.00  0.00 18.00
B20046065           5241201606187503002057698    89.26      5      0     0.00  0.00  2.00
B20046065           5241201606187501043162289   160.89      1      0    16.00  0.00  2.00
B20046065           5241201606187501086472048    17.38      1      0    16.00  0.00  2.00
B20046065           5241201606187509546000343    16.46      9      0    16.00  0.00  2.00
B20046065           5241201606187501035911062    11.41     15      0    16.00  0.00  2.00
B20046066           5241201606187501299300367   113.72      5      0     0.00  0.00  0.00
B20046066           5241201606187501070634810   224.70      1      0     0.00  0.00  0.00
B20046066           5241201606187501092793052    67.38      2      0     0.00  0.00  0.00
B20046066           5241201606187501008485316    20.06      2      0     0.00  0.00  0.00
B20046066           5241201606187501088505003    38.50      2      0     0.00  0.00  0.00
B20046066           524120160618 008400004536   184.57      1      0     0.00  0.00  0.00
B20046066           5241201606187501050625395    19.72      2      0     0.00  0.00  0.00
B20046066           5241201606187501050614849    70.02      2      0     0.00  0.00  0.00
B20044822           5243201606187501050619943    39.74      2      0     0.00  0.00  0.00
B20044822           5243201606187501318644335    49.13      1      0     0.00  0.00  0.00
B20044822           5243201606187501050615617    28.98      6      0    16.00  0.00  0.00
B20044822           5243201606187501092793038   143.92      1      0     0.00  0.00  0.00
B20044822           5243201606187501082242058  1776.13      6      0     0.00  0.00  0.00
B20044822           5243201606187501871720774   186.03      1      0     0.00  0.00  0.00
B20044822           5243201606187501088509773    82.00      1      0     0.00  9.09  0.00
B20044822           5243201606187501050625395    19.72      2      0     0.00  0.00  0.00
B20044822           5243201606187501092720263   174.02      1      0    16.00  0.00  0.00
B20044822           5243201606187501298234700   154.48      1      0     0.00  0.00  0.00
B20044822           5243201606187501314703333   185.10      1      0     0.00  0.00  0.00
B20044822           5243201606187501385410000   387.10      1      0     0.00  0.00  0.00
B20044823           5243201606187501201400352   688.90      1      0     0.00  0.00 18.00
B20044823           5243201606187502224228787  1614.17      1      0    16.00  0.00 18.00
B20044823           5243201606187501124103590   516.88      1      0    16.00  0.00 18.00
B20044824           5243201606187502001631120    12.32      1      0     0.00  0.00  2.00
B20044824           5243201606187896009490651    72.08      6      0    16.00  0.00  2.00
B20044824           5243201606187501001164003    29.01      1      0    16.00  0.00  2.00
B20044824           5243201606187891010020927    45.92      2      0    16.00  0.00  2.00
B20044824           524320160618     75010690     7.64      2      0    16.00  0.00  2.00
B20044825           5243201606187501124311100    37.13      2      0     0.00  0.00 18.00
N2693707            537320160618 736085405040    77.59      1      0     0.00  0.00 18.00
N2693708            5373201606187501285600334   116.27      1      0     0.00  0.00  0.00
N2693708            5373201606187501050611220    39.60      1      0     0.00  0.00  0.00
N2693708            5373201606187501877651720     2.58      3      0    16.00  0.00  2.00
N2693709            5373201606187502224225021   131.45      1      0    16.00  0.00 18.00
N2693710            5374201606187501326001144   495.99      1      0     0.00  0.00 18.00
N2693711            5374201606187501124311100    37.13      1      0     0.00  0.00 18.00
N2693711            537420160618 020800753067    44.55      1      0     0.00  0.00 18.00
N2693711            537420160618 020800753050    74.35      1      0     0.00  0.00 18.00
N2693712            5374201606180020800600347    28.21      1      0    16.00  0.00  2.00
N2693712            5374201606187501035911567    10.73     14      0    16.00  0.00  2.00
N2693712            5374201606187501072300133    47.67      2      0     0.00  0.00  0.00
N2693712            5374201606187501877651720     2.58      3      0    16.00  0.00  2.00
N2693712            5374201606187501088505485   113.50      1      0     0.00 16.66  0.00
N2693149            5397201606187501008443033    20.06      2      0     0.00  0.00  0.00
N2693149            5397201606187501314703920   186.43      1      0     0.00  0.00  0.00
N2693149            5397201606187501318612655    58.00      1      0     0.00  0.00  0.00
N2693149            5397201606187501318657304    98.88      1      0     0.00  0.00  0.00
N2693149            5397201606187501877651720     2.58      1      0    16.00  0.00  2.00
N2693150            539720160618 736085405668   383.66      1      0     0.00  0.00 18.00
N2693151            5398201606187501108762157   131.78      1      0     0.00  0.00 18.00
N2693152            5398201606187502209290105   366.31      1      0     0.00  0.00 18.00
N2693152            5398201606187501070903510   109.77      1      0     0.00  0.00 18.00
N2693152            539820160618 736085105032    86.04      1      0     0.00  0.00 18.00
N2693152            5398201606187501417001749    41.67      1      0    16.00  0.00 18.00
N2693153            5398201606187501318645295   110.55      1      0     0.00  0.00  0.00
N2693153            5398201606187501318626522   311.51      1      0     0.00  0.00  0.00
N2693153            5398201606187501046464519   141.64      1      0     0.00  0.00  0.00
N2693153            5398201606187501092772385   153.74      1      0     0.00  0.00  0.00
N2693153            5398201606187501201340016   190.90      1      0     0.00  0.00  0.00
N2693153            539820160618 650240010491    77.69      1      0     0.00  0.00  0.00
N2693153            5398201606187702003477270    23.79      2      0    16.00  0.00  2.00
N2693153            5398201606187501008465646    73.77      1      0     0.00  0.00  0.00
N2693153            5398201606187501385491085   172.90      1      0     0.00  0.00  0.00
N2693153            539820160618     75001858    24.50      1      0    16.00  0.00  2.00
N2693153            5398201606188430308015109   177.83      1      0     0.00  0.00  0.00
N2693153            5398201606187501046461488   150.82      1      0     0.00  0.00  0.00
N2693153            5398201606187501008485316    20.06      1      0     0.00  0.00  0.00
N2693153            5398201606187501008494226    31.10      1      0     0.00  0.00  0.00
N2693153            5398201606187501023104018    28.60      1      0    16.00  0.00  2.00
N2693153            5398201606187501082212143   278.87      1      0     0.00  0.00  0.00
N2693153            5398201606187501050606288    74.25      8      0     0.00  0.00  0.00
N2693153            5398201606187896009490651    72.08      2      0    16.00  0.00  2.00
N2693153            539820160618     75001865    17.13      1      0    16.00  0.00  2.00
N2693153            5398201606187501065045225    24.00      1      0    16.00  0.00  2.00
M2365753            5447201606187502241942048   265.01      2      0     0.00  0.00  0.00
M2365978            5447201606187501001147563    16.97      2      0     0.00  0.00 18.00
M2365978            5447201606188027950210183   272.24      9      0     0.00  0.00 18.00
M2365979            5447201606187501318657526   197.77      1      0     0.00  0.00  0.00
M2365979            5447201606187501314702701   354.94      1      0     0.00  0.00  0.00
M2365979            5447201606187501082203318   342.93      1      0     0.00  0.00  0.00
M2365979            5447201606187501101698453   365.80      1      0     0.00  0.00  0.00
M2365979            5447201606187501318646360   136.80      1      0     0.00  0.00  0.00
M2365979            5447201606187501298204987   353.65      1      0     0.00  0.00  0.00
M2365979            5447201606187501314707638    25.09      1      0     0.00  0.00  0.00
M2365979            5447201606187501300408693   145.00      1      0     0.00  0.00  0.00
M2365979            544720160618 650240006678    98.52      1      0     0.00  0.00  0.00
M2365979            5447201606187501300407160   308.13      1      0     0.00  0.00  0.00
M2365979            5447201606187501298217611   211.12      2      0     0.00  0.00  0.00
B20044849          44533201606187501089809902    79.70      1      0     0.00  0.00  0.00
B20044850          44533201606187501001157296    14.29      2      0    16.00  0.00  2.00
B20044850          44533201606187501035908246    14.80      1      0    16.00  0.00  2.00
