B20057974           2766201606217501088505003    38.50      1      0     0.00  0.00  0.00
B20058581           5214201606217501124814984    45.67      1      0     0.00  0.00 18.00
B20058582           5214201606217501035911017    28.90      5      0    16.00  0.00  2.00
B20058583           5214201606217501299306130    94.43      2      0     0.00  0.00  0.00
B20058583           5214201606217501061009603    70.28      1      0     0.00  0.00  0.00
B20058583           5214201606217501008465660    52.59      2      0     0.00  0.00  0.00
B20059222           5215201606217503013040863   203.10      1      0     0.00  0.00 17.00
B20059223           5215201606217501314704248    81.50      1      0     0.00  0.00  0.00
B20059223           5215201606217501314704385   186.43      1      0     0.00  0.00  0.00
B20059223           5215201606217501298269009   244.87      2      0     0.00  0.00  0.00
B20059224           5215201606217502004531441     4.72     20      0    16.00 10.00  2.00
B20059224           5215201606217501035908123    17.57      1      0    16.00  0.00  2.00
B20059224           521520160621 729513133042    44.33      1      0    16.00  0.00  2.00
B20059224           5215201606217891010020927    45.92      2      0    16.00  0.00  2.00
B20060566           5223201606217501124810993    86.76      3      0     0.00  0.00 18.00
B20060567           5223201606217501124103323   155.12      1      0     0.00  6.00 18.00
B20060567           5223201606217501124109929   155.12      1      0     0.00  0.00 18.00
B20060567           5223201606217501050610674   209.92      1      0     0.00  0.00 18.00
B20060567           5223201606217501287688231   814.04      1      0     0.00  0.00 18.00
B20060568           5223201606217501318609020    66.16      2      0     0.00  0.00  0.00
B20060568           5223201606217501061002802    29.30      1      0     0.00  0.00  0.00
B20060568           5223201606217501318634701   163.58      2      0     0.00  0.00  0.00
B20060568           5223201606217501008427347    42.35      5      0     0.00  0.00  0.00
B20060568           5223201606217501008433676    28.53      5      0     0.00  0.00  0.00
B20060568           5223201606217501050606288    74.25      5      0     0.00  0.00  0.00
B20060568           5223201606217501050613453    37.50      2      0     0.00  0.00  0.00
B20060568           5223201606217501037908510   236.58      1      0     0.00  0.00  0.00
B20060568           5223201606217501165008700    43.15      2      0    16.00  0.00  0.00
B20060568           5223201606217501165009523    56.02      1      0    16.00  0.00  0.00
B20060569           5223201606217501048941001     7.70      6      0    16.00  0.00  2.00
B20060569           5223201606217502214982514    18.78      1      0    16.00  0.00  2.00
B20060570           5224201606217502214982538    21.61      1      0    16.00  0.00  2.00
B20060571           5227201606217506295337454   137.53      1      0    16.00  0.00 18.00
B20060572           5227201606217891010020927    45.92      2      0    16.00  0.00  2.00
B20060572           5227201606217509546000985    11.71      1      0    16.00  0.00  2.00
B20060572           522720160621  37000394969    30.72      5      0    16.00  0.00  2.00
B20060572           522720160621     75010690     7.64      3      0    16.00  0.00  2.00
B20060572           5227201606217502214982538    21.61      1      0    16.00  0.00  2.00
B20060572           5227201606217503002057698    89.26      5      0     0.00  0.00  2.00
B20060573           5227201606217502224225021   131.45      2      0    16.00  0.00 18.00
B20060574           522720160621 650240010538    21.52      5      0     0.00  0.00  0.00
B20060574           522720160621 650240004292    16.01      1      0    16.00  0.00  0.00
B20060574           522720160621 650240010712    53.58      2      0     0.00  0.00  0.00
B20060574           522720160621 650240009525    35.76      5      0    16.00  0.00  0.00
B20060574           5227201606217501092793052    67.38      2      0     0.00  0.00  0.00
B20060574           5227201606217501328979366   130.18      2      0     0.00  0.00  0.00
B20060574           5227201606217501092760016   223.08      1      0     0.00  0.00  0.00
B20060574           5227201606217501300409911   354.38      2      0     0.00  0.00  0.00
B20060574           5227201606217501008485057    39.79      3      0     0.00  0.00  0.00
B20060574           5227201606217501299301326    91.77      1      0     0.00  0.00  0.00
B20060574           5227201606217501034665553    51.04      1      0     0.00  0.00  0.00
B20060554           522820160621 736085126006   202.97      1      0     0.00  0.00 18.00
B20060554           5228201606217501417004764    89.29      2      0    16.00  0.00 18.00
B20060554           522820160621 736085132069    50.32     10      0     0.00  0.00 18.00
B20060554           5228201606217501001116187    88.07      5      0     0.00  0.00 18.00
B20060554           522820160621 736085278507    48.21      5      0     0.00  0.00 18.00
B20060555           5228201606217501299303306    99.75      1      0     0.00  0.00  0.00
B20060555           5228201606217501008433676    28.53     15      0     0.00  0.00  0.00
B20060555           5228201606217501092793052    67.38      1      0     0.00  0.00  0.00
B20060555           5228201606217501070612368   114.80     10      0     0.00  0.00  0.00
B20060555           5228201606217501008427347    42.35     15      0     0.00  0.00  0.00
B20060555           5228201606217501008485057    39.79      5      0     0.00  0.00  0.00
B20060555           5228201606217501008485408    22.85      1      0     0.00  0.00  0.00
B20060555           522820160621 650240009525    35.76      5      0    16.00  0.00  0.00
B20060555           5228201606218056736700112    57.19      2      0    16.00  0.00  0.00
B20060555           522820160621     75006822   363.89      1      0     0.00  0.00  0.00
B20060555           5228201606217501328976051   250.38      1      0     0.00  0.00  0.00
B20060555           5228201606217501008485316    20.06      2      0     0.00  0.00  0.00
B20060555           5228201606217501008494226    31.10      5      0     0.00  0.00  0.00
B20060555           5228201606217501326003476   266.70      1      0     0.00  0.00  0.00
B20060555           5228201606217501008465646    73.77      1      0     0.00  0.00  0.00
B20060555           5228201606217501050606288    74.25      1      0     0.00  0.00  0.00
B20060555           522820160621 650240010538    21.52     20      0     0.00  0.00  0.00
B20060555           522820160621 650240009518    35.76      5      0    16.00  0.00  0.00
B20060556           5228201606217501035911567    10.73      1      0    16.00  0.00  2.00
B20060556           5228201606214005808837472    23.60      1      0    16.00  0.00  2.00
B20060556           5228201606217501086472017    17.38      5      0    16.00  0.00  2.00
B20060556           522820160621  37000394969    30.72     20      0    16.00  0.00  2.00
B20060556           5228201606217501065054128    32.04      5      0     0.00  0.00  2.00
B20060556           5228201606217501065045225    24.00      3      0    16.00  0.00  2.00
B20060556           5228201606217702018913640    34.70      1      0    16.00  0.00  2.00
B20060557           5230201606217503008821019   154.29      4      0    16.00 16.66 18.00
B20060557           5230201606217501124817701    80.21      6      0     0.00  0.00 18.00
B20060557           5230201606217503008821101    57.53      2      0    16.00 16.66 18.00
B20060557           5230201606217501124818500   197.82      4      0     0.00  0.00 18.00
B20060558           5230201606217501165000230    54.94     15      0     0.00  0.00  0.00
B20060558           5230201606217501324402585   179.00      1      0     0.00  0.00  0.00
B20060558           5230201606217501008433676    28.53     20      0     0.00  0.00  0.00
B20060558           5230201606217501328979502    80.70      1      0     0.00  0.00  0.00
B20060558           5230201606217501092708049   119.72      2      0     0.00  0.00  0.00
B20060558           5230201606217501328980317    22.42      3      0     0.00  0.00  0.00
B20060558           5230201606217501165003040    88.45      5      0     0.00  0.00  0.00
B20060558           5230201606217501088509773    82.00      2      0     0.00  9.09  0.00
B20060558           5230201606217501328979885    47.69      5      0     0.00  0.00  0.00
B20060558           5230201606217501082212143   278.87      1      0     0.00  0.00  0.00
B20060558           523020160621 650240010538    21.52     10      0     0.00  0.00  0.00
B20060558           5230201606217501098603867    86.34     10      0     0.00  0.00  0.00
B20060558           5230201606217501070600730    64.64      1      0     0.00  0.00  0.00
B20060558           5230201606217501050612555    95.90      1      0     0.00  0.00  0.00
B20060558           5230201606217501037908572   191.59      1      0     0.00  0.00  0.00
B20060558           5230201606217501159580014   119.48      4      0     0.00  0.00  0.00
B20060558           5230201606217501008433553    36.05      1      0     0.00  0.00  0.00
B20060559           5230201606217501035911567    10.73      2      0    16.00  0.00  2.00
B20060559           5230201606217501035915121    13.95      2      0    16.00  0.00  2.00
B20060559           5230201606218423372021053   284.21      2      0    16.00  0.00  2.00
B20060559           5230201606217896009490651    72.08      3      0    16.00  0.00  2.00
B20060559           5230201606217509546009179    15.22      1      0    16.00  0.00  2.00
B20060559           5230201606217702018913640    34.70      7      0    16.00  0.00  2.00
B20060560           523520160621 736085405422    73.20      4      0     0.00  0.00 18.00
B20060560           523520160621 736085132069    50.32      3      0     0.00  0.00 18.00
B20060561           5235201606217501050613460    39.02      1      0     0.00  0.00  0.00
B20060561           523520160621 650240010491    77.69      1      0     0.00  0.00  0.00
B20060561           523520160621 650240010538    21.52     10      0     0.00  0.00  0.00
B20060561           523520160621 650240009525    35.76      5      0    16.00  0.00  0.00
B20060561           5235201606217501165000230    54.94      3      0     0.00  0.00  0.00
B20060561           5235201606217501070612368   114.80      5      0     0.00  0.00  0.00
B20060561           523520160621 650240009518    35.76      5      0    16.00  0.00  0.00
B20060562           523520160621     75000950     8.07     10      0    16.00  0.00  2.00
B20060562           5235201606217501054500063    16.15      3      0    16.00  0.00  2.00
B20060562           5235201606217891010020927    45.92      1      0    16.00  0.00  2.00
B20060562           523520160621  37000394969    30.72      5      0    16.00  0.00  2.00
B20059302           5236201606217501417001749    41.67      1      0    16.00  0.00 18.00
B20059303           5236201606217501050606288    74.25      2      0     0.00  0.00  0.00
B20059303           5236201606217501008486504    16.64      1      0    16.00  0.00  0.00
B20060563           5237201606217501073025493     4.62      3      0    16.00  0.00 18.00
B20060563           5237201606217501001353377    62.23      2      0     0.00  0.00 18.00
B20060563           5237201606217501124812874    80.21      5      0     0.00  0.00 18.00
B20060563           5237201606217501073025387     3.26      3      0    16.00  0.00 18.00
B20060564           5237201606217501300408754   234.38      1      0     0.00  0.00  0.00
B20060564           5237201606217501165000230    54.94      5      0     0.00  0.00  0.00
B20060564           523720160621 650240005398    64.39      3      0     0.00  0.00  0.00
B20060564           523720160621 650240006623    35.76      5      0    16.00  0.00  0.00
B20060564           5237201606217501008498309    33.79      1      0     0.00  0.00  0.00
B20060564           5237201606217501298222738   129.00      1      0    16.00  0.00  0.00
B20060565           5237201606217501563020090     6.85      2      0    16.00  0.00  2.00
B20060565           5237201606217501023105558    40.57      2      0    16.00  0.00  2.00
B20060565           5237201606215900273001566    16.06      1      0    16.00  0.00  2.00
B20060565           5237201606217502004531441     4.72     10      0    16.00 10.00  2.00
B20060565           5237201606217501048940806     7.70      5      0    16.00  0.00  2.00
B20060565           523720160621     75010690     7.64      5      0    16.00  0.00  2.00
B20059304           5241201606217501400800571    67.85      1      0     0.00  0.00 18.00
B20059305           5241201606217501008433515    65.87      5      0     0.00  0.00  0.00
B20059305           5241201606217501165005624   606.90      1      0     0.00  0.00  0.00
B20059305           5241201606217501082212143   278.87      1      0     0.00  0.00  0.00
B20059306           5241201606217501086472048    17.38      1      0    16.00  0.00  2.00
B20059306           5241201606217501054500063    16.15      2      0    16.00  0.00  2.00
B20059306           5241201606217896009400148    72.08      2      0    16.00  0.00  2.00
B20057887           5243201606217501417001749    41.67      1      0    16.00  0.00 18.00
B20057888           5243201606217509546000985    11.71      6      0    16.00  0.00  2.00
B20057888           5243201606217502214982477    17.80      1      0    16.00  0.00  2.00
B20057888           5243201606217502214982538    21.61     11      0    16.00  0.00  2.00
B20057888           5243201606217501065054128    32.04      2      0     0.00  0.00  2.00
B20057888           5243201606217502214982514    18.78      2      0    16.00  0.00  2.00
B20057888           524320160621     75000950     8.07      5      0    16.00  0.00  2.00
B20057889           524320160621 650240001864   238.32      2      0    16.00  0.00  0.00
B20057889           5243201606217501098603867    86.34      3      0     0.00  0.00  0.00
B20057889           5243201606217501098608336   319.00      1      0     0.00  0.00  0.00
B20057889           5243201606218430206280272   191.22      1      0    16.00  0.00  0.00
B20057889           5243201606217501008433676    28.53      3      0     0.00  0.00  0.00
B20057889           524320160621 650240007019    73.75      2      0    16.00  0.00  0.00
B20057889           524320160621 650240028335    37.18      2      0    16.00  0.00  0.00
B20057889           5243201606218430206280180   130.93      1      0    16.00  0.00  0.00
B20057890           5257201606217501125118333   377.99     20      0     0.00 14.00 18.00
B20057890           5257201606217501125109935    60.11     10      0     0.00 14.00 18.00
B20057890           5257201606217501088504532   121.98     20      0     0.00  9.09 18.00
B20057890           5257201606217501125135460    84.60     10      0     0.00 12.50 18.00
B20057890           5257201606217501250838533   461.18      5      0     0.00  4.76 18.00
B20057890           5257201606217501070903497   127.35     20      0     0.00  6.00 18.00
B20057890           5257201606217502213144012   219.27      5      0     0.00  0.00 18.00
B20057890           5257201606217501125126031   192.08      5      0     0.00 12.50 18.00
B20057890           5257201606217501088504518   141.86     20      0     0.00  9.09 18.00
B20057890           5257201606217501125124075   312.48     10      0     0.00 14.00 18.00
B20057890           5257201606217501070903800   229.86     20      0     0.00  6.00 18.00
B20057890           5257201606217501125109928   123.74     10      0     0.00 14.00 18.00
B20057890           5257201606217501124810917   118.04      5      0     0.00  0.00 18.00
B20057891           5257201606217501050611657   198.78      7      0     0.00  0.00 18.00
B20057891           5257201606217501287678034   176.39      5      0     0.00  0.00 18.00
B20057891           5257201606217501050610704   294.00      5      0     0.00  0.00 18.00
B20057892           5257201606217501088579707    81.80     50      0     0.00  9.09  0.00
B20057892           5257201606217501082203318   342.93      5      0     0.00  0.00  0.00
B20057892           5257201606217501070612368   114.80     30      0     0.00  0.00  0.00
B20057892           5257201606217501037908084    67.87     30      0     0.00  9.09  0.00
B20057892           5257201606217501318608900    61.71     20      0     0.00  0.00  0.00
B20057892           5257201606217501050613460    39.02     20      0     0.00  0.00  0.00
B20057892           5257201606217501299300107   323.19      5      0     0.00  0.00  0.00
B20057892           5257201606217501299300787   106.40     15      0     0.00  0.00  0.00
B20057892           5257201606217501008465677    52.59     20      0     0.00  0.00  0.00
B20057892           5257201606217501034645067    73.28     20      0     0.00  9.09  0.00
B20057892           5257201606217501328979366   130.18     15      0     0.00  0.00  0.00
B20057892           5257201606217501088575396    77.60     20      0     0.00  0.00  0.00
B20057892           5257201606217501092778226    98.78     10      0     0.00  0.00  0.00
B20057892           5257201606217501871720668   182.59     30      0     0.00  0.00  0.00
B20057892           5257201606217501050610018   136.97     15      0     0.00  0.00  0.00
B20057892           5257201606217501089809490    79.70     15      0     0.00  0.00  0.00
B20057892           5257201606217501165000230    54.94      5      0     0.00  0.00  0.00
B20057892           5257201606217501299301159    93.76     30      0     0.00  0.00  0.00
B20057892           5257201606217501299301579   242.06     20      0     0.00  0.00  0.00
B20057892           5257201606217501299300763   103.74     20      0     0.00  0.00  0.00
B20057892           5257201606217501299300909    99.08     15      0     0.00  0.00  0.00
B20057892           5257201606217501318609020    66.16     20      0     0.00  0.00  0.00
B20057892           5257201606217501385420061   133.70      5      0     0.00  0.00  0.00
B20057893           5257201606217501095452116    30.96     20      0     0.00 13.00  2.00
N2697016            5373201606217501877651720     2.58     12      0    16.00  0.00  2.00
N2697016            5373201606217501001157296    14.29      1      0    16.00  0.00  2.00
N2697017            5374201606217501070612368   114.80      3      0     0.00  0.00  0.00
N2697017            537420160621 650240001314   258.39      1      0     0.00  0.00  0.00
N2697018            537420160621 020800753050    74.35      2      0     0.00  0.00 18.00
N2697018            5374201606217501125110702    29.60      2      0     0.00  0.00 18.00
N2696476            539720160621 736085278507    48.21      2      0     0.00  0.00 18.00
N2696476            539720160621 736085278453   129.53      1      0     0.00  0.00 18.00
N2696476            539720160621 736085207743   404.97      1      0    16.00  0.00 18.00
N2696477            5397201606217501124103323   155.12      1      0     0.00  6.00 18.00
N2696477            5397201606213282779391023   288.28      1      0    16.00 15.00 17.00
N2696477            539720160621 354312625018    40.74      1      0     0.00  0.00 17.00
N2696477            539720160621 300055501331    89.71      2      0     0.00  0.00 18.00
N2696477            5397201606217502264950235   131.51      2      0    16.00  0.00 17.00
N2696478            5397201606217501318620162   211.16      1      0     0.00  0.00  0.00
N2696478            5397201606217501314701926   501.94      1      0     0.00  0.00  0.00
N2696478            5397201606217501088505355    41.80      1      0     0.00  0.00  0.00
N2696478            5397201606217501072300164    44.49      1      0     0.00  0.00  0.00
N2696478            5397201606217501098603690   235.00      1      0     0.00  0.00  0.00
N2696478            5397201606217501050613453    37.50      2      0     0.00  0.00  0.00
N2696478            5397201606217501048621002    29.73      2      0    16.00 10.00  2.00
N2696478            5397201606217501298205021   263.29      1      0     0.00  0.00  0.00
N2696478            5397201606217501092793052    67.38      2      0     0.00  0.00  0.00
N2696478            5397201606217501050614597    64.80      1      0     0.00  0.00  0.00
N2696478            539720160621 650240009518    35.76      1      0    16.00  0.00  0.00
N2696478            5397201606217501072310378    57.88      1      0     0.00  0.00  0.00
N2696479            5398201606217501001116187    88.07      1      0     0.00  0.00 18.00
N2696479            5398201606217501417001749    41.67      1      0    16.00  0.00 18.00
N2696479            539820160621 736085105032    86.04      1      0     0.00  0.00 18.00
N2696480            5398201606217896009490651    72.08      1      0    16.00  0.00  2.00
N2696480            539820160621 650240006623    35.76      2      0    16.00  0.00  0.00
N2696480            5398201606217501008409541    37.98      2      0     0.00  0.00  0.00
N2696480            5398201606217501008494226    31.10      1      0     0.00  0.00  0.00
N2696480            5398201606217501299303184    67.41      1      0     0.00  0.00  0.00
N2696480            5398201606217501318645295   110.55      1      0     0.00  0.00  0.00
N2696480            5398201606217501328979366   130.18      1      0     0.00  0.00  0.00
N2696480            5398201606217501384504823   292.49      1      0     0.00  0.00  0.00
N2696480            539820160621 650240010491    77.69      1      0     0.00  0.00  0.00
N2696480            5398201606217702003477270    23.79      1      0    16.00  0.00  2.00
N2696480            539820160621     75001865    17.13      2      0    16.00  0.00  2.00
N2696480            5398201606217501165009486    56.02      2      0    16.00  0.00  0.00
N2696480            5398201606217891010020927    45.92      2      0    16.00  0.00  2.00
D11616914           543120160621 020800753050    74.35      3      0     0.00  0.00 18.00
D11616915           5431201606217501050610674   209.92      2      0     0.00  0.00 18.00
D11616916           543120160621 650240001314   258.39      3      0     0.00  0.00  0.00
D11616916           5431201606217501165000179   246.29      2      0     0.00  0.00  0.00
D11616916           5431201606217501314703227   258.16      2      0     0.00  0.00  0.00
D11616916           5431201606217501072310392    57.88      2      0     0.00  0.00  0.00
D11616916           5431201606217501871720613    29.00      3      0     0.00  0.00  0.00
D11616916           5431201606217501098610841   217.00      2      0     0.00  0.00  0.00
D11616916           543120160621 650240005398    64.39      3      0     0.00  0.00  0.00
D11616916           5431201606217501050699723   275.80      2      0     0.00  0.00  0.00
D11616916           5431201606217501318612655    58.00      3      0     0.00  0.00  0.00
D11616916           5431201606217501165009523    56.02      2      0    16.00  0.00  0.00
D11616917           5431201606217501035911567    10.73      3      0    16.00  0.00  2.00
D11616917           5431201606217702003469305    18.36      3      0    16.00  0.00  2.00
M2368822            5447201606217501293200274   117.46      1      0     0.00  0.00 18.00
M2368823            5447201606217501287630124    99.96     10      0     0.00  0.00 18.00
M2368824            5447201606217501298244907   343.95      2      0     0.00  0.00  0.00
M2368824            5447201606217501314701827   340.59      3      0     0.00  0.00  0.00
M2368824            5447201606217501314702701   354.94      2      0     0.00  0.00  0.00
M2368824            544720160621 650240007019    73.75      5      0    16.00  0.00  0.00
M2368824            5447201606217501328975436   147.77      1      0     0.00  0.00  0.00
M2368824            5447201606217501009000716   162.81      4      0     0.00  0.00  0.00
M2368824            5447201606217501300408136   295.00      1      0     0.00  0.00  0.00
M2368824            5447201606218429420084520   258.08      5      0    16.00  0.00  0.00
B20057970          44533201606217501089809902    79.70      2      0     0.00  0.00  0.00
