B20116108           5214201606307501298220406   193.91      3      0     0.00  3.00  0.00
B20116108           5214201606307501298250205    44.68      1      0     0.00  3.00  0.00
B20116108           5214201606307501298215037    94.73      2      0     0.00  3.00  0.00
B20116108           5214201606307501298217673   120.19      2      0     0.00  3.00  0.00
B20116108           5214201606307501298250007    40.40      1      0     0.00  3.00  0.00
B20116109           5214201606307501070617417    44.16      2      0    16.00  9.09  0.00
B20116109           521420160630 041388284316   116.48      5      0     0.00  9.09  0.00
B20116109           5214201606307501070612320   107.80      5      0     0.00  9.09  0.00
B20116109           5214201606307501070600617    43.52      2      0     0.00  9.09  0.00
B20116109           5214201606307501070612368   114.80     15      0     0.00  9.09  0.00
B20116109           5214201606307501070613068   129.28      5      0     0.00  9.09  0.00
B20116093           5215201606307501298217673   120.19      2      0     0.00  3.00  0.00
B20116093           5215201606307501298250007    40.40      1      0     0.00  3.00  0.00
B20116093           5215201606307501298211442    63.83      1      0     0.00  3.00  0.00
B20116093           5215201606307501298250205    44.68      1      0     0.00  3.00  0.00
B20116093           5215201606307501821812009   104.43      1      0    16.00  3.00  0.00
B20116093           5215201606307501298215037    94.73      2      0     0.00  3.00  0.00
B20116094           5215201606307501070612320   107.80      5      0     0.00  9.09  0.00
B20116094           521520160630 041388284316   116.48      5      0     0.00  9.09  0.00
B20116094           5215201606307501070612368   114.80     10      0     0.00  9.09  0.00
B20116094           5215201606307501070613044   103.68      5      0     0.00  9.09  0.00
B20116094           5215201606307501070600617    43.52      2      0     0.00  9.09  0.00
B20116094           5215201606307501070613068   129.28      5      0     0.00  9.09  0.00
B20116094           5215201606307501070617417    44.16      2      0    16.00  9.09  0.00
B20116110           5227201606307501821812009   104.43      1      0    16.00  3.00  0.00
B20116110           5227201606307501298211442    63.83      1      0     0.00  3.00  0.00
B20116110           5227201606307501298250205    44.68      1      0     0.00  3.00  0.00
B20116110           5227201606307501298217673   120.19      2      0     0.00  3.00  0.00
B20116110           5227201606307501298217659   252.83      3      0     0.00  3.00  0.00
B20116110           5227201606307501298219370    52.27      1      0     0.00  3.00  0.00
B20116110           5227201606307501298250007    40.40      1      0     0.00  3.00  0.00
B20116110           5227201606307501298215037    94.73      2      0     0.00  3.00  0.00
B20116111           5227201606307501070617417    44.16      2      0    16.00  9.09  0.00
B20116111           5227201606307501070617745    95.36      5      0     0.00  9.09  0.00
B20116111           522720160630 041388284316   116.48      5      0     0.00  9.09  0.00
B20116111           5227201606307501070600730    64.64      3      0     0.00  9.09  0.00
B20116111           5227201606307501070612320   107.80      5      0     0.00  9.09  0.00
B20116111           5227201606307501070612368   114.80     15      0     0.00  9.09  0.00
B20116111           5227201606307501070600617    43.52      2      0     0.00  9.09  0.00
B20116111           5227201606307501070613044   103.68      5      0     0.00  9.09  0.00
B20116111           5227201606307501070613068   129.28      5      0     0.00  9.09  0.00
B20116098           5228201606307501298221403   261.37      5      0     0.00  3.00  0.00
B20116098           5228201606307501298250205    44.68      1      0     0.00  3.00  0.00
B20116098           5228201606307501821812009   104.43      1      0    16.00  3.00  0.00
B20116098           5228201606307501298214986   103.51      2      0     0.00  3.00  0.00
B20116098           5228201606307501298215037    94.73      3      0     0.00  3.00  0.00
B20116098           5228201606307501298215099    51.82      5      0     0.00  3.00  0.00
B20116098           5228201606307501298213019    31.29      5      0     0.00  3.00  0.00
B20116098           5228201606307501298217703   254.79      5      0     0.00  3.00  0.00
B20116098           5228201606307501298217697   191.61      2      0     0.00  3.00  0.00
B20116098           5228201606307501298217673   120.19      3      0     0.00  3.00  0.00
B20116098           5228201606307501298217635   170.12      2      0     0.00  3.00  0.00
B20116098           5228201606307501298221830   137.67      5      0     0.00  3.00  0.00
B20116098           5228201606307501298221823   173.89      5      0     0.00  3.00  0.00
B20116098           5228201606307501298221397   108.97      3      0     0.00  3.00  0.00
B20116098           5228201606307501298217611   211.12      5      0     0.00  3.00  0.00
B20116098           5228201606307501298250007    40.40      1      0     0.00  3.00  0.00
B20116098           5228201606307501298265100   173.11      2      0     0.00  3.00  0.00
B20116098           5228201606307501298281209    38.90      5      0     0.00  3.00  0.00
B20116098           5228201606307501298205205   163.11      2      0     0.00  3.00  0.00
B20116098           5228201606307501298211442    63.83      1      0     0.00  3.00  0.00
B20116098           5228201606307501298220406   193.91      5      0     0.00  3.00  0.00
B20116099           5228201606307501070600617    43.52      2      0     0.00  9.09  0.00
B20116099           5228201606307501070613068   129.28      5      0     0.00  9.09  0.00
B20116099           5228201606307501070617417    44.16      2      0    16.00  9.09  0.00
B20116099           522820160630 041388284316   116.48      5      0     0.00  9.09  0.00
B20116099           5228201606307501070600556    68.48      5      0     0.00  9.09  0.00
B20116099           5228201606307501070600730    64.64      3      0     0.00  9.09  0.00
B20116099           5228201606307501070612320   107.80      5      0     0.00  9.09  0.00
B20116099           5228201606307501070612368   114.80     25      0     0.00  9.09  0.00
B20116099           5228201606307501070613044   103.68      5      0     0.00  9.09  0.00
B20116100           5230201606307501298221403   261.37      5      0     0.00  3.00  0.00
B20116100           5230201606307501298220406   193.91      5      0     0.00  3.00  0.00
B20116100           5230201606307501298250007    40.40      1      0     0.00  3.00  0.00
B20116100           5230201606307501298211442    63.83      1      0     0.00  3.00  0.00
B20116100           5230201606307501298250205    44.68      1      0     0.00  3.00  0.00
B20116100           5230201606307501821812009   104.43      1      0    16.00  3.00  0.00
B20116100           5230201606307501298214986   103.51      2      0     0.00  3.00  0.00
B20116100           5230201606307501298215037    94.73      3      0     0.00  3.00  0.00
B20116100           5230201606307501298215099    51.82      5      0     0.00  3.00  0.00
B20116100           5230201606307501298213019    31.29      5      0     0.00  3.00  0.00
B20116100           5230201606307501298217703   254.79      5      0     0.00  3.00  0.00
B20116100           5230201606307501298217697   191.61      2      0     0.00  3.00  0.00
B20116100           5230201606307501298217673   120.19      3      0     0.00  3.00  0.00
B20116100           5230201606307501298221830   137.67      5      0     0.00  3.00  0.00
B20116100           5230201606307501298281209    38.90      5      0     0.00  3.00  0.00
B20116100           5230201606307501298205205   163.11      3      0     0.00  3.00  0.00
B20116100           5230201606307501298221823   173.89      5      0     0.00  3.00  0.00
B20116100           5230201606307501298221397   108.97      3      0     0.00  3.00  0.00
B20116100           5230201606307501298217611   211.12      5      0     0.00  3.00  0.00
B20116101           5230201606307501070617745    95.36      5      0     0.00  9.09  0.00
B20116101           523020160630 041388284316   116.48      5      0     0.00  9.09  0.00
B20116101           5230201606307501070600556    68.48      5      0     0.00  9.09  0.00
B20116101           5230201606307501070612320   107.80      5      0     0.00  9.09  0.00
B20116101           5230201606307501070612368   114.80     25      0     0.00  9.09  0.00
B20116101           5230201606307501070613044   103.68      5      0     0.00  9.09  0.00
B20116101           5230201606307501070600617    43.52      2      0     0.00  9.09  0.00
B20116101           5230201606307501070600709    54.40      5      0     0.00  9.09  0.00
B20116101           5230201606307501070613068   129.28      5      0     0.00  9.09  0.00
B20116101           5230201606307501070617417    44.16      2      0    16.00  9.09  0.00
B20116102           5235201606307501298250007    40.40      1      0     0.00  3.00  0.00
B20116102           5235201606307501298211442    63.83      1      0     0.00  3.00  0.00
B20116102           5235201606307501298250205    44.68      1      0     0.00  3.00  0.00
B20116102           5235201606307501821812009   104.43      1      0    16.00  3.00  0.00
B20116102           5235201606307501298214986   103.51      5      0     0.00  3.00  0.00
B20116102           5235201606307501298215037    94.73      2      0     0.00  3.00  0.00
B20116102           5235201606307501298217673   120.19      2      0     0.00  3.00  0.00
B20116103           5235201606307501070613068   129.28      5      0     0.00  9.09  0.00
B20116103           5235201606307501070617417    44.16      2      0    16.00  9.09  0.00
B20116103           523520160630 041388284316   116.48      5      0     0.00  9.09  0.00
B20116103           5235201606307501070600556    68.48      3      0     0.00  9.09  0.00
B20116103           5235201606307501070600730    64.64      3      0     0.00  9.09  0.00
B20116103           5235201606307501070612320   107.80      5      0     0.00  9.09  0.00
B20116103           5235201606307501070612368   114.80     15      0     0.00  9.09  0.00
B20116103           5235201606307501070613044   103.68      5      0     0.00  9.09  0.00
B20116103           5235201606307501070600617    43.52      2      0     0.00  9.09  0.00
B20116103           5235201606307501070600709    54.40      5      0     0.00  9.09  0.00
B20116104           5237201606307501298215037    94.73      2      0     0.00  3.00  0.00
B20116104           5237201606307501298215099    51.82      2      0     0.00  3.00  0.00
B20116104           5237201606307501298250205    44.68      1      0     0.00  3.00  0.00
B20116104           5237201606307501298250007    40.40      1      0     0.00  3.00  0.00
B20116104           5237201606307501821812009   104.43      1      0    16.00  3.00  0.00
B20116105           5237201606307501070617417    44.16      2      0    16.00  9.09  0.00
B20116105           523720160630 041388284316   116.48      5      0     0.00  9.09  0.00
B20116105           5237201606307501070600730    64.64      3      0     0.00  9.09  0.00
B20116105           5237201606307501070613068   129.28      1      0     0.00  9.09  0.00
B20116105           5237201606307501070612320   107.80      3      0     0.00  9.09  0.00
B20116105           5237201606307501070612368   114.80     15      0     0.00  9.09  0.00
B20116105           5237201606307501070613044   103.68      5      0     0.00  9.09  0.00
B20116105           5237201606307501070600617    43.52      1      0     0.00  9.09  0.00
B20116105           5237201606307501070600709    54.40      3      0     0.00  9.09  0.00
B20116106           5241201606307501298250007    40.40      1      0     0.00  3.00  0.00
B20116106           5241201606307501298265100   173.11      2      0     0.00  3.00  0.00
B20116106           5241201606307501298250205    44.68      1      0     0.00  3.00  0.00
B20116106           5241201606307501298215037    94.73      2      0     0.00  3.00  0.00
B20116106           5241201606307501298211442    63.83      1      0     0.00  3.00  0.00
B20116106           5241201606307501821812009   104.43      1      0    16.00  3.00  0.00
B20116106           5241201606307501298217673   120.19      2      0     0.00  3.00  0.00
B20116107           5241201606307501070617417    44.16      2      0    16.00  9.09  0.00
B20116107           5241201606307501070617745    95.36      5      0     0.00  9.09  0.00
B20116107           524120160630 041388284316   116.48      5      0     0.00  9.09  0.00
B20116107           5241201606307501070612320   107.80      5      0     0.00  9.09  0.00
B20116107           5241201606307501070612368   114.80     15      0     0.00  9.09  0.00
B20116107           5241201606307501070613044   103.68      5      0     0.00  9.09  0.00
B20116107           5241201606307501070600617    43.52      2      0     0.00  9.09  0.00
B20116107           5241201606307501070613068   129.28      5      0     0.00  9.09  0.00
B20116096           5243201606307501298213019    31.29      2      0     0.00  3.00  0.00
B20116096           5243201606307501298217703   254.79      2      0     0.00  3.00  0.00
B20116096           5243201606307501298217697   191.61      1      0     0.00  3.00  0.00
B20116096           5243201606307501298217673   120.19      2      0     0.00  3.00  0.00
B20116096           5243201606307501298217659   252.83      2      0     0.00  3.00  0.00
B20116096           5243201606307501298217635   170.12      1      0     0.00  3.00  0.00
B20116096           5243201606307501298219370    52.27      1      0     0.00  3.00  0.00
B20116096           5243201606307501298221830   137.67      2      0     0.00  3.00  0.00
B20116096           5243201606307501298221397   108.97      2      0     0.00  3.00  0.00
B20116096           5243201606307501298221823   173.89      2      0     0.00  3.00  0.00
B20116096           5243201606307501298217611   211.12      2      0     0.00  3.00  0.00
B20116096           5243201606307501298250007    40.40      1      0     0.00  3.00  0.00
B20116096           5243201606307501298265100   173.11      2      0     0.00  3.00  0.00
B20116096           5243201606307501298281209    38.90      2      0     0.00  3.00  0.00
B20116096           5243201606307501298205205   163.11      1      0     0.00  3.00  0.00
B20116096           5243201606307501298220406   193.91      2      0     0.00  3.00  0.00
B20116096           5243201606307501298211442    63.83      1      0     0.00  3.00  0.00
B20116096           5243201606307501298221403   261.37      2      0     0.00  3.00  0.00
B20116096           5243201606307501298250205    44.68      1      0     0.00  3.00  0.00
B20116096           5243201606307501821812009   104.43      1      0    16.00  3.00  0.00
B20116096           5243201606307501298214986   103.51      2      0     0.00  3.00  0.00
B20116096           5243201606307501298215037    94.73      1      0     0.00  3.00  0.00
B20116096           5243201606307501298215099    51.82      2      0     0.00  3.00  0.00
B20116097           5243201606307501070617417    44.16      2      0    16.00  9.09  0.00
B20116097           524320160630 041388284316   116.48      5      0     0.00  9.09  0.00
B20116097           5243201606307501070600556    68.48      3      0     0.00  9.09  0.00
B20116097           5243201606307501070612320   107.80      5      0     0.00  9.09  0.00
B20116097           5243201606307501070612368   114.80     15      0     0.00  9.09  0.00
B20116097           5243201606307501070613044   103.68      5      0     0.00  9.09  0.00
B20116097           5243201606307501070600617    43.52      2      0     0.00  9.09  0.00
B20116097           5243201606307501070613068   129.28      5      0     0.00  9.09  0.00
