B20032287           521420160616 382903267798    34.77     12      0    16.00  0.00 18.00
B20032287           521420160616 382903267781    34.77     17      0    16.00  0.00 18.00
B20032287           521420160616     75004088   141.98      2      0     0.00  0.00 18.00
B20032287           521420160616 714706901508    22.24      1      0     0.00  0.00 18.00
B20032287           5214201606167502209290211   829.73      1      0     0.00  0.00 18.00
B20032288           5214201606167501108761808   120.13      1      0     0.00  0.00 18.00
B20032288           5214201606167501287622402    71.41      2      0     0.00  0.00 18.00
B20032289           5214201606167501022105283    10.20      1      0    16.00  3.00  2.00
B20032289           5214201606167502214982507    18.78      1      0    16.00  0.00  2.00
B20032289           5214201606167502214982439    22.68      5      0    16.00  0.00  2.00
B20032289           5214201606167502214982484    18.78      1      0    16.00  0.00  2.00
B20032290           5214201606167501122960201   156.76      1      0     0.00 16.67 17.00
B20032290           521420160616 354312425304    18.81      1      0     0.00  0.00 17.00
B20032290           5214201606167503013040313   311.43      1      0     0.00  0.00 17.00
B20032291           5214201606167501318634732    78.07      1      0     0.00  0.00  0.00
B20032291           5214201606167501318645295   110.55      1      0     0.00  0.00  0.00
B20032291           5214201606167501298216508   401.12      1      0     0.00  0.00  0.00
B20032291           5214201606167501314704040   207.94      5      0     0.00  0.00  0.00
B20032291           5214201606167501299301999   139.65      1      0     0.00  0.00  0.00
B20032291           5214201606167501165002920    39.30      2      0     0.00  0.00  0.00
B20032291           521420160616 008400004123   301.27      1      0    16.00  0.00  0.00
B20032291           5214201606167501008485408    22.85      1      0     0.00  0.00  0.00
B20032291           5214201606167501008494226    31.10      1      0     0.00  0.00  0.00
B20032291           5214201606167501089800077   181.44      1      0     0.00  0.00  0.00
B20032291           5214201606167501303444001   149.43      1      0     0.00  0.00  0.00
B20032291           5214201606167501299300367   113.72      1      0     0.00  0.00  0.00
B20032291           5214201606167501318626522   311.51      1      0     0.00  0.00  0.00
B20032291           5214201606167501082221060   238.45      1      0     0.00  0.00  0.00
B20032291           5214201606167501050625395    19.72      1      0     0.00  0.00  0.00
B20032291           521420160616 650240007408    42.69      1      0     0.00  0.00  0.00
B20032291           521420160616 650240010736    66.98      1      0    16.00  0.00  0.00
B20032291           5214201606167501300407009   143.13      1      0     0.00  0.00  0.00
B20032291           521420160616 650240005398    64.39      2      0     0.00  0.00  0.00
B20032291           521420160616 650240016813    59.63      1      0     0.00  0.00  0.00
B20032291           5214201606167501165007611    95.77      2      0    16.00  0.00  0.00
B20032291           5214201606167501050600026   244.16      1      0     0.00  0.00  0.00
B20032291           5214201606167501165005594    71.80      1      0     0.00  0.00  0.00
B20032291           5214201606167501050614597    64.80      2      0     0.00  0.00  0.00
B20032173           5215201606167501124814984    45.67      1      0     0.00  0.00 18.00
B20032173           5215201606167501001116187    88.07      2      0     0.00  0.00 18.00
B20032173           521520160616 714706100604    22.24      1      0     0.00  0.00 18.00
B20032173           5215201606167501125100116    16.24      9      0     0.00  0.00 18.00
B20032173           5215201606167501400800571    67.85      2      0     0.00  0.00 18.00
B20032173           5215201606167501417004764    89.29      1      0    16.00  0.00 18.00
B20032173           5215201606167501417001749    41.67      2      0    16.00  0.00 18.00
B20032173           5215201606167501124815219    62.06      1      0     0.00  0.00 18.00
B20032174           5215201606167501123015405   122.97      1      0     0.00  0.00 17.00
B20032175           5215201606167501108767947   111.01      1      0     0.00  0.00 18.00
B20032176           5215201606167702018913640    34.70      2      0    16.00  0.00  2.00
B20032176           5215201606167702003469305    18.36      1      0    16.00  0.00  2.00
B20032176           5215201606167501877651720     2.58     29      0    16.00  0.00  2.00
B20032176           5215201606167501035911567    10.73      9      0    16.00  0.00  2.00
B20032176           5215201606160020800600347    28.21      1      0    16.00  0.00  2.00
B20032176           5215201606167501001157296    14.29      5      0    16.00  0.00  2.00
B20032176           521520160616 729513100488    63.76      1      0    16.00  0.00  2.00
B20032176           5215201606167501022105436    12.38      1      0    16.00  0.00  2.00
B20032176           5215201606167501065041012    22.43      1      0    16.00  0.00  2.00
B20032177           5215201606167501300407290   120.63      2      0     0.00  0.00  0.00
B20032177           5215201606167501050625395    19.72     14      0     0.00  0.00  0.00
B20032177           5215201606167501300407030   198.13      1      0     0.00  0.00  0.00
B20032177           5215201606167501070601171   245.00      2      0     0.00  0.00  0.00
B20032177           5215201606167501299300909    99.08      5      0     0.00  0.00  0.00
B20032177           5215201606167501165000278    95.64      1      0     0.00  0.00  0.00
B20032177           5215201606167501008433515    65.87      1      0     0.00  0.00  0.00
B20032177           5215201606167501089809506   113.40      5      0     0.00  0.00  0.00
B20032177           5215201606167501050624572    47.83      2      0     0.00  0.00  0.00
B20032177           5215201606167501314704927   182.84      1      0     0.00  0.00  0.00
B20032177           5215201606167501008496152    49.92      1      0     0.00  0.00  0.00
B20032177           5215201606167501299301449   287.63      1      0     0.00  0.00  0.00
B20032177           5215201606167501088579615    78.50      2      0     0.00  9.09  0.00
B20032177           5215201606167501088505447   124.50      1      0     0.00 16.66  0.00
B20032177           5215201606167501050605717   179.20      1      0     0.00  0.00  0.00
B20032177           5215201606167501298215082   190.20      1      0    16.00  0.00  0.00
B20032177           5215201606167501008485033    39.79      1      0     0.00  0.00  0.00
B20032177           5215201606167501088505423   140.00      1      0     0.00  9.09  0.00
B20033566           5223201606167501142925150   207.81      1      0     0.00  0.00 18.00
B20033567           5223201606167502013010463     8.31      3      0    16.00  0.00  2.00
B20033567           5223201606167501035908246    14.80      2      0    16.00  0.00  2.00
B20033567           5223201606167501035911567    10.73      1      0    16.00  0.00  2.00
B20033567           5223201606167502214982507    18.78      2      0    16.00  0.00  2.00
B20033567           5223201606167501001157296    14.29      1      0    16.00  0.00  2.00
B20033567           5223201606167896009490651    72.08     12      0    16.00  0.00  2.00
B20033567           5223201606167503002057698    89.26      5      0     0.00  0.00  2.00
B20033567           5223201606167501417515949   105.74      1      0    16.00  0.00  2.00
B20033567           522320160616     75010690     7.64      2      0    16.00  0.00  2.00
B20033567           5223201606167501064560194    32.02      1      0     0.00  0.00  2.00
B20033567           5223201606164015630018277    71.23      1      0    16.00  9.00  2.00
B20033567           5223201606164015630018284   200.15      1      0    16.00  9.00  2.00
B20033568           5223201606167501124311100    37.13      2      0     0.00  0.00 18.00
B20033568           522320160616 714706100901   136.25      1      0     0.00  0.00 18.00
B20033568           5223201606167501417004764    89.29      2      0    16.00  0.00 18.00
B20033568           5223201606167501001147600    16.97      1      0     0.00  0.00 18.00
B20033568           5223201606167501124815677   110.64      1      0     0.00  0.00 18.00
B20033568           5223201606167501088507502   350.90      2      0     0.00  0.00 18.00
B20033568           5223201606167501001116187    88.07      2      0     0.00  0.00 18.00
B20033568           5223201606167501446000744    21.14      2      0     0.00  0.00 18.00
B20033569           5223201606167501188800176    44.29      1      0     0.00  0.00 17.00
B20033569           5223201606167501390911011   164.82      1      0     0.00  0.00 17.00
B20033570           5223201606167501318695467   310.77      1      0     0.00  0.00  0.00
B20033570           5223201606167501318673205   156.88      2      0     0.00  0.00  0.00
B20033570           5223201606167501314702640   157.77      1      0     0.00  0.00  0.00
B20033570           5223201606167501088505003    38.50      8      0     0.00  0.00  0.00
B20033570           5223201606167501088559211    56.00      1      0     0.00  9.09  0.00
B20033570           5223201606167501324402868   448.00      1      0     0.00  0.00  0.00
B20033570           5223201606167501008485408    22.85      1      0     0.00  0.00  0.00
B20033570           522320160616 008400001313    35.61      2      0     0.00  0.00  0.00
B20033570           5223201606167501050625395    19.72      9      0     0.00  0.00  0.00
B20033570           5223201606167501318612655    58.00     10      0     0.00  0.00  0.00
B20033570           5223201606167501088505461   145.00      1      0     0.00  9.09  0.00
B20033570           5223201606167501008498309    33.79      3      0     0.00  0.00  0.00
B20033570           5223201606167501299301579   242.06      5      0     0.00  0.00  0.00
B20033570           5223201606167501328978710   101.33      3      0     0.00  0.00  0.00
B20033570           5223201606168430308320517   145.58      1      0     0.00  0.00  0.00
B20033570           5223201606167501072300034    61.60      1      0     0.00  0.00  0.00
B20033570           522320160616 008400000767   100.94      1      0     0.00  0.00  0.00
B20033570           5223201606167501050600026   244.16      2      0     0.00  0.00  0.00
B20033570           5223201606167501050619943    39.74      2      0     0.00  0.00  0.00
B20033570           5223201606167501314705542   358.53      1      0     0.00  0.00  0.00
B20033571           5224201606167501070900243   305.26      1      0     0.00  0.00 18.00
B20033572           5224201606167501287688330   427.63      2      0     0.00  0.00 18.00
B20033572           5224201606167501287622402    71.41      1      0     0.00  0.00 18.00
B20033572           5224201606167501108763468    67.36      1      0     0.00  0.00 18.00
B20033573           5224201606167501318634732    78.07      2      0     0.00  0.00  0.00
B20033573           5224201606167501088509902   217.50      1      0     0.00  9.09  0.00
B20033573           5224201606167501098603867    86.34      1      0     0.00  0.00  0.00
B20033573           5224201606167501043164726   596.53      1      0     0.00  0.00  0.00
B20033573           5224201606167501089809902    79.70      1      0     0.00  0.00  0.00
B20033573           5224201606167501050617055    32.91      5      0     0.00  0.00  0.00
B20033573           5224201606167501088505416    77.80      1      0     0.00  9.09  0.00
B20033573           5224201606167501089804136   174.96      1      0     0.00  0.00  0.00
B20033573           5224201606167501050693530    35.83      2      0     0.00  0.00  0.00
B20033573           5224201606167501050625395    19.72      2      0     0.00  0.00  0.00
B20033574           5224201606167891024123485    41.80      2      0    16.00  0.00  2.00
B20033574           5224201606160020800600347    28.21      2      0    16.00  0.00  2.00
B20033574           5224201606167501001157296    14.29      1      0    16.00  0.00  2.00
B20033575           522720160616 736085401288   107.95      1      0     0.00  0.00 18.00
B20033575           522720160616 714706901508    22.24      1      0     0.00  0.00 18.00
B20033575           5227201606167590002012468    58.09      6      0     0.00  0.00 18.00
B20033575           5227201606167501094915353   107.43      2      0     0.00  0.00 18.00
B20033575           5227201606167501417001749    41.67      1      0    16.00  0.00 18.00
B20033575           5227201606167501001147587    16.97      2      0     0.00  0.00 18.00
B20033575           522720160616 714706100109    92.99      2      0     0.00  0.00 18.00
B20033575           5227201606167501070903688   213.08      1      0     0.00  0.00 18.00
B20033576           522720160616 891671002277   294.44      1      0     0.00  0.00  0.00
B20033576           5227201606167501098606608   277.00      1      0     0.00  0.00  0.00
B20033576           522720160616 650240012525    35.76     10      0    16.00  0.00  0.00
B20033576           5227201606167501092777212   395.79      1      0     0.00  0.00  0.00
B20033576           522720160616 650240009525    35.76     10      0    16.00  0.00  0.00
B20033576           522720160616 650240009518    35.76     10      0    16.00  0.00  0.00
B20033576           5227201606167501174600117    20.17      6      0     0.00  0.00  0.00
B20033576           5227201606167501092743033   241.40      1      0     0.00  0.00  0.00
B20033576           5227201606167501165006386   261.31      1      0     0.00  0.00  0.00
B20033576           5227201606167501300408556   295.00      1      0     0.00  0.00  0.00
B20033576           5227201606167501050619943    39.74      2      0     0.00  0.00  0.00
B20033576           5227201606167501318634756   167.28      1      0     0.00  0.00  0.00
B20033576           5227201606167501318645295   110.55      1      0     0.00  0.00  0.00
B20033576           5227201606167501314704873   179.26      1      0     0.00  0.00  0.00
B20033576           5227201606167501318634732    78.07      1      0     0.00  0.00  0.00
B20033576           5227201606167501300409881   132.50      1      0     0.00  0.00  0.00
B20033576           5227201606167501050617055    32.91      2      0     0.00  0.00  0.00
B20033576           522720160616 301320010206    75.23      1      0     0.00  0.00  0.00
B20033576           5227201606167501070635596   213.52      1      0     0.00  0.00  0.00
B20033576           5227201606167501050611053   299.60      1      0     0.00  0.00  0.00
B20033576           5227201606167501008409510    63.06      2      0     0.00  0.00  0.00
B20033576           5227201606167501008409572    82.84      1      0     0.00  0.00  0.00
B20033576           5227201606167501314701926   501.94      1      0     0.00  0.00  0.00
B20033576           5227201606167501318670891   253.52      1      0     0.00  0.00  0.00
B20033576           5227201606167501318670907   133.09      1      0     0.00  0.00  0.00
B20033576           5227201606167501088509773    82.00      9      0     0.00  9.09  0.00
B20033576           5227201606167501008433553    36.05      9      0     0.00  0.00  0.00
B20033576           5227201606167501165003040    88.45      3      0     0.00  0.00  0.00
B20033576           5227201606167501072300157    74.65      2      0     0.00  0.00  0.00
B20033577           5227201606167501287687203   622.35      1      0     0.00  0.00 18.00
B20033578           5227201606167501871720217   115.42      1      0     0.00  0.00  2.00
B20033578           522720160616     75000950     8.07     10      0    16.00  0.00  2.00
B20033578           5227201606167501086472048    17.38      2      0    16.00  0.00  2.00
B20033578           5227201606167896009400148    72.08      2      0    16.00  0.00  2.00
B20033578           5227201606160020800600347    28.21      1      0    16.00  0.00  2.00
B20033578           5227201606167896009490651    72.08      2      0    16.00  0.00  2.00
B20033578           5227201606167502214982538    21.61      1      0    16.00  0.00  2.00
B20033545           522820160616 736085400892   353.21      1      0     0.00  0.00 18.00
B20033545           5228201606167501258204279   341.86      1      0     0.00  0.00 18.00
B20033545           5228201606167501168830100   180.56      2      0     0.00  0.00 18.00
B20033545           522820160616 736085156096   193.49      1      0     0.00  0.00 18.00
B20033545           5228201606167501001147594    16.97      5      0     0.00  0.00 18.00
B20033545           5228201606167590002037157    88.07      2      0     0.00  0.00 18.00
B20033545           5228201606167503007704658   322.00      1      0     0.00  0.00 18.00
B20033545           5228201606167501124816933    57.62      3      0     0.00  0.00 18.00
B20033546           5228201606167501390912551   277.16      1      0    16.00  0.00 17.00
B20033547           5228201606167501050611039   158.90      1      0     0.00  0.00  0.00
B20033547           5228201606167501050611411   182.70      1      0     0.00  0.00  0.00
B20033547           5228201606167501008427347    42.35     10      0     0.00  0.00  0.00
B20033547           5228201606167501008485316    20.06      1      0     0.00  0.00  0.00
B20033547           5228201606167501050617055    32.91      4      0     0.00  0.00  0.00
B20033547           5228201606167501165002906    39.30      6      0     0.00  0.00  0.00
B20033547           5228201606163594450400093   233.00      1      0     0.00  0.00  0.00
B20033547           5228201606167501072300133    47.67      2      0     0.00  0.00  0.00
B20033547           5228201606167501324402288   221.00      1      0     0.00  0.00  0.00
B20033547           5228201606167501009000808   143.38      1      0     0.00  0.00  0.00
B20033547           5228201606167501328979502    80.70     14      0     0.00  0.00  0.00
B20033547           5228201606167501088507854   126.00      1      0     0.00  0.00  0.00
B20033547           5228201606167501082242041   359.06      2      0     0.00  0.00  0.00
B20033547           5228201606167501165001725   317.87      1      0     0.00  0.00  0.00
B20033547           5228201606167501088509773    82.00     15      0     0.00  9.09  0.00
B20033547           5228201606167501871720644   302.23      1      0     0.00  0.00  0.00
B20033547           522820160616 008400003270    50.98      2      0    16.00  0.00  0.00
B20033547           5228201606167501046434055   282.25      1      0     0.00  0.00  0.00
B20033547           5228201606167501050606578   215.01      1      0     0.00  0.00  0.00
B20033547           522820160616 650240011351    60.40     10      0     0.00  0.00  0.00
B20033547           522820160616 650240010491    77.69      6      0     0.00  0.00  0.00
B20033547           522820160616 650240010453    43.13      6      0     0.00  0.00  0.00
B20033547           5228201606167501165006430   101.22      2      0     0.00  0.00  0.00
B20033547           522820160616     75026226    66.64      1      0     0.00  0.00  0.00
B20033547           5228201606167501050625272    90.30      6      0    16.00  0.00  0.00
B20033547           522820160616 650240006623    35.76      9      0    16.00  0.00  0.00
B20033547           5228201606167501165008120    19.79      1      0    16.00  0.00  0.00
B20033547           5228201606167501088505492   143.00      1      0     0.00  0.00  0.00
B20033547           5228201606167501165009486    56.02      2      0    16.00  0.00  0.00
B20033548           5228201606167501108765561   114.67      1      0     0.00  0.00 18.00
B20033548           5228201606167501287688231   814.04      2      0     0.00  0.00 18.00
B20033548           522820160616  36600963230    26.80      2      0    16.00  0.00 18.00
B20033548           5228201606167501070903084   153.07      1      0     0.00  0.00 18.00
B20033548           5228201606167501108712213   701.47      1      0     0.00  0.00 18.00
B20033548           5228201606167501057002120   243.08      1      0     0.00  0.00 18.00
B20033549           5228201606167509546000343    16.46     15      0    16.00  0.00  2.00
B20033549           5228201606167501022105436    12.38      6      0    16.00  0.00  2.00
B20033549           5228201606167501065054128    32.04      2      0     0.00  0.00  2.00
B20033549           5228201606167702003469305    18.36     11      0    16.00  0.00  2.00
B20033549           5228201606165900273001566    16.06      3      0    16.00  0.00  2.00
B20033549           5228201606167503002057698    89.26      2      0     0.00  0.00  2.00
B20033549           5228201606167501417515949   105.74      1      0    16.00  0.00  2.00
B20033549           5228201606167502013010449     3.97      2      0    16.00  0.00  2.00
B20033549           5228201606167502013010463     8.31      2      0    16.00  0.00  2.00
B20033549           5228201606167501035911567    10.73     16      0    16.00  0.00  2.00
B20033550           5230201606167590002042090   144.50      1      0     0.00  0.00 18.00
B20033550           5230201606167501258203227   493.44      1      0     0.00  0.00 18.00
B20033550           5230201606167501094916688  1033.62      1      0     0.00  0.00 18.00
B20033550           5230201606167501124817701    80.21      2      0     0.00  0.00 18.00
B20033550           5230201606167501001147587    16.97      1      0     0.00  0.00 18.00
B20033550           5230201606167503007704658   322.00      2      0     0.00  0.00 18.00
B20033550           5230201606167501168860824   292.25      1      0     0.00  0.00 18.00
B20033550           5230201606167501168870625   543.25      1      0     0.00  0.00 18.00
B20033550           523020160616 736085183016   190.91      1      0     0.00  0.00 18.00
B20033550           523020160616 714706901508    22.24      2      0     0.00  0.00 18.00
B20033550           523020160616 714706901706    22.24      1      0     0.00  0.00 18.00
B20033550           5230201606167501124311100    37.13      9      0     0.00  0.00 18.00
B20033550           523020160616 714706100901   136.25      5      0     0.00  0.00 18.00
B20033550           5230201606167501073025585     5.07      2      0    16.00  0.00 18.00
B20033550           5230201606167501001147594    16.97      1      0     0.00  0.00 18.00
B20033550           523020160616 714706100109    92.99      1      0     0.00  0.00 18.00
B20033550           5230201606167501125125331    28.06      1      0    16.00  0.00 18.00
B20033550           5230201606167501124817718   103.65      1      0     0.00  0.00 18.00
B20033550           5230201606167501001246563   645.98      1      0     0.00  0.00 18.00
B20033551           5230201606167501390910953   192.70      1      0    16.00  0.00 17.00
B20033551           5230201606167501390911011   164.82      1      0     0.00  0.00 17.00
B20033551           5230201606167501390911004   353.42      1      0     0.00  0.00 17.00
B20033551           5230201606167502250340736    15.64     20      0    16.00  0.00 17.00
B20033552           523020160616     75009328    33.33      1      0     0.00  0.00 18.00
B20033552           5230201606167501287630926   186.78      2      0     0.00  0.00 18.00
B20033552           5230201606167501287630124    99.96      6      0     0.00  0.00 18.00
B20033552           5230201606167501287670014   290.70      1      0     0.00  0.00 18.00
B20033552           5230201606167501201400710   349.09      2      0    16.00  0.00 18.00
B20033552           5230201606167501287688330   427.63      1      0     0.00  0.00 18.00
B20033552           5230201606167501201400833   669.65      1      0     0.00  0.00 18.00
B20033552           5230201606167502224228916   242.67      6      0    16.00  0.00 18.00
B20033552           5230201606167501287688231   814.04      2      0     0.00  0.00 18.00
B20033553           5230201606167501092743033   241.40      1      0     0.00  0.00  0.00
B20033553           5230201606167501089809490    79.70      2      0     0.00  0.00  0.00
B20033553           5230201606167501050625395    19.72     23      0     0.00  0.00  0.00
B20033553           5230201606167501092777212   395.79      2      0     0.00  0.00  0.00
B20033553           5230201606167501088559129    74.30      1      0     0.00  9.09  0.00
B20033553           5230201606167501008485033    39.79     11      0     0.00  0.00  0.00
B20033553           523020160616 891671002277   294.44      1      0     0.00  0.00  0.00
B20033553           5230201606167501037905588   499.71      2      0     0.00  0.00  0.00
B20033553           5230201606167501303442601   307.79      1      0     0.00  0.00  0.00
B20033553           5230201606167501314703944   387.21      1      0     0.00  0.00  0.00
B20033553           5230201606167501165008120    19.79      1      0    16.00  0.00  0.00
B20033553           5230201606167501037935196   442.57      1      0     0.00  0.00  0.00
B20033553           5230201606167501300408945   273.75      1      0     0.00  0.00  0.00
B20033553           5230201606167501043101011   740.22      1      0     0.00  0.00  0.00
B20033553           5230201606167501088505430    67.00      1      0     0.00 16.66  0.00
B20033553           5230201606168429420084520   258.08      1      0    16.00  0.00  0.00
B20033553           5230201606167501165006362   462.66      1      0     0.00  0.00  0.00
B20033553           5230201606167501050621342    51.57      1      0     0.00  0.00  0.00
B20033553           5230201606167501101649653   166.90      1      0     0.00  0.00  0.00
B20033553           5230201606167501098633260   497.00      1      0     0.00  0.00  0.00
B20033553           5230201606167501050619974    45.48      6      0     0.00  0.00  0.00
B20033553           5230201606167501050623766    49.72      2      0     0.00  0.00  0.00
B20033553           5230201606167501299307922    61.18      2      0     0.00  0.00  0.00
B20033553           5230201606167501314701353   446.72      1      0     0.00  0.00  0.00
B20033554           5230201606167501035911567    10.73     21      0    16.00  0.00  2.00
B20033554           5230201606168423372021053   284.21      1      0    16.00  0.00  2.00
B20033554           5230201606167501065045225    24.00     21      0    16.00  0.00  2.00
B20033554           5230201606167501065030405    17.41     10      0     0.00  0.00  2.00
B20033554           5230201606167501064560194    32.02     10      0     0.00  0.00  2.00
B20033554           5230201606167501054530008    73.96      1      0    16.00  0.00  2.00
B20033554           5230201606167501048941001     7.70     32      0    16.00  0.00  2.00
B20033554           5230201606165900273001566    16.06      4      0    16.00  0.00  2.00
B20033554           5230201606167501035915121    13.95      5      0    16.00  0.00  2.00
B20033554           5230201606167896009400148    72.08      1      0    16.00  0.00  2.00
B20033554           5230201606167891010020927    45.92      6      0    16.00  0.00  2.00
B20033554           5230201606167891024123485    41.80      2      0    16.00  0.00  2.00
B20033554           5230201606167501078231288    43.83      1      0    16.00  0.00  2.00
B20033554           5230201606167501035911031    20.20      6      0    16.00  0.00  2.00
B20033554           5230201606167509546000343    16.46     75      0    16.00  0.00  2.00
B20033554           5230201606167702018913640    34.70      1      0    16.00  0.00  2.00
B20033554           5230201606167502214982811    26.40      2      0    16.00  0.00  2.00
B20033554           523020160616 729513100631    31.45      1      0    16.00  0.00  2.00
B20033554           5230201606167502214982477    17.80     14      0    16.00  0.00  2.00
B20033554           5230201606167896009490651    72.08      2      0    16.00  0.00  2.00
B20033554           5230201606167501078231295    43.82      1      0    16.00  0.00  2.00
B20033555           5230201606167501101627224   175.00      1      0     0.00  0.00  0.00
B20033555           5230201606167501165002890    52.97      1      0     0.00  0.00  0.00
B20033555           5230201606167501088575600    86.00      2      0     0.00  9.09  0.00
B20033555           5230201606167501088507908   153.50      2      0     0.00  9.09  0.00
B20033555           5230201606167501050613453    37.50      5      0     0.00  0.00  0.00
B20033555           5230201606167501098602587   477.00      1      0     0.00  0.00  0.00
B20033555           5230201606167501082212143   278.87      2      0     0.00  0.00  0.00
B20033555           523020160616 008400001344   308.78      1      0     0.00  0.00  0.00
B20033555           5230201606167501328979267   650.93      2      0     0.00  0.00  0.00
B20033555           5230201606167501314701827   340.59      2      0     0.00  0.00  0.00
B20033555           5230201606167501314704347    93.24      4      0     0.00  0.00  0.00
B20033555           5230201606167501008443033    20.06     11      0     0.00  0.00  0.00
B20033555           5230201606167501034665553    51.04      2      0     0.00  0.00  0.00
B20033555           5230201606167501092793038   143.92      2      0     0.00  0.00  0.00
B20033555           5230201606167501088505126    75.00      5      0     0.00  9.09  0.00
B20033555           5230201606167501088575396    77.60      3      0     0.00  0.00  0.00
B20033555           5230201606167501088579707    81.80      5      0     0.00  9.09  0.00
B20033555           5230201606167501050661201    38.44      1      0     0.00  0.00  0.00
B20033555           5230201606167501050610629   159.60      2      0     0.00  0.00  0.00
B20033555           5230201606167501174600117    20.17      9      0     0.00  0.00  0.00
B20033555           5230201606167501088509773    82.00      5      0     0.00  9.09  0.00
B20033555           5230201606167501089809445   122.47      2      0     0.00  0.00  0.00
B20033555           5230201606167501098611312   270.00      1      0     0.00  0.00  0.00
B20033555           5230201606167501168870816    95.57      2      0     0.00  0.00  0.00
B20033555           5230201606167501318634756   167.28      1      0     0.00  0.00  0.00
B20033555           5230201606167501314704958   132.65      1      0     0.00  0.00  0.00
B20033555           5230201606167501314707638    25.09      1      0     0.00  0.00  0.00
B20033555           5230201606167501050613460    39.02      1      0     0.00  0.00  0.00
B20033555           5230201606167501050614641    36.95      1      0     0.00  0.00  0.00
B20033555           5230201606167501300409911   354.38      5      0     0.00  0.00  0.00
B20033555           5230201606167501046482322   196.08      1      0     0.00  0.00  0.00
B20033555           5230201606167501008433553    36.05      1      0     0.00  0.00  0.00
B20033555           5230201606167501008409503    88.26      4      0     0.00  0.00  0.00
B20033555           5230201606167501009071471   150.08      2      0     0.00  0.00  0.00
B20033555           5230201606167501165000193   119.12      1      0     0.00  0.00  0.00
B20033555           5230201606167501008485408    22.85      1      0     0.00  0.00  0.00
B20033555           5230201606167501008493007   179.23      3      0     0.00  0.00  0.00
B20033555           5230201606167501318606203   188.85      1      0     0.00  0.00  0.00
B20033555           5230201606167501318620162   211.16      1      0     0.00  0.00  0.00
B20033555           5230201606167501050617055    32.91      1      0     0.00  0.00  0.00
B20033555           5230201606167501299301067    72.49      1      0     0.00  0.00  0.00
B20033555           5230201606167501318646360   136.80      1      0     0.00  0.00  0.00
B20033555           5230201606167501314705153   340.59      1      0     0.00  0.00  0.00
B20033555           5230201606167501061019008   197.32      2      0     0.00  0.00  0.00
B20033555           5230201606167501070615437   268.10      1      0     0.00  0.00  0.00
B20033555           5230201606167501072340092   104.29      2      0     0.00  0.00  0.00
B20033555           5230201606167501385420238   151.90      1      0     0.00  0.00  0.00
B20033555           5230201606167501328979113   359.76      1      0     0.00  0.00  0.00
B20033555           5230201606167501314703227   258.16      2      0     0.00  0.00  0.00
B20033555           5230201606167501385491085   172.90      2      0     0.00  0.00  0.00
B20033556           5235201606167502209850859   142.41      2      0     0.00  0.00  0.00
B20033556           5235201606167501298217703   254.79      6      0     0.00  0.00  0.00
B20033556           5235201606167501008486504    16.64      1      0    16.00  0.00  0.00
B20033556           5235201606167501050630023    57.59      2      0     0.00  0.00  0.00
B20033556           5235201606167501165007611    95.77      2      0    16.00  0.00  0.00
B20033556           5235201606167501298217697   191.61      1      0     0.00  0.00  0.00
B20033556           5235201606167501298217673   120.19      1      0     0.00  0.00  0.00
B20033556           5235201606167501314707645    25.08      2      0     0.00  0.00  0.00
B20033556           5235201606167501300409911   354.38      1      0     0.00  0.00  0.00
B20033556           5235201606167501314701254    64.54      1      0     0.00  0.00  0.00
B20033556           5235201606168430206280289   148.17      1      0    16.00  0.00  0.00
B20033556           5235201606167501314704873   179.26      2      0     0.00  0.00  0.00
B20033556           5235201606167501046464519   141.64      1      0     0.00  0.00  0.00
B20033556           5235201606167501050613460    39.02      1      0     0.00  0.00  0.00
B20033556           5235201606167501070634810   224.70      2      0     0.00  0.00  0.00
B20033556           5235201606167501046482322   196.08      1      0     0.00  0.00  0.00
B20033556           5235201606167501318620162   211.16      1      0     0.00  0.00  0.00
B20033556           5235201606167501318620223   180.65      1      0     0.00  0.00  0.00
B20033556           5235201606167501043166522   740.49      1      0     0.00  0.00  0.00
B20033556           5235201606167501008409541    37.98      2      0     0.00  0.00  0.00
B20033556           5235201606167501008427330    72.80      3      0     0.00  0.00  0.00
B20033556           5235201606167501008485408    22.85      1      0     0.00  0.00  0.00
B20033556           5235201606167501008486528    25.32      1      0    16.00  0.00  0.00
B20033556           5235201606167501008465653   111.74      2      0     0.00  0.00  0.00
B20033556           5235201606167501314701827   340.59      2      0     0.00  0.00  0.00
B20033556           5235201606167501089802033   234.58      1      0     0.00  0.00  0.00
B20033556           5235201606167501314704552   107.05      2      0     0.00  0.00  0.00
B20033556           5235201606167501088505355    41.80      1      0     0.00  0.00  0.00
B20033556           5235201606167501314703449   211.53      1      0     0.00  0.00  0.00
B20033556           5235201606167501088509773    82.00     14      0     0.00  9.09  0.00
B20033556           5235201606167896116861566   268.39      2      0     0.00  0.00  0.00
B20033556           5235201606167501098611305   301.00      1      0     0.00  0.00  0.00
B20033556           5235201606167501050693530    35.83      1      0     0.00  0.00  0.00
B20033556           5235201606167501082212143   278.87      1      0     0.00  0.00  0.00
B20033556           523520160616 008400001313    35.61      3      0     0.00  0.00  0.00
B20033556           5235201606167501050699723   275.80      2      0     0.00  0.00  0.00
B20033556           5235201606167501050624572    47.83      2      0     0.00  0.00  0.00
B20033556           5235201606167501088542756    76.00      1      0     0.00  0.00  0.00
B20033556           523520160616 650240007408    42.69     10      0     0.00  0.00  0.00
B20033556           523520160616     75026226    66.64      5      0     0.00  0.00  0.00
B20033556           523520160616 650240011351    60.40      5      0     0.00  0.00  0.00
B20033557           523520160616 736085171051   203.21      1      0     0.00  0.00 18.00
B20033557           523520160616 714706901508    22.24      1      0     0.00  0.00 18.00
B20033557           5235201606167501124810986    53.73      2      0     0.00  0.00 18.00
B20033557           5235201606167590002012468    58.09      7      0     0.00  0.00 18.00
B20033557           5235201606167501285600365   175.18      2      0     0.00  0.00 18.00
B20033557           5235201606167501124810917   112.41      1      0     0.00  0.00 18.00
B20033557           5235201606167501124311100    37.13      5      0     0.00  0.00 18.00
B20033557           523520160616 382903267798    34.77      2      0    16.00  0.00 18.00
B20033558           5235201606167501108765592   104.83      1      0     0.00  0.00 18.00
B20033558           5235201606167501287619105   668.36      2      0     0.00  0.00 18.00
B20033558           5235201606167501050611657   198.78      2      0     0.00  0.00 18.00
B20033558           5235201606167501228300406   147.07      1      0     0.00  0.00 18.00
B20033559           5235201606167501035911567    10.73      5      0    16.00  0.00  2.00
B20033559           5235201606164005808803002    18.13      5      0    16.00  0.00  2.00
B20033559           5235201606167896009490651    72.08      2      0    16.00  0.00  2.00
B20033559           5235201606167702003477270    23.79      5      0    16.00  0.00  2.00
B20033559           5235201606167509546000343    16.46      1      0    16.00  0.00  2.00
B20033559           523520160616 310158077046    49.65      2      0    16.00  0.00  2.00
B20033559           5235201606164005808802814    18.13      1      0    16.00  0.00  2.00
B20033559           5235201606167501043163002   250.79      1      0     0.00  0.00  2.00
B20033559           5235201606160020800600347    28.21     14      0    16.00  0.00  2.00
B20033559           5235201606167501035908253    28.03      3      0    16.00  0.00  2.00
B20033559           5235201606167502214982538    21.61      5      0    16.00  0.00  2.00
B20033560           5235201606167501390910991   320.62      1      0     0.00  0.00 17.00
B20033560           5235201606163499320001342   264.43      1      0     0.00  4.00 17.00
B20032277           523620160616 736085105032    86.04      1      0     0.00  0.00 18.00
B20032277           523620160616 736085126006   202.97      1      0     0.00  0.00 18.00
B20032277           523620160616     75004088   141.98      1      0     0.00  0.00 18.00
B20032277           5236201606167501124311100    37.13      2      0     0.00  0.00 18.00
B20032277           5236201606167501088507601   475.71      1      0     0.00  0.00 18.00
B20032277           5236201606167501417001749    41.67      3      0    16.00  0.00 18.00
B20032277           523620160616 020800753067    44.55      1      0     0.00  0.00 18.00
B20032277           523620160616 714706200809    65.74      1      0     0.00  0.00 18.00
B20032277           5236201606167590002012475    99.78      5      0     0.00  0.00 18.00
B20032277           5236201606167501001353377    62.23      1      0     0.00  0.00 18.00
B20032277           523620160616 736085405668   383.66      2      0     0.00  0.00 18.00
B20032278           5236201606167501390912551   277.16      1      0    16.00  0.00 17.00
B20032278           5236201606167501390910953   192.70      1      0    16.00  0.00 17.00
B20032278           5236201606167501289511698   671.25      1      0    16.00  0.00 17.00
B20032279           5236201606163594450400093   233.00      1      0     0.00  0.00  0.00
B20032279           5236201606167501072300133    47.67      2      0     0.00  0.00  0.00
B20032279           5236201606167501201340016   190.90      2      0     0.00  0.00  0.00
B20032279           5236201606167501050693530    35.83      1      0     0.00  0.00  0.00
B20032279           5236201606167501050613453    37.50      2      0     0.00  0.00  0.00
B20032279           5236201606167501050613460    39.02      1      0     0.00  0.00  0.00
B20032279           5236201606167501008485408    22.85      1      0     0.00  0.00  0.00
B20032279           523620160616 650240010453    43.13      2      0     0.00  0.00  0.00
B20032279           5236201606167501050621342    51.57      1      0     0.00  0.00  0.00
B20032279           5236201606167501300407160   308.13      1      0     0.00  0.00  0.00
B20032279           5236201606167501070615277   338.10      2      0     0.00  0.00  0.00
B20032279           5236201606167501583300318   211.05      2      0     0.00  0.00  0.00
B20032279           5236201606167501061002703    29.30      1      0     0.00  0.00  0.00
B20032279           5236201606167501318657304    98.88      1      0     0.00  0.00  0.00
B20032279           5236201606167501098624114   379.00      1      0     0.00  0.00  0.00
B20032279           5236201606167501092743033   241.40      1      0     0.00  0.00  0.00
B20032279           5236201606167501299307526   258.68      1      0     0.00  0.00  0.00
B20032279           523620160616     75026226    66.64      2      0     0.00  0.00  0.00
B20032279           5236201606167501299303290    46.55      2      0     0.00  0.00  0.00
B20032279           5236201606167501033957871   502.42      2      0     0.00  0.00  0.00
B20032280           5236201606167501108763468    67.36      2      0     0.00  0.00 18.00
B20032280           5236201606167501287678034   176.39      2      0     0.00  0.00 18.00
B20032281           5236201606167501035908246    14.80      6      0    16.00  0.00  2.00
B20032281           5236201606167501086472048    17.38      6      0    16.00  0.00  2.00
B20032281           5236201606167501318688827   141.47      1      0     0.00  0.00  2.00
B20032281           5236201606167891010020927    45.92      2      0    16.00  0.00  2.00
B20033561           5237201606167502213142384   342.78      1      0     0.00  0.00 18.00
B20033561           523720160616 020800753067    44.55      1      0     0.00  0.00 18.00
B20033561           5237201606167501168830100   180.56      1      0     0.00  0.00 18.00
B20033561           5237201606167501073025554     5.07      5      0    16.00  0.00 18.00
B20033561           5237201606167501073025585     5.07      5      0    16.00  0.00 18.00
B20033561           5237201606167503007704597   181.00      1      0     0.00  0.00 18.00
B20033561           5237201606167501124814984    45.67      2      0     0.00  0.00 18.00
B20033561           5237201606167501073025387     3.26      5      0    16.00  0.00 18.00
B20033561           5237201606167501073025561     5.07      5      0    16.00  0.00 18.00
B20033561           5237201606167501001147594    16.97      1      0     0.00  0.00 18.00
B20033561           5237201606167501073025608     5.07      5      0    16.00  0.00 18.00
B20033561           5237201606167501073025493     4.62      5      0    16.00  0.00 18.00
B20033562           5237201606167501108765585    87.36      1      0     0.00  0.00 18.00
B20033563           5237201606167503000897425    28.33      5      0    16.00  2.00  2.00
B20033563           5237201606167502214982514    18.78      5      0    16.00  0.00  2.00
B20033563           5237201606167501065045225    24.00      1      0    16.00  0.00  2.00
B20033563           5237201606165000198281750    48.95      2      0    16.00  0.00  2.00
B20033563           523720160616  37000394969    30.72      1      0    16.00  0.00  2.00
B20033563           5237201606167503000897388    13.62      5      0    16.00  2.00  2.00
B20033563           5237201606167502214982538    21.61      5      0    16.00  0.00  2.00
B20033563           5237201606167501877650396     1.90      2      0    16.00  0.00  2.00
B20033563           5237201606167501035911567    10.73      4      0    16.00  0.00  2.00
B20033563           523720160616 729513130164    16.87     10      0    16.00  0.00  2.00
B20033563           523720160616 729513130171    22.92      5      0    16.00  0.00  2.00
B20033563           5237201606167501048940806     7.70      5      0    16.00  0.00  2.00
B20033563           5237201606167501048940905     7.69      5      0    16.00  0.00  2.00
B20033563           523720160616     75000950     8.07      5      0    16.00  0.00  2.00
B20033563           5237201606167501048781966    71.72      1      0    16.00 10.00  2.00
B20033563           5237201606167502013010470     4.32      8      0    16.00  0.00  2.00
B20033563           5237201606167501563020045     5.72      2      0    16.00  0.00  2.00
B20033563           5237201606167501023108191    48.69      3      0    16.00  0.00  2.00
B20033563           5237201606167502004531441     4.72     10      0    16.00 10.00  2.00
B20033564           5237201606167502250340736    15.64      1      0    16.00  0.00 17.00
B20033564           5237201606167501390911547   337.02      1      0     0.00  0.00 17.00
B20033564           5237201606167501123015405   122.97      1      0     0.00  0.00 17.00
B20033565           5237201606167501328975436   147.77      1      0     0.00  0.00  0.00
B20033565           5237201606167501088505256    73.50      1      0     0.00  0.00  0.00
B20033565           5237201606167501092793052    67.38      2      0     0.00  0.00  0.00
B20033565           5237201606167501318644335    49.13      1      0     0.00  0.00  0.00
B20033565           5237201606167501318646223   102.70      5      0     0.00  0.00  0.00
B20033565           5237201606167501300409911   354.38      2      0     0.00  0.00  0.00
B20033565           5237201606167501328976051   250.38      1      0     0.00  0.00  0.00
B20033565           5237201606167501165001978    76.68      1      0     0.00  0.00  0.00
B20033565           5237201606167501072300157    74.65      2      0     0.00  0.00  0.00
B20033565           5237201606167501328978710   101.33      2      0     0.00  0.00  0.00
B20033565           5237201606167501385420238   151.90      2      0     0.00  0.00  0.00
B20033565           523720160616 008400001313    35.61      1      0     0.00  0.00  0.00
B20033565           5237201606167501050606288    74.25      6      0     0.00  0.00  0.00
B20033565           5237201606167501165006430   101.22      1      0     0.00  0.00  0.00
B20033565           5237201606167501072300164    44.49      2      0     0.00  0.00  0.00
B20032282           5241201606167501185730568    76.40      1      0     0.00  0.00 18.00
B20032283           524120160616 354312625018    40.74      1      0     0.00  0.00 17.00
B20032283           524120160616 354312425014    35.56      1      0     0.00  0.00 17.00
B20032284           5241201606167501314707805    99.45      1      0     0.00  0.00  0.00
B20032284           5241201606167501008409534   133.84      1      0     0.00  0.00  0.00
B20032284           5241201606167501328979502    80.70      2      0     0.00  0.00  0.00
B20032284           5241201606167501088579615    78.50      2      0     0.00  9.09  0.00
B20032284           5241201606167501088559112    58.80      2      0     0.00  9.09  0.00
B20032284           5241201606167501318634756   167.28      1      0     0.00  0.00  0.00
B20032284           5241201606167501061019008   197.32      1      0     0.00  0.00  0.00
B20032284           5241201606167501088505355    41.80      1      0     0.00  0.00  0.00
B20032284           5241201606167501385410000   387.10      2      0     0.00  0.00  0.00
B20032284           524120160616 008400001313    35.61      2      0     0.00  0.00  0.00
B20032284           5241201606167501089809490    79.70      1      0     0.00  0.00  0.00
B20032284           5241201606167501101649653   166.90      2      0     0.00  0.00  0.00
B20032284           5241201606167501050614597    64.80      1      0     0.00  0.00  0.00
B20032284           5241201606167501008485033    39.79      2      0     0.00  0.00  0.00
B20032284           5241201606167501008486504    16.64      2      0    16.00  0.00  0.00
B20032284           5241201606167501050621342    51.57      2      0     0.00  0.00  0.00
B20032284           524120160616 008400005229   223.22      1      0     0.00  0.00  0.00
B20032284           5241201606167501050614849    70.02      1      0     0.00  0.00  0.00
B20032284           524120160616 650240010736    66.98      2      0    16.00  0.00  0.00
B20032285           5241201606167501108767527    62.83      5      0     0.00  0.00 18.00
B20032285           5241201606167501287622402    71.41      1      0     0.00  0.00 18.00
B20032286           5241201606167501035911062    11.41      6      0    16.00  0.00  2.00
B20032286           5241201606167502214982538    21.61      1      0    16.00  0.00  2.00
B20032286           5241201606167509546009179    15.22      1      0    16.00  0.00  2.00
B20032286           524120160616 729513100488    63.76      1      0    16.00  0.00  2.00
B20032286           5241201606167502214982811    26.40     12      0    16.00  0.00  2.00
B20032286           5241201606167501417515949   105.74      1      0    16.00  0.00  2.00
B20032286           5241201606167702003469305    18.36      6      0    16.00  0.00  2.00
B20032286           5241201606167502013010470     4.32      9      0    16.00  0.00  2.00
B20032286           5241201606167501035908246    14.80      2      0    16.00  0.00  2.00
B20032286           5241201606160020800600347    28.21     11      0    16.00  0.00  2.00
B20032286           5241201606167501035915121    13.95      2      0    16.00  0.00  2.00
B20031159           5243201606167501324402950  9321.00      1      0     0.00  0.00  0.00
B20031377           5243201606167590002012468    58.09      1      0     0.00  0.00 18.00
B20031377           5243201606167501124810986    53.73      1      0     0.00  0.00 18.00
B20031377           5243201606167501124311094    37.13      1      0     0.00  0.00 18.00
B20031377           5243201606167503007704597   181.00      2      0     0.00  0.00 18.00
B20031377           5243201606167501417001749    41.67      1      0    16.00  0.00 18.00
B20031377           524320160616 020800756440    44.55      2      0     0.00  0.00 18.00
B20031378           5243201606167501046488973   465.40      1      0     0.00  0.00  0.00
B20031378           5243201606167501165000315    82.77      1      0     0.00  0.00  0.00
B20031378           5243201606167501008496152    49.92      1      0     0.00  0.00  0.00
B20031378           5243201606167501034651020   157.55      1      0     0.00  9.09  0.00
B20031378           5243201606168430206280289   148.17      1      0    16.00  0.00  0.00
B20031378           5243201606167501324403711  2541.00      1      0     0.00  0.00  0.00
B20031378           5243201606167501300408709   267.50      1      0     0.00  0.00  0.00
B20031378           524320160616 650240001314   258.39      2      0     0.00  0.00  0.00
B20031378           5243201606167501008443033    20.06      1      0     0.00  0.00  0.00
B20031378           5243201606167501092743057   192.99      1      0     0.00  0.00  0.00
B20031378           5243201606167501072300164    44.49      1      0     0.00  0.00  0.00
B20031378           5243201606167501088508929    58.70      2      0     0.00  9.09  0.00
B20031378           5243201606167501088509766    54.20      2      0     0.00  9.09  0.00
B20031378           5243201606167501088509773    82.00      1      0     0.00  9.09  0.00
B20031378           5243201606167501050600026   244.16      1      0     0.00  0.00  0.00
B20031378           5243201606167501082201406   555.83      2      0     0.00  0.00  0.00
B20031378           5243201606167501082212143   278.87      1      0     0.00  0.00  0.00
B20031378           524320160616 650240011351    60.40      4      0     0.00  0.00  0.00
B20031378           524320160616 650240009518    35.76      1      0    16.00  0.00  0.00
B20031378           524320160616 650240005398    64.39      3      0     0.00  0.00  0.00
B20031378           5243201606167501008486320    26.51      1      0     0.00  0.00  0.00
B20031378           5243201606167501088508998   225.00      1      0     0.00 16.66  0.00
B20031378           5243201606167501299307915    65.17      1      0     0.00  0.00  0.00
B20031378           524320160616 650240007019    73.75      2      0    16.00  0.00  0.00
B20031378           5243201606167501008497340   135.29      6      0     0.00  0.00  0.00
B20031378           5243201606167501098610049    70.00      1      0     0.00  0.00  0.00
B20031379           5243201606167501287670304   456.95      1      0     0.00  0.00 18.00
B20031379           524320160616  36600963230    26.80      3      0    16.00  0.00 18.00
B20031380           5243201606167503002057698    89.26      2      0     0.00  0.00  2.00
B20031380           5243201606167502214982514    18.78      1      0    16.00  0.00  2.00
B20031380           5243201606167501086472048    17.38      6      0    16.00  0.00  2.00
B20031380           5243201606164005808225941    31.44      5      0    16.00  0.00  2.00
B20031380           524320160616  37000394969    30.72      2      0    16.00  0.00  2.00
B20031380           5243201606167501035908253    28.03      1      0    16.00  0.00  2.00
N2690297            5373201606167501022105436    12.38      1      0    16.00  0.00  2.00
N2690297            5373201606167501328979366   130.18      1      0     0.00  0.00  0.00
N2690297            5373201606167501119500366    11.44      1      0    16.00  0.00  2.00
N2690297            5373201606167896009490651    72.08      1      0    16.00  0.00  2.00
N2690297            5373201606167891010020927    45.92      1      0    16.00  0.00  2.00
N2690297            5373201606167501877651720     2.58     37      0    16.00  0.00  2.00
N2690297            5373201606167502013010463     8.31      5      0    16.00  0.00  2.00
N2690297            537320160616 650240014451   100.50      1      0    16.00  0.00  0.00
N2690298            5374201606167501008497340   135.29      1      0     0.00  0.00  0.00
N2690298            5374201606167501008497623   219.06      1      0     0.00  0.00  0.00
N2690298            5374201606167501054503576    28.07      1      0    16.00  0.00  2.00
N2690298            537420160616 301320010206    75.23      1      0     0.00  0.00  0.00
N2690298            5374201606167501165000315    82.77      1      0     0.00  0.00  0.00
N2690298            5374201606167501088505355    41.80      1      0     0.00  0.00  0.00
N2690298            537420160616 008400004536   184.57      1      0     0.00  0.00  0.00
N2690298            5374201606164005808837472    23.60      1      0    16.00  0.00  2.00
N2690298            5374201606167501065054128    32.04      1      0     0.00  0.00  2.00
N2690298            537420160616 650240011177    76.91      2      0     0.00  0.00  0.00
N2690298            537420160616 650240006623    35.76      2      0    16.00  0.00  0.00
N2690298            537420160616 650240009518    35.76      2      0    16.00  0.00  0.00
N2690298            537420160616 650240007750    29.73      1      0    16.00  0.00  0.00
N2690299            5374201606167501001353377    62.23      1      0     0.00  0.00 18.00
N2690300            5374201606167501050611657   198.78      1      0     0.00  0.00 18.00
N2690300            5374201606167501228300406   147.07      1      0     0.00  0.00 18.00
N2689774            5397201606167501390911011   164.82      1      0     0.00  0.00 17.00
N2689774            5397201606167501108762157   131.78      1      0     0.00  0.00 18.00
N2689774            5397201606167502216930452   235.02      1      0     0.00  0.00 18.00
N2689775            5397201606167501877651720     2.58      3      0    16.00  0.00  2.00
N2689775            5397201606167501871720668   182.59      1      0     0.00  0.00  0.00
N2689775            539720160616 650240002465   120.90      1      0     0.00  0.00  0.00
N2689775            5397201606167501064560194    32.02      1      0     0.00  0.00  2.00
N2689775            5397201606167501043110686   339.67      1      0     0.00  0.00  0.00
N2689775            5397201606165900273001566    16.06      1      0    16.00  0.00  2.00
N2689775            5397201606165033439034211   250.51      1      0     0.00  0.00  0.00
N2689775            5397201606167501048621002    29.73      1      0    16.00 10.00  2.00
N2689775            5397201606167501022105283    10.20      1      0    16.00  3.00  2.00
N2689775            5397201606167896009490651    72.08      8      0    16.00  0.00  2.00
N2689775            5397201606167501008497623   219.06      1      0     0.00  0.00  0.00
N2689775            5397201606167501008497074   150.48      1      0     0.00  0.00  0.00
N2689775            539720160616 301320010206    75.23      1      0     0.00  0.00  0.00
N2689775            539720160616 310158077046    49.65      1      0    16.00  0.00  2.00
N2689775            5397201606167501070615277   338.10      1      0     0.00  0.00  0.00
N2689775            5397201606167501318649071   130.84      1      0     0.00  0.00  0.00
N2689775            5397201606167501303433005   215.74      1      0     0.00  0.00  0.00
N2689775            5397201606167501300408228   125.63      1      0     0.00  0.00  0.00
N2689775            5397201606167501318613737   123.42      1      0     0.00  0.00  0.00
N2689776            539720160616 736085401288   107.95      1      0     0.00  0.00 18.00
N2689776            539720160616 382903267798    34.77      1      0    16.00  0.00 18.00
N2689777            5398201606167501108762157   131.78      1      0     0.00  0.00 18.00
N2689778            5398201606168430206280289   148.17      1      0    16.00  0.00  0.00
N2689778            5398201606167501318649071   130.84      1      0     0.00  0.00  0.00
N2689778            5398201606168430308015109   177.83      1      0     0.00  0.00  0.00
N2689778            5398201606167501318626522   311.51      1      0     0.00  0.00  0.00
N2689778            539820160616 310158077046    49.65      2      0    16.00  0.00  2.00
N2689778            5398201606167501046461488   150.82      1      0     0.00  0.00  0.00
N2689778            5398201606167501046464519   141.64      1      0     0.00  0.00  0.00
N2689778            5398201606167501008485316    20.06      1      0     0.00  0.00  0.00
N2689778            5398201606167501008465646    73.77      1      0     0.00  0.00  0.00
N2689778            5398201606167501023104018    28.60      1      0    16.00  0.00  2.00
N2689778            5398201606167501201340016   190.90      1      0     0.00  0.00  0.00
N2689778            5398201606167501385491085   172.90      1      0     0.00  0.00  0.00
N2689778            5398201606167501092772385   153.74      1      0     0.00  0.00  0.00
N2689778            5398201606167501082212143   278.87      1      0     0.00  0.00  0.00
N2689778            5398201606167501050606288    74.25      8      0     0.00  0.00  0.00
N2689778            5398201606167896009490651    72.08      1      0    16.00  0.00  2.00
N2689778            539820160616     75001865    17.13      1      0    16.00  0.00  2.00
N2689778            539820160616     75001858    24.50      1      0    16.00  0.00  2.00
N2689778            5398201606167501065045225    24.00      2      0    16.00  0.00  2.00
N2689779            5398201606167502209290105   366.31      1      0     0.00  0.00 18.00
N2689779            5398201606167501070903510   109.77      1      0     0.00  0.00 18.00
D11601903           5431201606167501124855208   325.88      1      0     0.00  0.00 18.00
D11601903           543120160616 736085132069    50.32      3      0     0.00  0.00 18.00
D11601903           543120160616 736085278507    48.21      3      0     0.00  0.00 18.00
D11601904           5431201606167501328979366   130.18      2      0     0.00  0.00  0.00
D11601904           5431201606167501303442021    45.03      3      0     0.00  0.00  0.00
D11601904           5431201606167501008497074   150.48      2      0     0.00  0.00  0.00
D11601904           5431201606167501165001695   229.89      1      0     0.00  0.00  0.00
D11601904           5431201606167501409201089   339.14      1      0     0.00  0.00  0.00
D11601904           543120160616     75026226    66.64      3      0     0.00  0.00  0.00
D11601904           543120160616 650240015366    34.49      3      0     0.00  0.00  0.00
D11601904           5431201606167841141003436   276.69      1      0     0.00  0.00  0.00
D11601905           5431201606167501048640034     2.67      3      0    16.00  0.00  2.00
M2363675            5447201606167501287630926   186.78      6      0     0.00  0.00 18.00
M2363675            5447201606167501287688217   732.63      1      0     0.00  0.00 18.00
M2363676            5447201606167501001116187    88.07      1      0     0.00  0.00 18.00
M2363676            5447201606167501124813055   165.12      2      0     0.00  0.00 18.00
M2363676            5447201606167503008821026   154.29      1      0    16.00 16.66 18.00
M2363677            5447201606167501300408709   267.50      1      0     0.00  0.00  0.00
M2363677            5447201606167501298219509   222.53      1      0     0.00  0.00  0.00
M2363677            5447201606167501050611220    39.60      1      0     0.00  0.00  0.00
M2363677            5447201606167501101627224   175.00      2      0     0.00  0.00  0.00
M2363677            5447201606167501064550652   176.72      1      0     0.00  0.00  0.00
M2363677            5447201606167501008496152    49.92      1      0     0.00  0.00  0.00
M2363677            5447201606167501009070108   365.15      2      0     0.00  0.00  0.00
M2363677            5447201606167501314703623   412.30      1      0     0.00  0.00  0.00
M2363677            5447201606167501089809025    89.42      1      0     0.00  0.00  0.00
M2363677            544720160616 008400001313    35.61      2      0     0.00  0.00  0.00
M2363677            5447201606167501050614849    70.02      1      0     0.00  0.00  0.00
M2363677            5447201606167501300407009   143.13      5      0     0.00  0.00  0.00
M2363677            5447201606168020030091252   432.00      1      0     0.00  0.00  0.00
M2363677            5447201606167501314701889   394.38      1      0     0.00  0.00  0.00
B20031402          44533201606167501001147587    16.97      1      0     0.00  0.00 18.00
B20031402          44533201606167501124813055   165.12      1      0     0.00  0.00 18.00
B20031402          4453320160616 382903267798    34.77      2      0    16.00  0.00 18.00
B20031403          44533201606164005808803002    18.13      1      0    16.00  0.00  2.00
