B19402979           5215201603057501125130878    16.51      5      0     0.00  0.00 18.00
B19402979           5215201603057501070903473   229.93      2      0     0.00  0.00 18.00
B19402980           5215201603057501050611404   166.60      2      0     0.00  0.00  0.00
B19402980           5215201603057501125116810    15.37      2      0     0.00  9.09  0.00
B19402980           521520160305 650240006364   312.15      2      0    16.00  0.00  0.00
B19402980           5215201603057501050699990   220.88      2      0     0.00  0.00  0.00
B19402980           521520160305 650240010491    77.69      2      0     0.00  0.00  0.00
B19402980           5215201603057501086472017    17.38      6      0    16.00  0.00  0.00
B19402980           5215201603057501035908239    10.26      5      0    16.00  0.00  0.00
B19409847           5223201603057501124815226    62.06      2      0     0.00  0.00 18.00
B19409847           5223201603057501124815486    53.08      2      0     0.00  0.00 18.00
B19409847           5223201603057501125100116    16.24      3      0     0.00  0.00 18.00
B19409847           5223201603057501125103520    26.82      2      0     0.00  0.00 18.00
B19409847           5223201603057501125104688    26.82      5      0     0.00 25.00 18.00
B19409847           5223201603057503008821026   154.29      2      0    16.00  0.00 18.00
B19409847           5223201603057503008821033   247.68      2      0    16.00  0.00 18.00
B19409847           5223201603057503014492029   297.79      2      0     0.00  0.00 18.00
B19409847           5223201603057506195102640    41.78      2      0     0.00  0.00 18.00
B19409847           5223201603057506295337454   137.53      2      0    16.00  0.00 18.00
B19409847           5223201603057506195102695    41.78      2      0     0.00  0.00 18.00
B19409847           5223201603057590002012475    99.78      2      0     0.00  0.00 18.00
B19409847           5223201603058027950210183   254.20      2      0     0.00  0.00 18.00
B19409847           522320160305 020800753067    44.55      5      0     0.00  0.00 18.00
B19409848           5223201603057501088504532   121.98      2      0     0.00  0.00 18.00
B19409848           5223201603057501088604058   604.76      2      0     0.00  0.00 18.00
B19409848           5223201603057501088617058   604.76      2      0     0.00  0.00 18.00
B19409848           5223201603057501088618109   531.10      2      0     0.00  0.00 18.00
B19409848           5223201603057501088619700   674.37      2      0     0.00  0.00 18.00
B19409848           5223201603057501094910457   135.20      2      0     0.00  0.00 18.00
B19409848           5223201603057501125102929    84.57      2      0     0.00  0.00 18.00
B19409848           5223201603057501125109935    60.11      2      0     0.00  0.00 18.00
B19409848           5223201603057501125135460    84.60      2      0     0.00  0.00 18.00
B19409848           5223201603057501168830100   176.29      2      0     0.00  0.00 18.00
B19409848           5223201603057501250810898   494.60      2      0     0.00  0.00 18.00
B19409848           5223201603057501250822174   532.08      2      0     0.00  0.00 18.00
B19409848           522320160305 020800753050    74.35      2      0     0.00  0.00 18.00
B19409848           5223201603057501109790029    20.41      2      0     0.00  0.00 18.00
B19409848           522320160305 020800790253   148.09      2      0     0.00  0.00 18.00
B19409848           522320160305 714706200809    59.76      2      0     0.00  0.00 18.00
B19409848           5223201603057501109790739    11.49      2      0     0.00  0.00 18.00
B19409848           5223201603057501124103378   218.74      2      0     0.00  0.00 18.00
B19409848           522320160305 736085117004   188.49      2      0     0.00  0.00 18.00
B19409848           5223201603057501124311094    37.13      2      0     0.00  0.00 18.00
B19409848           522320160305 736085126006   202.97      2      0     0.00  0.00 18.00
B19409848           522320160305 736085174007    78.71      2      0     0.00  0.00 18.00
B19409848           5223201603057501258204118   113.75      2      0     0.00  0.00 18.00
B19409848           5223201603057501258208697   227.49      2      0     0.00  0.00 18.00
B19409848           5223201603057501258209489   361.85      2      0     0.00  0.00 18.00
B19409848           5223201603057501446000553    30.50      2      0     0.00  0.00 18.00
B19409848           5223201603057503007704580   173.00      2      0     0.00  0.00 18.00
B19409848           5223201603057503000883282   242.33      2      0     0.00  0.00 18.00
B19409848           522320160305 736085268096   122.09      2      0     0.00  0.00 18.00
B19409848           522320160305 736085400519   372.29      2      0     0.00  0.00 18.00
B19409848           522320160305 736085400892   353.21      2      0     0.00  0.00 18.00
B19409848           522320160305 736085401288   107.95      2      0     0.00  0.00 18.00
B19409848           522320160305 736085402346   596.42      2      0     0.00  0.00 18.00
B19409848           522320160305 736085904727   474.93      2      0     0.00  0.00 18.00
B19409848           5223201603057503007704597   181.00      2      0     0.00  0.00 18.00
B19409848           5223201603057503007704658   322.00      2      0     0.00  0.00 18.00
B19409848           5223201603057501057005312    77.33      2      0     0.00  9.09 18.00
B19409848           5223201603057501070903435   418.93      2      0     0.00  0.00 18.00
B19409848           5223201603057501088504518   141.86      2      0     0.00  0.00 18.00
B19409848           5223201603057501070903800   229.86      2      0     0.00  0.00 18.00
B19409848           5223201603057501124311100    37.13      2      0     0.00  0.00 18.00
B19409848           5223201603057501124810900   118.62      2      0     0.00  0.00 18.00
B19409848           5223201603057501124814984    45.67      2      0     0.00  0.00 18.00
B19409848           5223201603057501124815653   110.64      2      0     0.00  0.00 18.00
B19409848           5223201603057501124817701    80.21      2      0     0.00  0.00 18.00
B19409848           5223201603057501124817718   103.65      2      0     0.00  0.00 18.00
B19409848           5223201603057501124855208   325.88      2      0     0.00  9.09 18.00
B19409849           5223201603057501314701926   501.94      2      0     0.00  0.00  0.00
B19409849           5223201603057501008485408    22.85      2      0     0.00  0.00  0.00
B19409849           5223201603057501314701766   307.34      2      0     0.00  0.00  0.00
B19409849           5223201603057501008496701    21.36      5      0     0.00  0.00  0.00
B19409849           5223201603057501314704170    34.42      2      0     0.00  0.00  0.00
B19409849           5223201603057501034651037   204.90      2      0     0.00  0.00  0.00
B19409849           5223201603057501314704552   107.05      2      0     0.00  0.00  0.00
B19409849           5223201603057501037990034   285.80      2      0     0.00  0.00  0.00
B19409849           5223201603057501092772415   231.59      2      0     0.00  0.00  0.00
B19409849           5223201603057501072310217   232.30      2      0     0.00  0.00  0.00
B19409849           5223201603057501298253008   197.71      2      0     0.00  0.00  0.00
B19409849           5223201603057501298265100   173.11      2      0     0.00  0.00  0.00
B19409849           5223201603057501318634756   160.60      2      0     0.00  0.00  0.00
B19409849           5223201603057501298210766   346.58      2      0     0.00  0.00  0.00
B19409849           5223201603057501300408693   145.00      2      0     0.00  0.00  0.00
B19409849           5223201603057501303443301   139.78      2      0     0.00  0.00  0.00
B19409849           5223201603057501303443509   141.99      2      0     0.00  0.00  0.00
B19409849           5223201603057501303444001   141.99      2      0     0.00  0.00  0.00
B19409849           5223201603057501300408709   267.50      2      0     0.00  0.00  0.00
B19409849           5223201603057501300408884   425.63      2      0     0.00  0.00  0.00
B19409849           5223201603057501318608924    39.41      2      0     0.00  0.00  0.00
B19409849           5223201603057501298219509   211.94      2      0     0.00  0.00  0.00
B19409849           5223201603057501298219608   177.01      2      0     0.00  0.00  0.00
B19409849           5223201603057501300409881   132.50      2      0     0.00  0.00  0.00
B19409849           5223201603057501318620162   200.75      2      0     0.00  0.00  0.00
B19409849           5223201603057501298234700   149.98      2      0     0.00  0.00  0.00
B19409849           5223201603057501298234809    72.36      2      0     0.00  0.00  0.00
B19409849           5223201603057501298234908   112.92      2      0     0.00  0.00  0.00
B19409849           522320160305 301320005011   138.04      2      0     0.00  0.00  0.00
B19409849           522320160305 301320010206    72.62      2      0     0.00  0.00  0.00
B19409849           522320160305 008400000026   198.22      2      0     0.00  0.00  0.00
B19409849           522320160305 650240001314   258.39      2      0     0.00  0.00  0.00
B19409849           522320160305 008400000347   187.45      2      0     0.00  0.00  0.00
B19409849           522320160305 008400000354   222.10      2      0     0.00  0.00  0.00
B19409849           5223201603057501050612555    95.90      2      0     0.00  0.00  0.00
B19409849           5223201603057501050611022    88.90      2      0     0.00  0.00  0.00
B19409849           5223201603057501008409527    63.06      2      0     0.00  0.00  0.00
B19409849           5223201603057501061002802    29.30      2      0     0.00  0.00  0.00
B19409849           5223201603057501046482490   363.88      2      0     0.00  0.00  0.00
B19409849           5223201603057501008409510    63.06      2      0     0.00  0.00  0.00
B19409849           5223201603057501022101360    79.21      2      0     0.00  0.00  0.00
B19409849           5223201603057501008426944    74.52      2      0     0.00  0.00  0.00
B19409849           5223201603057501125116810    15.37     15      0     0.00  9.09  0.00
B19409849           5223201603057501037950526   456.95      2      0     0.00  0.00  0.00
B19409849           5223201603057501008485316    20.06      2      0     0.00  0.00  0.00
B19409849           5223201603057501328976051   238.46      2      0     0.00  0.00  0.00
B19409849           5223201603057501328976068   210.77      2      0     0.00  0.00  0.00
B19409849           5223201603057501008465660    52.59      2      0     0.00  0.00  0.00
B19409849           5223201603057501299303047    40.57      2      0     0.00  0.00  0.00
B19409850           5223201603057502003560480   371.96      2      0     0.00  0.00  8.00
B19409850           5223201603057502003560459   412.16      2      0     0.00  0.00  8.00
B19409850           5223201603057501122900801   186.12      2      0     0.00 16.66  8.00
B19409850           5223201603057502264950310   275.44      2      0    16.00  0.00  8.00
B19409850           5223201603057502264950228   234.75      2      0    16.00  0.00  8.00
B19409850           5223201603057502264950259   234.75      2      0    16.00  0.00  8.00
B19409850           5223201603053499320001618   282.45      2      0     0.00  0.00  8.00
B19409850           5223201603057501581100255    37.44      2      0     0.00  0.00  8.00
B19409850           5223201603053499320002028   691.63      2      0     0.00  0.00  8.00
B19409850           5223201603057501581100279    31.98      2      0     0.00  0.00  8.00
B19409850           5223201603057501122961109   242.31      2      0     0.00  9.09  8.00
B19409850           522320160305     75004972   147.88      2      0     0.00 16.66  8.00
B19409850           522320160305     75004996   156.49      2      0     0.00  9.09  8.00
B19409850           5223201603057501122961017   111.31      2      0     0.00  9.09  8.00
B19409850           5223201603057502264950235   131.51      2      0    16.00  0.00  8.00
B19409850           5223201603057501065010209   234.75      2      0    16.00  0.00  8.00
B19409850           5223201603057501123013807   248.40      2      0     0.00  9.09  8.00
B19409850           5223201603057501123014101   209.16      2      0     0.00  9.09  8.00
B19409850           5223201603057501122969808   118.83      2      0     0.00 16.66  8.00
B19409850           5223201603057501123014743   289.19      2      0     0.00  9.09  8.00
B19409850           5223201603057501406885008   234.14      2      0    16.00  0.00  8.00
B19409850           5223201603057501406885503   319.30      2      0    16.00  0.00  8.00
B19409850           5223201603057502003560473   474.90      2      0     0.00  0.00  8.00
B19409851           5223201603057501088505423   140.00      2      0     0.00  0.00  0.00
B19409851           5223201603057501088505454    91.50      2      0     0.00  0.00  0.00
B19409851           5223201603057501088505430    67.00      2      0     0.00  0.00  0.00
B19409851           5223201603057501041941848    64.23      3      0     0.00  4.00  0.00
B19409851           5223201603057501298221830   137.67      2      0     0.00  0.00  0.00
B19409851           5223201603057501298221823   173.89      2      0     0.00  0.00  0.00
B19409851           522320160305 650240028335    37.18      2      0    16.00  0.00  0.00
B19409851           5223201603057501165007604    65.35      2      0    16.00  0.00  0.00
B19409851           5223201603057501299330203    52.53      2      0     0.00  0.00  0.00
B19409851           5223201603057501300407863   144.38      2      0     0.00  0.00  0.00
B19409851           5223201603057501165007611    91.20      2      0    16.00  0.00  0.00
B19409851           5223201603057702018992195    34.31      2      0    16.00  0.00  0.00
B19409851           5223201603057501065041012    22.43      2      0    16.00  0.00  0.00
B19409851           5223201603057501098610049    70.00      2      0     0.00  0.00  0.00
B19409851           5223201603057503002057698    89.26      2      0     0.00  0.00  0.00
B19409851           5223201603057501299355060    49.20      2      0     0.00  0.00  0.00
B19409851           5223201603057501300407009   143.13      2      0     0.00  0.00  0.00
B19409851           5223201603057502214982439    22.68      2      0    16.00  0.00  0.00
B19409851           5223201603057502214982477    17.80      2      0    16.00  0.00  0.00
B19409851           5223201603057502214982507    18.78      2      0    16.00  0.00  0.00
B19409851           5223201603057502214982514    18.78      2      0    16.00  0.00  0.00
B19409851           5223201603057502214982484    18.78      2      0    16.00  0.00  0.00
B19409851           5223201603057502214982538    21.61      2      0    16.00  0.00  0.00
B19409851           5223201603057501299330074   116.38      2      0     0.00  0.00  0.00
B19409851           5223201603058430308001379   506.28      2      0     0.00  0.00  0.00
B19409851           5223201603058430308015901   494.66      2      0     0.00  0.00  0.00
B19409851           5223201603057501008497623   219.06      2      0     0.00  0.00  0.00
B19409851           5223201603057502214982811    26.40      2      0    16.00  0.00  0.00
B19409851           5223201603057501080953017    36.17      2      0    16.00  0.00  0.00
B19409851           5223201603057501300407115   146.25      2      0     0.00  0.00  0.00
B19409851           5223201603057501008497074   150.48      2      0     0.00  0.00  0.00
B19409851           5223201603057501165008144    30.99      2      0    16.00  0.00  0.00
B19409851           5223201603057501165008113    30.99      2      0    16.00  0.00  0.00
B19409851           5223201603057501300407092   263.13      2      0     0.00  0.00  0.00
B19409851           5223201603057503017193060    55.86      2      0     0.00  0.00  0.00
B19409851           5223201603057501165008137    31.93      2      0    16.00  0.00  0.00
B19409852           5223201603057501289514460   266.19      2      0     0.00 14.00 15.00
B19409852           5223201603057501289511193    79.80      2      0     0.00  0.00 15.00
B19409853           522320160305 310742330663    83.92      2      0     0.00  0.00 18.00
B19409853           5223201603057501108765578   114.95      2      0     0.00  0.00 18.00
B19409853           5223201603057501108766797   135.95      2      0     0.00  0.00 18.00
B19409853           5223201603057501108763475    35.98      2      0     0.00  0.00 18.00
B19409853           5223201603057501201448088   409.15      2      0     0.00  0.00 18.00
B19409853           522320160305 300090275051   327.18      2      0     0.00  0.00 18.00
B19409853           5223201603057501108761815   192.15      2      0     0.00  0.00 18.00
B19409853           5223201603057501057002120   243.08      2      0     0.00  0.00 18.00
B19409853           5223201603057501049721176   296.50      2      0     0.00  0.00 18.00
B19409853           5223201603057501142925150   207.81      2      0     0.00  0.00 18.00
B19409853           522320160305 300093116016   275.49      2      0     0.00  0.00 18.00
B19409853           5223201603057501201401557   614.29      2      0     0.00  0.00 18.00
B19409853           5223201603057502224228787  1345.14      2      0    16.00  0.00 18.00
B19409853           5223201603057502216931893   104.30      2      0     0.00  0.00 18.00
B19409854           5223201603057501328979366   113.19      2      0     0.00  0.00  0.00
B19409854           5223201603057501328979496    79.47      2      0     0.00  0.00  0.00
B19409854           5223201603057501385420061   127.40      2      0     0.00  0.00  0.00
B19409854           5223201603057501385420238   144.20      2      0     0.00  0.00  0.00
B19409854           5223201603057501385450068   144.20      2      0     0.00  0.00  0.00
B19409854           5223201603057501328980119   248.44      2      0     0.00  0.00  0.00
B19409854           5223201603057501072340115    81.48      2      0     0.00  0.00  0.00
B19409854           5223201603057501082242041   341.99      2      0     0.00  0.00  0.00
B19409854           5223201603057501385450129   120.40      2      0     0.00  0.00  0.00
B19409854           5223201603057501165003040    88.45      5      0     0.00  0.00  0.00
B19409854           5223201603053594450400093   233.00      2      0     0.00  0.00  0.00
B19409854           5223201603057501092772354    80.47      2      0     0.00  0.00  0.00
B19409854           5223201603057501092772385   149.16      2      0     0.00  0.00  0.00
B19409854           5223201603057501871730322   346.97      2      0     0.00  0.00  0.00
B19409854           5223201603057501409201089   322.99      2      0     0.00  0.00  0.00
B19409854           5223201603057501124723170   244.90      2      0     0.00  0.00  0.00
B19409854           5223201603054005808802814    18.13      2      0    16.00  0.00  0.00
B19409854           5223201603057501871720217   115.42      2      0     0.00  0.00  0.00
B19409854           5223201603057501871730339   346.97      2      0     0.00  0.00  0.00
B19409854           5223201603057800005082123    39.24      2      0    16.00  0.00  0.00
B19409854           5223201603057501089804136   174.96      2      0     0.00  0.00  0.00
B19409854           5223201603057501082212280   660.70      2      0     0.00  0.00  0.00
B19409854           522320160305 008400000460   175.71      2      0     0.00  0.00  0.00
B19409854           522320160305 008400000491   139.35      2      0     0.00  0.00  0.00
B19409854           522320160305     75000950     8.07      6      0    16.00  0.00  0.00
B19409854           5223201603057501089808936   345.38      2      0     0.00  0.00  0.00
B19409854           522320160305 008400000774   102.43      2      0     0.00  0.00  0.00
B19409854           522320160305 008400001290   133.40      2      0     0.00  0.00  0.00
B19409854           522320160305 008400001313    35.61      2      0     0.00  0.00  0.00
B19409854           522320160305 008400000682   240.02      2      0     0.00  0.00  0.00
B19409854           5223201603057501098603317    57.00      2      0     0.00  0.00  0.00
B19409854           5223201603057501098603690   223.00      2      0     0.00  0.00  0.00
B19409854           522320160305 008400001344   308.78      2      0     0.00  0.00  0.00
B19409854           522320160305 008400002181    35.61      2      0     0.00  0.00  0.00
B19409854           5223201603057501054504535    41.69      2      0    16.00  0.00  0.00
B19409854           5223201603057501050661201    38.44      2      0     0.00  0.00  0.00
B19409854           5223201603057501050606288    74.25      2      0     0.00  0.00  0.00
B19409854           5223201603057501050699723   275.80      2      0     0.00  0.00  0.00
B19409854           5223201603057501070613082   105.60      2      0     0.00  0.00  0.00
B19409854           5223201603057501298269009   237.74      2      0     0.00  0.00  0.00
B19409854           5223201603057501092743033   229.62      2      0     0.00  0.00  0.00
B19409854           5223201603057501174603309   239.40      2      0     0.00  0.00  0.00
B19409854           522320160305  99176369141    13.12      2      0    16.00  0.00  0.00
B19409854           5223201603057501043120289   706.58      2      0     0.00  0.00  0.00
B19409854           5223201603055900273001566    16.06      8      0    16.00  0.00  0.00
B19409854           5223201603057501035915121    13.95      2      0    16.00  0.00  0.00
B19409854           5223201603057501022105337    11.72      2      0    16.00  0.00  0.00
B19409854           5223201603057501022107027    14.34      2      0    16.00  0.00  0.00
B19409854           5223201603057501035908130    32.22      2      0    16.00  0.00  0.00
B19409854           5223201603057501022103111    16.94      2      0    16.00  0.00  0.00
B19409855           5223201603057703281007616   552.00      2      0    16.00  0.00 10.00
B19409855           5223201603057703332003031   302.40      2      0    16.00  0.00 10.00
B19409855           5223201603057501390911042   171.38      2      0     0.00  0.00 10.00
B19409855           5223201603057501390911011   152.52      2      0     0.00  0.00 10.00
B19409855           5223201603057501142970723    74.36      2      0     0.00  0.00 10.00
B19409855           5223201603057501390911004   327.18      2      0     0.00  0.00 10.00
B19409855           5223201603057501390912803   316.52      2      0     0.00  0.00 10.00
B19409855           5223201603054019338605159   349.80      2      0     0.00  0.00 10.00
B19409855           5223201603057703281001454   263.20      2      0    16.00  0.00 10.00
B19409855           5223201603057501303441383    85.86      2      0     0.00  0.00 10.00
B19409855           5223201603057501303455793   136.74      2      0     0.00  0.00 10.00
B19409856           5223201603057502257270067   460.56      2      0     0.00  0.00  0.00
B19409856           5223201603057502257270036   284.58      2      0     0.00  0.00  0.00
B19409856           5223201603057501300407047   120.63      2      0     0.00  0.00  0.00
B19409856           5223201603057501300407061    99.38      2      0     0.00  0.00  0.00
B19409856           522320160305 650240010491    77.69      2      0     0.00  0.00  0.00
B19409856           5223201603054005808837472    23.60      2      0    16.00  0.00  0.00
B19409856           522320160305 650240010453    43.13      2      0     0.00  0.00  0.00
B19409856           5223201603054005808829675    39.43      2      0    16.00  0.00  0.00
B19409856           5223201603057501022103166    37.09      2      0    16.00  0.00  0.00
B19409856           5223201603057896009400148    72.08      2      0    16.00  0.00  0.00
B19409856           5223201603057501022103173    51.59      2      0    16.00  0.00  0.00
B19409856           5223201603054005808225958    31.44      2      0    16.00  0.00  0.00
B19409856           5223201603057501037451054    35.69      2      0    16.00  0.00  0.00
B19409856           5223201603054005808225941    31.44      2      0    16.00  0.00  0.00
B19409856           522320160305 650240006203   129.54      5      0     0.00  0.00  0.00
B19409856           522320160305 650240004643    14.83      2      0    16.00  0.00  0.00
B19409856           5223201603057501089809179    63.50      2      0     0.00  0.00  0.00
B19409856           522320160305 650240004650    14.83      2      0    16.00  0.00  0.00
B19409856           522320160305 650240004292    14.83      2      0    16.00  0.00  0.00
B19409856           5223201603057501072300225    75.88      2      0     0.00  0.00  0.00
B19409856           522320160305     75026226    66.64      2      0     0.00  0.00  0.00
B19409856           522320160305 650240004278    14.83      2      0    16.00  0.00  0.00
B19409856           5223201603057501022105283    10.20      2      0    16.00  0.00  0.00
B19409856           5223201603057891010020927    45.52      2      0    16.00  0.00  0.00
B19409856           5223201603057502216930575   138.07      2      0     0.00  0.00  0.00
B19409856           5223201603057501001157296    14.29     12      0    16.00  0.00  0.00
B19409856           522320160305 650240006678    94.98      2      0     0.00  0.00  0.00
B19409856           5223201603057501050614849    70.02      2      0     0.00  0.00  0.00
B19409856           522320160305 650240009556    66.98      2      0    16.00  0.00  0.00
B19409856           522320160305 650240009549    66.98      2      0    16.00  0.00  0.00
B19409856           522320160305 650240009518    35.76      2      0    16.00  0.00  0.00
B19409856           5223201603057501128105019    15.44      2      0    16.00  0.00  0.00
B19409856           5223201603057501035908253    28.03      3      0    16.00  0.00  0.00
B19409856           522320160305 650240007750    29.73      6      0    16.00  0.00  0.00
B19409856           5223201603057501035908123    17.57      2      0    16.00  0.00  0.00
B19409856           5223201603057501022150412    10.20      2      0    16.00  0.00  0.00
B19409856           5223201603057501298217253    40.93      2      0    16.00  0.00  0.00
B19409856           522320160305 650240015670    66.98      2      0    16.00  0.00  0.00
B19409856           5223201603057501299307212   131.67      2      0     0.00  0.00  0.00
B19409856           5223201603057501065054128    32.04      2      0     0.00  0.00  0.00
B19409856           5223201603057501050630023    57.59      2      0     0.00  0.00  0.00
B19409856           522320160305 891671002277   280.16      2      0     0.00  0.00  0.00
B19409856           5223201603057502214980015    15.06      3      0    16.00  0.00  0.00
B19409856           5223201603054005808802005    18.13      2      0    16.00  0.00  0.00
B19409856           5223201603057501050623780    45.80      2      0     0.00  0.00  0.00
B19409856           5223201603057501300407016    71.25      2      0     0.00  0.00  0.00
B19409856           522320160305 650240003974   156.37      2      0    16.00  0.00  0.00
B19409856           522320160305 650240015366    34.49      2      0     0.00  0.00  0.00
B19409856           5223201603057501008497357   108.52      2      0     0.00  0.00  0.00
B19409856           5223201603058020030053090   212.00      2      0     0.00  0.00  0.00
B19410136           5223201603057501406829002   436.49      2      0     0.00  0.00  0.00
B19409857           5224201603057590002012475    99.78      2      0     0.00  0.00 18.00
B19409857           5224201603058027950210183   254.20      2      0     0.00  0.00 18.00
B19409857           522420160305 736085278507    48.21      9      0     0.00  0.00 18.00
B19409857           5224201603057501057005312    77.33      2      0     0.00  9.09 18.00
B19409857           5224201603057501001147594    16.97      2      0     0.00  0.00 18.00
B19409857           5224201603057501125149221    26.82      5      0     0.00  0.00 18.00
B19409857           5224201603057501124812591    83.20      2      0     0.00  0.00 18.00
B19409857           5224201603057506295337454   137.53      2      0    16.00  0.00 18.00
B19409858           5224201603057501123014743   289.19      2      0     0.00  9.09  8.00
B19409858           5224201603057502264950310   275.44      2      0    16.00  0.00  8.00
B19409858           5224201603053499320000208   307.01      2      0     0.00  0.00  8.00
B19409858           5224201603057501406885503   319.30      2      0    16.00  0.00  8.00
B19409858           5224201603057502003560473   474.90      2      0     0.00  0.00  8.00
B19409858           5224201603057502264950228   234.75      2      0    16.00  0.00  8.00
B19409858           5224201603057502264950259   234.75      2      0    16.00  0.00  8.00
B19409858           5224201603057501122961017   111.31      2      0     0.00  9.09  8.00
B19409858           5224201603057502003560480   371.96      2      0     0.00  0.00  8.00
B19409858           5224201603057501406885008   234.14      2      0    16.00  0.00  8.00
B19409858           5224201603057501123013807   248.40      2      0     0.00  9.09  8.00
B19409858           5224201603057502003560459   412.16      2      0     0.00  0.00  8.00
B19409858           5224201603057501122900801   186.12      2      0     0.00 16.66  8.00
B19409858           5224201603057501122962410   139.15      2      0     0.00  9.09  8.00
B19409858           5224201603057501123014101   209.16      2      0     0.00  9.09  8.00
B19409858           5224201603057502264950235   131.51      2      0    16.00  0.00  8.00
B19409858           5224201603057501065010209   234.75      2      0    16.00  0.00  8.00
B19409858           5224201603053499320001618   282.45      2      0     0.00  0.00  8.00
B19409858           5224201603057501581100255    37.44      2      0     0.00  0.00  8.00
B19409858           5224201603053499320002028   691.63      2      0     0.00  0.00  8.00
B19409858           522420160305     75004972   147.88      2      0     0.00 16.66  8.00
B19409858           522420160305     75004996   156.49      2      0     0.00  9.09  8.00
B19409859           5224201603057501298221823   173.89      2      0     0.00  0.00  0.00
B19409859           5224201603057501165007604    65.35      2      0    16.00  0.00  0.00
B19409859           5224201603057501299330203    52.53      2      0     0.00  0.00  0.00
B19409859           5224201603057501300407863   144.38      2      0     0.00  0.00  0.00
B19409859           5224201603057501165007611    91.20      2      0    16.00  0.00  0.00
B19409859           5224201603057702018992195    34.31      2      0    16.00  0.00  0.00
B19409859           5224201603057501098610049    70.00      2      0     0.00  0.00  0.00
B19409859           5224201603057503002057698    89.26      2      0     0.00  0.00  0.00
B19409859           5224201603057503017193060    55.86      2      0     0.00  0.00  0.00
B19409859           5224201603057501088505461   145.00      2      0     0.00  0.00  0.00
B19409859           5224201603057501300407092   263.13      2      0     0.00  0.00  0.00
B19409859           5224201603057501298221830   137.67      2      0     0.00  0.00  0.00
B19409859           5224201603057501088505423   140.00      2      0     0.00  0.00  0.00
B19409859           5224201603057501088505454    91.50      2      0     0.00  0.00  0.00
B19409859           5224201603057501088505430    67.00      2      0     0.00  0.00  0.00
B19409860           5224201603057703281001454   263.20      2      0    16.00  0.00 10.00
B19409860           5224201603057501390912803   316.52      2      0     0.00  0.00 10.00
B19409860           5224201603057703281007616   552.00      2      0    16.00  0.00 10.00
B19409860           5224201603057703332003031   302.40      2      0    16.00  0.00 10.00
B19409860           5224201603057501390911028   482.98      2      0     0.00  0.00 10.00
B19409860           5224201603057501142970723    74.36      2      0     0.00  0.00 10.00
B19409860           5224201603057501390911004   327.18      2      0     0.00  0.00 10.00
B19409860           5224201603054019338605159   349.80      2      0     0.00  0.00 10.00
B19409860           5224201603057501303455793   136.74      2      0     0.00  0.00 10.00
B19409860           5224201603057501303441383    85.86      2      0     0.00  0.00 10.00
B19409861           5224201603057501289511193    79.80      2      0     0.00  0.00 15.00
B19409862           5224201603057501287610478    54.10      2      0     0.00  0.00 18.00
B19409862           522420160305 310742330663    83.92      2      0     0.00  0.00 18.00
B19409862           5224201603057501108766797   135.95      2      0     0.00  0.00 18.00
B19409862           5224201603057501228300284   445.94      2      0     0.00  0.00 18.00
B19409862           5224201603057501228300383   126.88      2      0     0.00  0.00 18.00
B19409862           5224201603057501287627957   528.73      2      0     0.00  0.00 18.00
B19409862           5224201603057501201448088   409.15      2      0     0.00  0.00 18.00
B19409862           522420160305 300090275051   327.18      2      0     0.00  0.00 18.00
B19409862           5224201603057501108712138   185.84      2      0     0.00  0.00 18.00
B19409862           5224201603057501108761808   116.63      2      0     0.00  0.00 18.00
B19409862           5224201603057501108761815   192.15      2      0     0.00  0.00 18.00
B19409862           5224201603057501142925150   207.81      2      0     0.00  0.00 18.00
B19409862           5224201603057501057002120   243.08      2      0     0.00  0.00 18.00
B19409862           522420160305 300093116016   275.49      2      0     0.00  0.00 18.00
B19409862           5224201603057501201401557   614.29      2      0     0.00  0.00 18.00
B19409862           5224201603057502216931893   104.30      2      0     0.00  0.00 18.00
B19409862           522420160305 300055501331    86.26      2      0     0.00  0.00 18.00
B19409863           5224201603057501088504532   121.98      2      0     0.00  0.00 18.00
B19409863           5224201603057501088617058   604.76      2      0     0.00  0.00 18.00
B19409863           5224201603057501088604058   604.76      2      0     0.00  0.00 18.00
B19409863           5224201603057501168830100   176.29      2      0     0.00  0.00 18.00
B19409863           5224201603057501088618109   531.10      2      0     0.00  0.00 18.00
B19409863           5224201603057501250822174   532.08      2      0     0.00  0.00 18.00
B19409863           5224201603057501088619700   674.37      2      0     0.00  0.00 18.00
B19409863           5224201603057501094910457   135.20      2      0     0.00  0.00 18.00
B19409863           5224201603057501258204118   113.75      2      0     0.00  0.00 18.00
B19409863           5224201603057501109790029    20.41      2      0     0.00  0.00 18.00
B19409863           5224201603057501258208697   227.49      2      0     0.00  0.00 18.00
B19409863           5224201603057501109790739    11.49      2      0     0.00  0.00 18.00
B19409863           5224201603057501124103378   218.74      2      0     0.00  0.00 18.00
B19409863           5224201603057501258209489   361.85      2      0     0.00  0.00 18.00
B19409863           5224201603057501446000553    30.50      2      0     0.00  0.00 18.00
B19409863           522420160305 020800753050    74.35      2      0     0.00  0.00 18.00
B19409863           5224201603057501124311094    37.13      2      0     0.00  0.00 18.00
B19409863           5224201603057503007704580   173.00      2      0     0.00  0.00 18.00
B19409863           522420160305 020800790253   148.09      2      0     0.00  0.00 18.00
B19409863           522420160305 714706200809    59.76      2      0     0.00  0.00 18.00
B19409863           5224201603057501124311100    37.13      2      0     0.00  0.00 18.00
B19409863           5224201603057501124810900   118.62      2      0     0.00  0.00 18.00
B19409863           5224201603057503007704597   181.00      2      0     0.00  0.00 18.00
B19409863           5224201603057503007704658   322.00      2      0     0.00  0.00 18.00
B19409863           522420160305 736085117004   188.49      2      0     0.00  0.00 18.00
B19409863           5224201603057501124815653   110.64      2      0     0.00  0.00 18.00
B19409863           5224201603057503008821033   247.68      2      0    16.00  0.00 18.00
B19409863           522420160305 736085126006   202.97      2      0     0.00  0.00 18.00
B19409863           522420160305 736085174007    78.71      2      0     0.00  0.00 18.00
B19409863           5224201603057501124817701    80.21      2      0     0.00  0.00 18.00
B19409863           5224201603057503014492029   297.79      2      0     0.00  0.00 18.00
B19409863           5224201603057506195102640    41.78      2      0     0.00  0.00 18.00
B19409863           522420160305 736085400519   372.29      2      0     0.00  0.00 18.00
B19409863           5224201603057501124817718   103.65      2      0     0.00  0.00 18.00
B19409863           5224201603057506195102695    41.78      2      0     0.00  0.00 18.00
B19409863           522420160305 736085401288   107.95      2      0     0.00  0.00 18.00
B19409863           522420160305 736085400892   353.21      2      0     0.00  0.00 18.00
B19409863           5224201603057501124855208   325.88      2      0     0.00  9.09 18.00
B19409863           5224201603057501125102929    84.57      2      0     0.00  0.00 18.00
B19409863           522420160305 736085401530   653.65      2      0     0.00  0.00 18.00
B19409863           522420160305 736085402346   596.42      2      0     0.00  0.00 18.00
B19409863           522420160305 736085904727   474.93      2      0     0.00  0.00 18.00
B19409863           5224201603057501125109935    60.11      2      0     0.00  0.00 18.00
B19409863           5224201603057501001258030    62.23      2      0     0.00  0.00 18.00
B19409863           5224201603057501125135460    84.60      2      0     0.00  0.00 18.00
B19409863           5224201603057501070903435   418.93      2      0     0.00  0.00 18.00
B19409863           5224201603057501070903800   229.86      2      0     0.00  0.00 18.00
B19409864           522420160305 301320005011   138.04      2      0     0.00  0.00  0.00
B19409864           522420160305 008400000026   198.22      2      0     0.00  0.00  0.00
B19409864           522420160305 008400000347   187.45      2      0     0.00  0.00  0.00
B19409864           5224201603057501061002802    29.30      2      0     0.00  0.00  0.00
B19409864           5224201603057501046482490   363.88      2      0     0.00  0.00  0.00
B19409864           5224201603057501008409510    63.06      2      0     0.00  0.00  0.00
B19409864           5224201603057501008409527    63.06      2      0     0.00  0.00  0.00
B19409864           5224201603057501008426944    74.52      2      0     0.00  0.00  0.00
B19409864           5224201603057501022101360    79.21      2      0     0.00  0.00  0.00
B19409864           5224201603057501125116810    15.37     11      0     0.00  9.09  0.00
B19409864           5224201603057501300408693   145.00      2      0     0.00  0.00  0.00
B19409864           5224201603057501300408709   267.50      2      0     0.00  0.00  0.00
B19409864           5224201603057501300408884   425.63      2      0     0.00  0.00  0.00
B19409864           5224201603057501318608924    39.41      2      0     0.00  0.00  0.00
B19409864           5224201603057501298234809    72.36      2      0     0.00  0.00  0.00
B19409864           5224201603057501298219509   211.94      2      0     0.00  0.00  0.00
B19409864           5224201603057501298219608   177.01      2      0     0.00  0.00  0.00
B19409864           5224201603057501300409881   132.50      2      0     0.00  0.00  0.00
B19409864           5224201603057501298234700   149.98      2      0     0.00  0.00  0.00
B19409864           5224201603057501165000179   234.56      2      0     0.00  0.00  0.00
B19409864           5224201603057501165000360    73.90      2      0     0.00  0.00  0.00
B19409864           5224201603057501008465660    52.59      2      0     0.00  0.00  0.00
B19409864           5224201603057501299303047    40.57      2      0     0.00  0.00  0.00
B19409864           5224201603057501314701759   183.02      2      0     0.00  0.00  0.00
B19409864           5224201603057501300408266   283.75      2      0     0.00  0.00  0.00
B19409864           5224201603057501298253008   197.71      2      0     0.00  0.00  0.00
B19409864           5224201603057501298265100   173.11      2      0     0.00  0.00  0.00
B19409864           5224201603057501318634756   160.60      2      0     0.00  0.00  0.00
B19409864           5224201603057501299306352    86.45      2      0     0.00  0.00  0.00
B19409864           5224201603057501314704170    34.42      3      0     0.00  0.00  0.00
B19409864           5224201603057501314701773   303.89      2      0     0.00  0.00  0.00
B19409864           5224201603057501314701926   501.94      2      0     0.00  0.00  0.00
B19409864           5224201603057501314704330    93.24      2      0     0.00  0.00  0.00
B19409864           5224201603057501314704347    93.24      2      0     0.00  0.00  0.00
B19409864           5224201603057501314703128   252.09      2      0     0.00  0.00  0.00
B19409864           5224201603057501037990034   285.80      2      0     0.00  0.00  0.00
B19409864           5224201603057501314703227   258.16      2      0     0.00  0.00  0.00
B19409864           5224201603057501088505256    73.50      2      0     0.00  0.00  0.00
B19409864           5224201603057501314704552   107.05      2      0     0.00  0.00  0.00
B19409864           5224201603057501385450068   144.20      2      0     0.00  0.00  0.00
B19409864           5224201603057501385450129   120.40      2      0     0.00  0.00  0.00
B19409864           5224201603057501092772354    80.47      2      0     0.00  0.00  0.00
B19409864           5224201603057501088505706    41.20      2      0     0.00  0.00  0.00
B19409864           5224201603057501409201270   355.00      2      0     0.00  0.00  0.00
B19409864           5224201603057501072310217   232.30      2      0     0.00  0.00  0.00
B19409864           5224201603057501328979366   113.19      2      0     0.00  0.00  0.00
B19409864           5224201603057501072340115    81.48      2      0     0.00  0.00  0.00
B19409864           5224201603057501082242041   341.99      2      0     0.00  0.00  0.00
B19409864           5224201603057501092772385   149.16      2      0     0.00  0.00  0.00
B19409865           5224201603054005808802814    18.13      2      0    16.00  0.00  0.00
B19409865           5224201603053594450400093   233.00      2      0     0.00  0.00  0.00
B19409865           5224201603057501409201089   322.99      2      0     0.00  0.00  0.00
B19409865           5224201603057501124723170   244.90      2      0     0.00  0.00  0.00
B19409865           5224201603057501072300157    74.65      2      0     0.00  0.00  0.00
B19409865           5224201603057501871730322   346.97      2      0     0.00  0.00  0.00
B19409865           5224201603057501871730339   346.97      2      0     0.00  0.00  0.00
B19409865           5224201603057501089808936   345.38      2      0     0.00  0.00  0.00
B19409865           5224201603057501871720217   115.42      2      0     0.00  0.00  0.00
B19409865           5224201603057501088509810    60.00      3      0     0.00  0.00  0.00
B19409865           5224201603057501064550652   176.72      2      0     0.00  0.00  0.00
B19409865           5224201603057501050699723   275.80      2      0     0.00  0.00  0.00
B19409865           5224201603057501174603309   239.40      2      0     0.00  0.00  0.00
B19409865           5224201603057501043120289   706.58      2      0     0.00  0.00  0.00
B19409865           5224201603057501298269009   237.74      2      0     0.00  0.00  0.00
B19409865           5224201603057501022105207    10.86      2      0    16.00  0.00  0.00
B19409865           5224201603057501022105276    12.78      3      0    16.00  0.00  0.00
B19409865           522420160305 650240011153    75.62      2      0     0.00  0.00  0.00
B19409865           5224201603057501022103173    51.59      2      0    16.00  0.00  0.00
B19409865           522420160305 650240010491    77.69      2      0     0.00  0.00  0.00
B19409865           522420160305 650240010453    43.13      2      0     0.00  0.00  0.00
B19409865           5224201603057501165005594    71.80      2      0     0.00  0.00  0.00
B19409865           5224201603057891010020927    45.52      2      0    16.00  0.00  0.00
B19409865           5224201603057502216930575   138.07      2      0     0.00  0.00  0.00
B19409865           5224201603057501037451054    35.69      2      0    16.00  0.00  0.00
B19409865           5224201603057501089809179    63.50      2      0     0.00  0.00  0.00
B19409865           5224201603057501072300225    75.88      2      0     0.00  0.00  0.00
B19409865           5224201603057501871720675   143.18      2      0     0.00  0.00  0.00
B19409865           5224201603057501080920842    71.02      2      0    16.00 10.00  0.00
B19409865           5224201603057501088536410    78.50      2      0     0.00  0.00  0.00
B19409865           5224201603057501082212143   265.60      2      0     0.00  0.00  0.00
B19409865           5224201603057501871720828   331.41      2      0     0.00  0.00  0.00
B19409865           5224201603057501080950139    33.47      5      0    16.00 10.00  0.00
B19409865           5224201603057501082201307   302.23      3      0     0.00  0.00  0.00
B19409865           522420160305 008400000460   175.71      2      0     0.00  0.00  0.00
B19409865           5224201603057501871720712   342.05      2      0     0.00  0.00  0.00
B19409865           5224201603057501082212280   660.70      2      0     0.00  0.00  0.00
B19409865           522420160305 008400000682   240.02      2      0     0.00  0.00  0.00
B19409865           522420160305 008400000774   102.43      2      0     0.00  0.00  0.00
B19409865           5224201603057501098603317    57.00      2      0     0.00  0.00  0.00
B19409865           5224201603057501098603690   223.00      2      0     0.00  0.00  0.00
B19409865           5224201603057501098611305   284.00      2      0     0.00  0.00  0.00
B19409865           5224201603057501098610803   183.00      2      0     0.00  0.00  0.00
B19409865           522420160305 008400001344   308.78      2      0     0.00  0.00  0.00
B19409865           522420160305 008400002181    35.61      2      0     0.00  0.00  0.00
B19409865           5224201603057501054504535    41.69      2      0    16.00  0.00  0.00
B19409866           5224201603058430308015901   494.66      2      0     0.00  0.00  0.00
B19409866           5224201603057501008497623   219.06      2      0     0.00  0.00  0.00
B19409866           5224201603057501300407115   146.25      2      0     0.00  0.00  0.00
B19409866           5224201603057501008497074   150.48      2      0     0.00  0.00  0.00
B19409866           5224201603057501165008144    30.99      2      0    16.00  0.00  0.00
B19409866           5224201603057501165008137    31.93      2      0    16.00  0.00  0.00
B19409866           5224201603057501165008113    30.99      2      0    16.00  0.00  0.00
B19409866           5224201603057502246642820   847.96      2      0     0.00  0.00  0.00
B19409866           5224201603057501098608336   295.00      2      0     0.00  0.00  0.00
B19409866           5224201603057501082242720   865.70      2      0     0.00  0.00  0.00
B19409866           5224201603057501128105019    15.44      2      0    16.00  0.00  0.00
B19409866           522420160305 650240006678    94.98      2      0     0.00  0.00  0.00
B19409866           5224201603057503006698323   132.24      2      0    16.00  0.00  0.00
B19409866           5224201603057501050614849    70.02      2      0     0.00  0.00  0.00
B19409866           522420160305 650240006623    35.76      2      0    16.00  0.00  0.00
B19409866           5224201603057501128105774    10.56      2      0    16.00  0.00  0.00
B19409866           5224201603057501298213019    31.29      2      0     0.00  0.00  0.00
B19409866           5224201603057501299307212   131.67      2      0     0.00  0.00  0.00
B19409866           5224201603057501065054128    32.04      2      0     0.00  0.00  0.00
B19409866           522420160305 891671002277   280.16      2      0     0.00  0.00  0.00
B19409866           5224201603057502214980015    15.06      2      0    16.00  0.00  0.00
B19409866           5224201603057501080952133    36.17      2      0    16.00  0.00  0.00
B19409866           5224201603057501050623780    45.80      2      0     0.00  0.00  0.00
B19409866           5224201603057501300407016    71.25      2      0     0.00  0.00  0.00
B19409866           5224201603054005808802005    18.13      2      0    16.00  0.00  0.00
B19409866           522420160305     75010690     7.64      5      0    16.00  0.00  0.00
B19409866           5224201603057501299301975    89.77      2      0     0.00  0.00  0.00
B19409866           5224201603057501298217253    40.93      2      0    16.00  0.00  0.00
B19409866           5224201603057501080952126    36.17      2      0    16.00  0.00  0.00
B19409866           522420160305 650240015366    34.49      2      0     0.00  0.00  0.00
B19409866           5224201603057501089809469    87.48      2      0     0.00  0.00  0.00
B19409866           5224201603057501008497357   108.52      2      0     0.00  0.00  0.00
B19409866           5224201603058020030053090   212.00      2      0     0.00  0.00  0.00
B19409866           5224201603057502257270067   460.56      2      0     0.00  0.00  0.00
B19409866           5224201603057502257270036   284.58      2      0     0.00  0.00  0.00
B19409866           5224201603057501300407047   120.63      2      0     0.00  0.00  0.00
B19409866           5224201603057501300407061    99.38      2      0     0.00  0.00  0.00
B19409866           5224201603057501300407009   143.13      2      0     0.00  0.00  0.00
B19409866           5224201603057502214982439    22.68      2      0    16.00  0.00  0.00
B19409866           5224201603057502214982507    18.78      2      0    16.00  0.00  0.00
B19409866           5224201603057502214982514    18.78      2      0    16.00  0.00  0.00
B19409866           5224201603057502214982811    26.40      2      0    16.00  0.00  0.00
B19409866           5224201603057501080953017    36.17      2      0    16.00  0.00  0.00
B19409866           5224201603057501082242461   423.14      2      0     0.00  0.00  0.00
B19409866           5224201603057502214982484    18.78      2      0    16.00  0.00  0.00
B19409866           5224201603057502214982538    21.61      2      0    16.00  0.00  0.00
B19409866           5224201603057501082242478   497.08      2      0     0.00  0.00  0.00
B19409866           5224201603057501299330074   116.38      2      0     0.00  0.00  0.00
B19409866           5224201603058430308001379   506.28      2      0     0.00  0.00  0.00
B19402879           522720160305 736085405422    73.20      5      0     0.00  0.00 18.00
B19402879           5227201603057501001116187    88.07      2      0     0.00  0.00 18.00
B19402879           5227201603057501070903473   229.93      2      0     0.00  0.00 18.00
B19402879           5227201603057501109761944     7.68      2      0     0.00 16.66 18.00
B19402879           5227201603057501125139543   189.03      3      0     0.00 12.50 18.00
B19402879           5227201603057503008821101    57.53      2      0    16.00  0.00 18.00
B19402880           5227201603057501581100279    31.98      3      0     0.00  0.00  8.00
B19402881           522720160305 310158077046    49.65      3      0    16.00  0.00  0.00
B19402881           5227201603057501008427347    42.35      5      0     0.00  0.00  0.00
B19402881           5227201603057501125116810    15.37      9      0     0.00  9.09  0.00
B19402881           5227201603057501314701711    96.81      3      0     0.00  0.00  0.00
B19402881           5227201603057501034650580    76.73      5      0     0.00 11.00  0.00
B19402881           5227201603057501089804327   210.60      2      0     0.00  0.00  0.00
B19402881           5227201603057501008486559    34.73      2      0    16.00  0.00  0.00
B19402881           522720160305 650240003950    59.63     11      0     0.00  0.00  0.00
B19402881           5227201603057501070614461   145.59      2      0     0.00  0.00  0.00
B19402881           5227201603057501091440094    14.02      3      0     0.00 10.00  0.00
B19402881           522720160305  37000394969    30.72      8      0    16.00  0.00  0.00
B19402881           5227201603057501050623766    49.72      2      0     0.00  0.00  0.00
B19402881           522720160305 650240012525    35.76     15      0    16.00  0.00  0.00
B19402881           5227201603057502246642820   847.96      2      0     0.00  0.00  0.00
B19402881           5227201603057501070618995   201.48      3      0     0.00  0.00  0.00
B19402881           5227201603057503006698316    80.94      2      0    16.00  0.00  0.00
B19402881           5227201603057501299355060    49.20      3      0     0.00  0.00  0.00
B19402881           5227201603057501022101933   392.61      2      0     0.00  0.00  0.00
B19402882           522720160305 354312225164    32.39      2      0     0.00  0.00 11.00
B19402883           5227201603057501033956690    27.92      3      0     0.00  0.00 17.00
B19402884           5227201603057501108765561   109.73      2      0     0.00  0.00 18.00
B19402862           5228201603057501125104411    26.82     14      0     0.00 25.00 18.00
B19402862           5228201603057501125104794    45.68      3      0     0.00  0.00 18.00
B19402862           522820160305 714706901706    20.22      6      0     0.00  0.00 18.00
B19402862           5228201603057501124810900   118.62      3      0     0.00  0.00 18.00
B19402862           5228201603057501124815486    53.08      3      0     0.00  0.00 18.00
B19402862           5228201603057501125103582    26.82      8      0     0.00  0.00 18.00
B19402862           5228201603057501125118562    26.82      3      0     0.00 25.00 18.00
B19402862           5228201603057503014492029   297.79      2      0     0.00  0.00 18.00
B19402863           5228201603057501287687142   432.13      2      0     0.00  0.00 18.00
B19402864           522820160305  37000394969    30.72     24      0    16.00  0.00  0.00
B19402864           522820160305 650240015366    34.49      6      0     0.00  0.00  0.00
B19402864           5228201603057501065041012    22.43      5      0    16.00  0.00  0.00
B19402864           5228201603057501298219509   211.94      3      0     0.00  0.00  0.00
B19402864           5228201603057501095409059    38.70     14      0     0.00 10.00  0.00
B19402864           5228201603057501125116810    15.37     21      0     0.00  9.09  0.00
B19402864           5228201603057501035908246    14.78      8      0    16.00  0.00  0.00
B19402864           5228201603057501008427347    42.35     23      0     0.00  0.00  0.00
B19402864           5228201603057501299303047    40.57      2      0     0.00  0.00  0.00
B19402864           5228201603057501088508929    58.70      3      0     0.00  0.00  0.00
B19402864           5228201603057501070600730    61.44      8      0     0.00  0.00  0.00
B19402864           522820160305 650240007828    14.83      2      0    16.00  0.00  0.00
B19402864           5228201603057501035916586    35.03      8      0    16.00  0.00  0.00
B19402864           5228201603054005808829675    39.43      8      0    16.00  0.00  0.00
B19402864           5228201603057501037908084    67.87     12      0     0.00  9.09  0.00
B19402865           5230201603057703281001454   263.20      3      0    16.00  0.00 10.00
B19402866           5230201603057501201400680   321.04      3      0     0.00  0.00 18.00
B19402866           5230201603057501108767947   107.26      5      0     0.00  0.00 18.00
B19402866           5230201603057502224225021   131.45      5      0    16.00  0.00 18.00
B19402867           5230201603057501125116810    15.37     27      0     0.00  9.09  0.00
B19402867           5230201603057501318649071   124.89      2      0     0.00  0.00  0.00
B19402867           523020160305 310158077046    49.65      5      0    16.00  0.00  0.00
B19402867           5230201603057501050617055    32.91      8      0     0.00  0.00  0.00
B19402867           5230201603057501050613460    39.02     18      0     0.00  0.00  0.00
B19402867           5230201603057501299303047    40.57      5      0     0.00  0.00  0.00
B19402867           5230201603057501299303085    44.56     17      0     0.00  0.00  0.00
B19402867           5230201603057501314704170    34.42      2      0     0.00  0.00  0.00
B19402867           5230201603057501314702640   157.77      2      0     0.00  0.00  0.00
B19402867           5230201603057501165002920    38.53     11      0     0.00  0.00  0.00
B19402867           5230201603057501072300164    44.49      9      0     0.00  0.00  0.00
B19402867           5230201603057800005082123    39.24      8      0    16.00  0.00  0.00
B19402867           5230201603057501088509773    82.00     47      0     0.00  0.00  0.00
B19402867           523020160305 650240011153    75.62      5      0     0.00  0.00  0.00
B19402867           5230201603057501070612368   109.20     35      0     0.00  0.00  0.00
B19402867           523020160305  99176369141    13.12     63      0    16.00  0.00  0.00
B19402867           5230201603057501089809438   116.64      2      0     0.00  0.00  0.00
B19402867           5230201603054005808837472    23.60      8      0    16.00  0.00  0.00
B19402867           5230201603057501086472017    17.38     44      0    16.00  0.00  0.00
B19402867           5230201603057501050625395    19.72     33      0     0.00  0.00  0.00
B19402867           523020160305 650240006203   129.54      3      0     0.00  0.00  0.00
B19402867           5230201603057501091440094    14.02     18      0     0.00 10.00  0.00
B19402867           5230201603057501299355060    49.20      3      0     0.00  0.00  0.00
B19402867           523020160305  37000394969    30.72      3      0    16.00  0.00  0.00
B19402867           5230201603057501035908123    17.57      2      0    16.00  0.00  0.00
B19402867           523020160305 650240011818   154.69      3      0     0.00  0.00  0.00
B19402867           5230201603057502214982484    18.78      3      0    16.00  0.00  0.00
B19402868           5230201603057501125104688    26.82     11      0     0.00 25.00 18.00
B19402868           5230201603057501125103520    26.82      5      0     0.00  0.00 18.00
B19402868           5230201603057501125149221    26.82      2      0     0.00  0.00 18.00
B19402868           5230201603057501250813530   785.49      2      0     0.00  0.00 18.00
B19402868           523020160305 020800753067    44.55     24      0     0.00  0.00 18.00
B19402868           523020160305 714706100307    51.66      6      0     0.00  0.00 18.00
B19408367           5236201603057501124812591    83.20      2      0     0.00  0.00 18.00
B19408367           5236201603057501124810917   112.41      2      0     0.00  0.00 18.00
B19408367           5236201603057503008821101    57.53      2      0    16.00  0.00 18.00
B19408368           5236201603057501142925150   207.81      3      0     0.00  0.00 18.00
B19408369           523620160305 008400000774   102.43      2      0     0.00  0.00  0.00
B19408369           5236201603057501300408402   138.13      2      0     0.00  0.00  0.00
B19408369           5236201603057501300409584   183.75      2      0     0.00  0.00  0.00
B19408369           5236201603057501159580014   113.80      2      0     0.00  0.00  0.00
B19408369           523620160305     75010690     7.64      2      0    16.00  0.00  0.00
B19408369           523620160305 650240027789    51.77      2      0     0.00  0.00  0.00
B19408369           5236201603057501314702657   157.77      3      0     0.00  0.00  0.00
B19402869           5237201603057501390911028   482.98      2      0     0.00  0.00 10.00
B19402869           5237201603057501390911042   171.38      2      0     0.00  0.00 10.00
B19402869           5237201603057501390911011   152.52      2      0     0.00  0.00 10.00
B19402869           5237201603057501142970723    74.36      2      0     0.00  0.00 10.00
B19402869           5237201603057501390911004   327.18      2      0     0.00  0.00 10.00
B19402869           5237201603054019338605159   349.80      2      0     0.00  0.00 10.00
B19402869           5237201603057703281001454   263.20      2      0    16.00  0.00 10.00
B19402869           5237201603057501390912803   316.52      2      0     0.00  0.00 10.00
B19402869           5237201603057501303455793   136.74      2      0     0.00  0.00 10.00
B19402869           5237201603057501303441383    85.86      2      0     0.00  0.00 10.00
B19402869           5237201603057703281007616   552.00      2      0    16.00  0.00 10.00
B19402869           5237201603057703332003031   302.40      2      0    16.00  0.00 10.00
B19402870           5237201603057502264950235   131.51      2      0    16.00  0.00  8.00
B19402870           5237201603057501065010209   234.75      2      0    16.00  0.00  8.00
B19402870           5237201603053499320001618   282.45      2      0     0.00  0.00  8.00
B19402870           5237201603053499320002028   691.63      2      0     0.00  0.00  8.00
B19402870           5237201603057501123014743   289.19      2      0     0.00  9.09  8.00
B19402870           5237201603057501581100255    37.44      2      0     0.00  0.00  8.00
B19402870           5237201603057501581100279    31.98      2      0     0.00  0.00  8.00
B19402870           523720160305     75004972   147.88      2      0     0.00 16.66  8.00
B19402870           523720160305     75004996   156.49      2      0     0.00  9.09  8.00
B19402870           5237201603053499320000208   307.01      2      0     0.00  0.00  8.00
B19402870           5237201603057501122961017   111.31      2      0     0.00  9.09  8.00
B19402870           5237201603057501406885503   319.30      2      0    16.00  0.00  8.00
B19402870           5237201603057502003560473   474.90      2      0     0.00  0.00  8.00
B19402870           5237201603057501123013807   248.40      2      0     0.00  9.09  8.00
B19402870           5237201603057502003560480   371.96      2      0     0.00  0.00  8.00
B19402870           5237201603057501123014101   209.16      2      0     0.00  9.09  8.00
B19402870           5237201603057501122900801   186.12      2      0     0.00 16.66  8.00
B19402870           5237201603057502003560459   412.16      2      0     0.00  0.00  8.00
B19402870           5237201603057501122969808   118.83      2      0     0.00 16.66  8.00
B19402870           5237201603057502264950310   275.44      2      0    16.00  0.00  8.00
B19402870           5237201603057502264950228   234.75      2      0    16.00  0.00  8.00
B19402870           5237201603057502264950259   234.75      2      0    16.00  0.00  8.00
B19402871           5237201603057503007704580   173.00      2      0     0.00  0.00 18.00
B19402871           5237201603057503007704658   322.00      2      0     0.00  0.00 18.00
B19402871           5237201603057503007704597   181.00      2      0     0.00  0.00 18.00
B19402871           5237201603057503008821033   247.68      2      0    16.00  0.00 18.00
B19402871           5237201603057503014492029   297.79      2      0     0.00  0.00 18.00
B19402871           5237201603057506195102640    41.78      2      0     0.00  0.00 18.00
B19402871           5237201603057501124311094    37.13      2      0     0.00  0.00 18.00
B19402871           5237201603057501124311100    37.13      2      0     0.00  0.00 18.00
B19402871           5237201603057501124810900   118.62      2      0     0.00  0.00 18.00
B19402871           5237201603057501168830100   176.29      2      0     0.00  0.00 18.00
B19402871           5237201603057501088618109   531.10      2      0     0.00  0.00 18.00
B19402871           523720160305 020800753050    74.35      2      0     0.00  0.00 18.00
B19402871           5237201603057501088619700   674.37      2      0     0.00  0.00 18.00
B19402871           5237201603057501094910457   135.20      2      0     0.00  0.00 18.00
B19402871           523720160305 020800790253   148.09      2      0     0.00  0.00 18.00
B19402871           5237201603057501109790029    20.41      2      0     0.00  0.00 18.00
B19402871           5237201603057501258204118   113.75      2      0     0.00  0.00 18.00
B19402871           5237201603057501258208697   227.49      2      0     0.00  0.00 18.00
B19402871           5237201603057503000883282   242.33      2      0     0.00  0.00 18.00
B19402871           5237201603057501249605900   280.45      2      0     0.00  0.00 18.00
B19402871           5237201603057501250810898   494.60      2      0     0.00  0.00 18.00
B19402871           5237201603057501258209489   361.85      2      0     0.00  0.00 18.00
B19402871           5237201603057501446000553    30.50      2      0     0.00  0.00 18.00
B19402871           523720160305 714706200809    59.76      2      0     0.00  0.00 18.00
B19402871           523720160305 736085117004   188.49      2      0     0.00  0.00 18.00
B19402871           5237201603057501109790739    11.49      2      0     0.00  0.00 18.00
B19402871           5237201603057501122900788   743.49      2      0     0.00  0.00 18.00
B19402871           523720160305 736085126006   202.97      2      0     0.00  0.00 18.00
B19402871           5237201603057501124103378   218.74      2      0     0.00  0.00 18.00
B19402871           523720160305 736085268096   122.09      2      0     0.00  0.00 18.00
B19402871           523720160305 736085400519   372.29      2      0     0.00  0.00 18.00
B19402871           523720160305 736085401288   107.95      2      0     0.00  0.00 18.00
B19402871           5237201603057501250822174   532.08      2      0     0.00  0.00 18.00
B19402871           5237201603057501124815653   110.64      2      0     0.00  0.00 18.00
B19402871           5237201603057501124817718   103.65      2      0     0.00  0.00 18.00
B19402871           523720160305 736085401530   653.65      2      0     0.00  0.00 18.00
B19402871           523720160305 736085402346   596.42      2      0     0.00  0.00 18.00
B19402871           523720160305 736085904727   474.93      2      0     0.00  0.00 18.00
B19402871           5237201603057501057005312    77.33      2      0     0.00  9.09 18.00
B19402871           5237201603057501070903435   418.93      2      0     0.00  0.00 18.00
B19402871           5237201603057501125102929    84.57      2      0     0.00  0.00 18.00
B19402871           5237201603057501125109935    60.11      2      0     0.00  0.00 18.00
B19402871           5237201603057501125135460    84.60      2      0     0.00  0.00 18.00
B19402871           5237201603057501070903800   229.86      2      0     0.00  0.00 18.00
B19402871           5237201603057501088504518   141.86      2      0     0.00  0.00 18.00
B19402871           5237201603057501088504532   121.98      2      0     0.00  0.00 18.00
B19402871           5237201603057501088604058   604.76      2      0     0.00  0.00 18.00
B19402871           5237201603057501088617058   604.76      2      0     0.00  0.00 18.00
B19402872           5237201603057501092743033   229.62      2      0     0.00  0.00  0.00
B19402872           5237201603057501035915121    13.95      2      0    16.00  0.00  0.00
B19402872           5237201603057501022107027    14.34      2      0    16.00  0.00  0.00
B19402872           5237201603057501043120289   706.58      2      0     0.00  0.00  0.00
B19402872           5237201603057501298269009   237.74      2      0     0.00  0.00  0.00
B19402872           5237201603057501035908130    32.22      2      0    16.00  0.00  0.00
B19402872           5237201603057501022103173    51.59      2      0    16.00  0.00  0.00
B19402872           523720160305 650240010491    77.69      2      0     0.00  0.00  0.00
B19402872           523720160305 650240010453    43.13      2      0     0.00  0.00  0.00
B19402872           5237201603054005808837472    23.60      2      0    16.00  0.00  0.00
B19402872           5237201603057501871720217   113.85      2      0     0.00  0.00  0.00
B19402872           5237201603057501037990034   285.80      2      0     0.00  0.00  0.00
B19402872           5237201603057501086453221   127.23      2      0    16.00  0.00  0.00
B19402872           5237201603057501092772415   231.59      2      0     0.00  0.00  0.00
B19402872           5237201603057501072310217   232.30      2      0     0.00  0.00  0.00
B19402872           5237201603057501328979366   113.19      2      0     0.00  0.00  0.00
B19402872           5237201603057501328979496    79.47      2      0     0.00  0.00  0.00
B19402872           523720160305 008400000682   240.02      2      0     0.00  0.00  0.00
B19402872           523720160305 008400000774   102.43      2      0     0.00  0.00  0.00
B19402872           523720160305 008400001290   133.40      2      0     0.00  0.00  0.00
B19402872           5237201603057501098603317    57.00      2      0     0.00  0.00  0.00
B19402872           5237201603057501098603690   223.00      2      0     0.00  0.00  0.00
B19402872           523720160305 008400001344   308.78      2      0     0.00  0.00  0.00
B19402872           523720160305 008400002181    35.61      2      0     0.00  0.00  0.00
B19402872           5237201603057501050661201    38.44      2      0     0.00  0.00  0.00
B19402872           5237201603057501050699723   275.80      2      0     0.00  0.00  0.00
B19402872           5237201603057501174603309   239.40      2      0     0.00  0.00  0.00
B19402872           5237201603057501385420238   144.20      2      0     0.00  0.00  0.00
B19402872           5237201603057501328980119   248.44      2      0     0.00  0.00  0.00
B19402872           5237201603057501385450129   120.40      2      0     0.00  0.00  0.00
B19402872           5237201603057501385420061   127.40      2      0     0.00  0.00  0.00
B19402872           5237201603057501072310378    55.65      2      0     0.00  0.00  0.00
B19402872           5237201603057501072340092    94.81      2      0     0.00  0.00  0.00
B19402872           5237201603057501072340115    81.48      2      0     0.00  0.00  0.00
B19402872           5237201603057501082242041   341.99      2      0     0.00  0.00  0.00
B19402872           5237201603057501092772354    80.47      2      0     0.00  0.00  0.00
B19402872           5237201603057501092772385   149.16      2      0     0.00  0.00  0.00
B19402872           5237201603057501409201089   322.99      2      0     0.00  0.00  0.00
B19402872           5237201603057501124723170   244.90      2      0     0.00  0.00  0.00
B19402872           5237201603054005808802814    18.13      2      0    16.00  0.00  0.00
B19402872           5237201603053594450400093   233.00      2      0     0.00  0.00  0.00
B19402872           5237201603057501088575495    72.00      2      0     0.00  0.00  0.00
B19402872           5237201603057501072300157    74.65      2      0     0.00  0.00  0.00
B19402872           5237201603057501871730322   346.97      2      0     0.00  0.00  0.00
B19402872           5237201603057501871730339   346.97      2      0     0.00  0.00  0.00
B19402872           5237201603057800005082123    39.24      2      0    16.00  0.00  0.00
B19402872           5237201603057501089808936   345.38      2      0     0.00  0.00  0.00
B19402872           5237201603057501082212280   660.70      2      0     0.00  0.00  0.00
B19402872           523720160305 008400000460   175.71      2      0     0.00  0.00  0.00
B19402873           5237201603057501289511193    79.80      2      0     0.00  0.00 15.00
B19402874           5237201603057501142925150   207.81      2      0     0.00  0.00 18.00
B19402874           5237201603057501057002120   243.08      2      0     0.00  0.00 18.00
B19402874           523720160305 300093116016   275.49      2      0     0.00  0.00 18.00
B19402874           5237201603057501201401557   614.29      2      0     0.00  0.00 18.00
B19402874           5237201603057502224228787  1345.14      2      0    16.00  0.00 18.00
B19402874           5237201603057502216931893   104.30      2      0     0.00  0.00 18.00
B19402874           523720160305 310742330663    83.92      2      0     0.00  0.00 18.00
B19402874           5237201603057501108765578   114.95      2      0     0.00  0.00 18.00
B19402874           5237201603057501108766797   135.95      2      0     0.00  0.00 18.00
B19402874           5237201603057501287627957   528.73      2      0     0.00  0.00 18.00
B19402874           5237201603057501201448088   409.15      2      0     0.00  0.00 18.00
B19402874           5237201603057501108761815   192.15      2      0     0.00  0.00 18.00
B19402874           523720160305 300090275051   327.18      2      0     0.00  0.00 18.00
B19402875           5237201603057506295337454   137.53      2      0    16.00  0.00 18.00
B19402875           5237201603057506195102695    41.78      2      0     0.00  0.00 18.00
B19402875           5237201603057590002012475    99.78      2      0     0.00  0.00 18.00
B19402875           5237201603058027950210183   254.20      2      0     0.00  0.00 18.00
B19402875           523720160305     75004088   141.98      2      0     0.00  0.00 18.00
B19402875           5237201603057501070903350   152.36      2      0     0.00  0.00 18.00
B19402875           5237201603057501125130885    16.51      5      0     0.00  0.00 18.00
B19402876           5237201603057501165008144    30.99      2      0    16.00  0.00  0.00
B19402876           5237201603057501165008137    31.93      2      0    16.00  0.00  0.00
B19402876           5237201603057501165008113    30.99      2      0    16.00  0.00  0.00
B19402876           5237201603057501300407092   263.13      2      0     0.00  0.00  0.00
B19402876           5237201603057501065045225    24.00      2      0    16.00  0.00  0.00
B19402876           5237201603057503017193060    55.86      2      0     0.00  0.00  0.00
B19402876           5237201603057501088505423   140.00      2      0     0.00  0.00  0.00
B19402876           5237201603057501299330203    52.53      2      0     0.00  0.00  0.00
B19402876           5237201603057501088505454    91.50      2      0     0.00  0.00  0.00
B19402876           5237201603057501088505430    67.00      2      0     0.00  0.00  0.00
B19402876           523720160305 650240021138    33.70      5      0     0.00  0.00  0.00
B19402876           5237201603057501298221830   137.67      2      0     0.00  0.00  0.00
B19402876           5237201603057501298221823   173.89      2      0     0.00  0.00  0.00
B19402876           5237201603057501165007604    65.35      2      0    16.00  0.00  0.00
B19402876           5237201603057501165007611    91.20      2      0    16.00  0.00  0.00
B19402876           5237201603057501300407863   144.38      2      0     0.00  0.00  0.00
B19402876           5237201603057702018992195    34.31      2      0    16.00  0.00  0.00
B19402876           5237201603057501299355060    49.20      2      0     0.00  0.00  0.00
B19402876           5237201603057501098610049    70.00      2      0     0.00  0.00  0.00
B19402876           5237201603057503002057698    89.26      2      0     0.00  0.00  0.00
B19402877           5237201603057501046482490   363.88      2      0     0.00  0.00  0.00
B19402877           5237201603057501095409059    38.70      6      0     0.00 10.00  0.00
B19402877           5237201603057501008409510    63.06      2      0     0.00  0.00  0.00
B19402877           5237201603057501008409527    63.06      2      0     0.00  0.00  0.00
B19402877           5237201603057501008426944    74.52      2      0     0.00  0.00  0.00
B19402877           5237201603057501125116810    15.37      8      0     0.00  9.09  0.00
B19402877           5237201603057501165000179   234.56      2      0     0.00  0.00  0.00
B19402877           5237201603057501159514026   145.17      2      0     0.00  0.00  0.00
B19402877           5237201603057501165000360    73.90      2      0     0.00  0.00  0.00
B19402877           5237201603057501037950526   456.95      2      0     0.00  0.00  0.00
B19402877           5237201603057501328976051   238.46      2      0     0.00  0.00  0.00
B19402877           5237201603057501328976068   210.77      2      0     0.00  0.00  0.00
B19402877           5237201603057501008465660    52.59      2      0     0.00  0.00  0.00
B19402877           5237201603057501008485316    20.06      2      0     0.00  0.00  0.00
B19402877           5237201603057501008485408    22.85      2      0     0.00  0.00  0.00
B19402877           5237201603057501314701766   307.34      2      0     0.00  0.00  0.00
B19402877           5237201603057501314701827   340.59      2      0     0.00  0.00  0.00
B19402877           5237201603057501314701926   501.94      2      0     0.00  0.00  0.00
B19402877           5237201603057501034651037   204.90      2      0     0.00  0.00  0.00
B19402877           5237201603057501314704552   107.05      2      0     0.00  0.00  0.00
B19402877           5237201603057501303444001   141.99      2      0     0.00  0.00  0.00
B19402877           5237201603057501318634732    75.09      3      0     0.00  0.00  0.00
B19402877           5237201603057501298210766   346.58      2      0     0.00  0.00  0.00
B19402877           5237201603057501299306277    60.52      2      0     0.00  0.00  0.00
B19402877           5237201603057501299307236    36.58      9      0     0.00  0.00  0.00
B19402877           5237201603057501300408266   283.75      2      0     0.00  0.00  0.00
B19402877           5237201603057501300408693   145.00      2      0     0.00  0.00  0.00
B19402877           5237201603057501300408709   267.50      2      0     0.00  0.00  0.00
B19402877           5237201603057501300408884   425.63      2      0     0.00  0.00  0.00
B19402877           5237201603057501318608924    39.41      2      0     0.00  0.00  0.00
B19402877           5237201603057501298219509   211.94      2      0     0.00  0.00  0.00
B19402877           5237201603057501298219608   177.01      2      0     0.00  0.00  0.00
B19402877           5237201603057501298234700   149.98      2      0     0.00  0.00  0.00
B19402877           5237201603057501298234809    72.36      2      0     0.00  0.00  0.00
B19402877           5237201603057501298234908   112.92      2      0     0.00  0.00  0.00
B19402877           523720160305 301320005011   138.04      2      0     0.00  0.00  0.00
B19402877           523720160305 301320010206    72.62      2      0     0.00  0.00  0.00
B19402877           523720160305 008400000026   198.22      2      0     0.00  0.00  0.00
B19402877           523720160305 650240001314   258.39      2      0     0.00  0.00  0.00
B19402877           523720160305 008400000347   187.45      2      0     0.00  0.00  0.00
B19402877           523720160305 008400000354   222.10      2      0     0.00  0.00  0.00
B19402877           5237201603057501050612555    95.90      2      0     0.00  0.00  0.00
B19402877           5237201603057501050611220    39.60      2      0     0.00  0.00  0.00
B19402877           5237201603057501050614641    36.95      2      0     0.00  0.00  0.00
B19402877           5237201603057501061002802    29.30      2      0     0.00  0.00  0.00
B19402877           5237201603057501298253008   197.71      2      0     0.00  0.00  0.00
B19402877           5237201603057501298265100   173.11      2      0     0.00  0.00  0.00
B19402877           5237201603057501303443301   139.78      2      0     0.00  0.00  0.00
B19402877           5237201603057501303443509   141.99      2      0     0.00  0.00  0.00
B19402878           5237201603057501035908123    17.57      2      0    16.00  0.00  0.00
B19402878           5237201603057501300408556   295.00      2      0     0.00  0.00  0.00
B19402878           5237201603057501037451054    35.69      2      0    16.00  0.00  0.00
B19402878           523720160305 650240004650    14.83      2      0    16.00  0.00  0.00
B19402878           523720160305 650240004292    14.83      2      0    16.00  0.00  0.00
B19402878           523720160305 650240004278    14.83      2      0    16.00  0.00  0.00
B19402878           523720160305 650240009709    66.98      2      0    16.00  0.00  0.00
B19402878           5237201603057501165005594    71.80      2      0     0.00  0.00  0.00
B19402878           5237201603057502216930575   138.07      2      0     0.00  0.00  0.00
B19402878           523720160305 650240004643    14.83      2      0    16.00  0.00  0.00
B19402878           523720160305  37000394969    30.72      2      0    16.00  0.00  0.00
B19402878           523720160305  37000394945    29.64      2      0    16.00  0.00  0.00
B19402878           5237201603057501072300225    75.88      2      0     0.00  0.00  0.00
B19402878           523720160305     75026226    66.64      2      0     0.00  0.00  0.00
B19402878           5237201603057501050614849    70.02      2      0     0.00  0.00  0.00
B19402878           523720160305 650240009556    66.98      2      0    16.00  0.00  0.00
B19402878           523720160305 650240009549    66.98      2      0    16.00  0.00  0.00
B19402878           5237201603057501128105019    15.44      2      0    16.00  0.00  0.00
B19402878           523720160305 650240006678    94.98      2      0     0.00  0.00  0.00
B19402878           5237201603057501035908727    24.85      2      0    16.00  0.00  0.00
B19402878           523720160305 650240007750    29.73      2      0    16.00  0.00  0.00
B19402878           5237201603057501299307212   131.67      2      0     0.00  0.00  0.00
B19402878           523720160305 650240010736    66.98      2      0    16.00  0.00  0.00
B19402878           523720160305 891671002277   280.16      2      0     0.00  0.00  0.00
B19402878           5237201603054005808802005    18.13      2      0    16.00  0.00  0.00
B19402878           523720160305 650240013805    46.49      3      0     0.00  0.00  0.00
B19402878           5237201603057501299301975    89.77      2      0     0.00  0.00  0.00
B19402878           5237201603057501298217253    40.93      2      0    16.00  0.00  0.00
B19402878           523720160305 650240015670    66.98      2      0    16.00  0.00  0.00
B19402878           5237201603057501050623780    45.80      2      0     0.00  0.00  0.00
B19402878           5237201603057501300407016    71.25      2      0     0.00  0.00  0.00
B19402878           523720160305 650240003974   156.37      2      0    16.00  0.00  0.00
B19402878           523720160305 650240015366    34.49      2      0     0.00  0.00  0.00
B19402878           5237201603057501008497357   108.52      2      0     0.00  0.00  0.00
B19402878           5237201603058020030053090   212.00      2      0     0.00  0.00  0.00
B19402878           5237201603057502257270067   460.56      2      0     0.00  0.00  0.00
B19402878           5237201603057502257270036   284.58      2      0     0.00  0.00  0.00
B19402878           5237201603057501300407061    99.38      2      0     0.00  0.00  0.00
B19402878           5237201603057501300407009   143.13      2      0     0.00  0.00  0.00
B19402878           5237201603057502214982811    26.40      3      0    16.00  0.00  0.00
B19402878           5237201603057501080953017    36.17      2      0    16.00  0.00  0.00
B19402878           5237201603057501008497623   219.06      2      0     0.00  0.00  0.00
B19402878           5237201603057501300407115   146.25      2      0     0.00  0.00  0.00
B19402878           5237201603057501008453780    72.37      6      0     0.00  0.00  0.00
B19402878           5237201603057501008497074   150.48      2      0     0.00  0.00  0.00
B19402878           5237201603057502246642820   847.96      2      0     0.00  0.00  0.00
B19402878           5237201603057501298217703   254.79      3      0     0.00  0.00  0.00
B19402878           5237201603057501299330074   116.38      2      0     0.00  0.00  0.00
B19402878           5237201603058430308001379   506.28      2      0     0.00  0.00  0.00
B19402878           5237201603058430308015901   494.66      2      0     0.00  0.00  0.00
B19402930           5237201603057501406829002   436.49      2      0     0.00  0.00  0.00
B19402858           5243201603057501406800032   188.64      2      0    16.00  0.00  8.00
B19402859           524320160305 714706100604    20.22      2      0     0.00  0.00 18.00
B19402860           5243201603057501050617055    32.91      2      0     0.00  0.00  0.00
B19402860           5243201603057501070635664   162.15      3      0     0.00  0.00  0.00
B19402860           5243201603057501050614641    36.95      2      0     0.00  0.00  0.00
B19402860           5243201603057501095409004    38.70      5      0     0.00 10.00  0.00
B19402860           5243201603057501095409059    38.70      3      0     0.00 10.00  0.00
B19402860           5243201603057501008409541    37.98      2      0     0.00  0.00  0.00
B19402860           5243201603057501159514026   145.17      2      0     0.00  0.00  0.00
B19402860           5243201603057501299303047    40.57      2      0     0.00  0.00  0.00
B19402860           5243201603057501098603867    86.34      8      0     0.00  0.00  0.00
B19402860           5243201603057501050613453    37.50      6      0     0.00  0.00  0.00
B19402860           5243201603057501050630023    57.59      2      0     0.00  0.00  0.00
B19402860           5243201603057501022105207    10.86      3      0    16.00  0.00  0.00
B19402860           5243201603057501101649653   166.90      2      0     0.00  0.00  0.00
B19402860           5243201603057501300407108    43.75      8      0     0.00  0.00  0.00
B19402860           5243201603057501065045225    24.00      3      0    16.00  0.00  0.00
B19402861           5243201603057501108763475    35.98      3      0     0.00  0.00 18.00
N2545949            537320160305 650240007651    46.49      2      0     0.00  0.00  0.00
N2545949            537320160305 650240011153    75.62      2      0     0.00  0.00  0.00
N2545949            5373201603057501318670907   127.88      2      0     0.00  0.00  0.00
N2545949            537320160305  37000394969    30.72      6      0    16.00  0.00  0.00
N2545950            5374201603057501008448243   167.68      2      0     0.00  0.00  0.00
N2545950            537420160305 650240001635   258.39      2      0     0.00  0.00  0.00
N2545950            537420160305 650240007651    46.49      5      0     0.00  0.00  0.00
N2545950            5374201603054005808225958    31.44      2      0    16.00  0.00  0.00
N2545950            5374201603057501050606288    74.25      2      0     0.00  0.00  0.00
N2545950            5374201603057501070615277   322.00      2      0     0.00  0.00  0.00
D11252237           5431201603058027950210183   254.20      2      0     0.00  0.00 18.00
D11252238           5431201603057501050611671   241.97      2      0     0.00  0.00 18.00
D11252238           5431201603057501108761860   128.75      3      0     0.00  0.00 18.00
D11252238           5431201603057501287630926   186.78      2      0     0.00  0.00 18.00
D11252238           5431201603057501287622402    71.41      2      0     0.00  0.00 18.00
D11252239           5431201603057501318634732    75.09      2      0     0.00  0.00  0.00
D11252239           5431201603057501035911567    10.73      9      0    16.00  0.00  0.00
D11252239           5431201603057501299303047    40.57      2      0     0.00  0.00  0.00
D11252239           5431201603057501092779278   271.49      2      0     0.00  0.00  0.00
D11252239           543120160305 008400002198    44.96      2      0     0.00  0.00  0.00
D11252239           5431201603055900273001566    16.06      5      0    16.00  0.00  0.00
D11252239           5431201603057896009490651    72.08      2      0    16.00  0.00  0.00
D11252239           5431201603057501088505447   124.50      3      0     0.00  0.00  0.00
D11252239           5431201603057501299307236    36.58      2      0     0.00  0.00  0.00
D11252239           5431201603057501299303085    44.56      8      0     0.00  0.00  0.00
D11252239           5431201603057501871730315   346.97      3      0     0.00  0.00  0.00
D11252239           543120160305  99176369141    13.12      9      0    16.00  0.00  0.00
D11252239           5431201603057501125116810    15.37      3      0     0.00  9.09  0.00
D11252239           5431201603057501089810045    60.91      2      0     0.00  0.00  0.00
D11252239           5431201603057501080950146    36.17      3      0    16.00 10.00  0.00
D11252239           5431201603057502224227339    51.92      5      0     0.00 12.00  0.00
D11252240           5431201603057501088507007   528.31      2      0     0.00  0.00  5.00
