B19890326           5214201605257501033956638    26.13      2      0     0.00  0.00 17.00
B19890326           5214201605257501033956690    27.92      7      0     0.00  0.00 17.00
B19890326           5214201605257501033956775    27.92      5      0     0.00  0.00 17.00
B19890326           5214201605257502003560527    88.97      1      0    16.00  0.00 17.00
B19890326           521420160525     75004996   156.49      2      0     0.00  0.00 17.00
B19890326           5214201605257501033920103    26.13     12      0     0.00  0.00 17.00
B19890326           5214201605257501033920110    26.13      7      0     0.00  0.00 17.00
B19890326           5214201605257501289511438    57.63      2      0     0.00  0.00 17.00
B19890326           5214201605257501033954740    27.92      3      0     0.00  0.00 17.00
B19890326           5214201605257501123013340   206.28      9      0     0.00  0.00 17.00
B19890326           5214201605257501033920127    26.13     14      0     0.00  0.00 17.00
B19890326           5214201605257501122961017   111.31      3      0     0.00  0.00 17.00
B19890326           5214201605257501123013302   293.18      4      0     0.00  0.00 17.00
B19890327           5214201605257501318645080    81.23      5      0     0.00  0.00  0.00
B19890327           5214201605257501299303047    40.57      6      0     0.00  0.00  0.00
B19890327           5214201605257501008491966    22.85     21      0     0.00  0.00  0.00
B19890327           5214201605257501034645012   110.25      2      0     0.00  0.00  0.00
B19890327           5214201605257501299301326    91.77      2      0     0.00  0.00  0.00
B19890327           5214201605257501008433553    36.05      7      0     0.00  0.00  0.00
B19890327           5214201605257501008465592    66.56      3      0     0.00  0.00  0.00
B19890327           5214201605257501050614849    70.02      5      0     0.00  0.00  0.00
B19890327           5214201605257501050624015    25.99      6      0    16.00  0.00  0.00
B19890327           5214201605257501299355060    49.20      5      0     0.00  0.00  0.00
B19890327           5214201605257501008498309    33.79      2      0     0.00  0.00  0.00
B19890327           5214201605257501008496701    21.36      7      0     0.00  0.00  0.00
B19890327           5214201605257501034651037   204.90      2      0     0.00  0.00  0.00
B19890328           5214201605257501108766797   142.75      3      0     0.00  0.00 18.00
B19890328           5214201605257501108763468    67.36      1      0     0.00  0.00 18.00
B19890328           5214201605257501108712138   185.84      1      0     0.00  0.00 18.00
B19890328           5214201605257501108761860   128.75      1      0     0.00  0.00 18.00
B19890328           5214201605257501108762157   131.78      1      0     0.00  0.00 18.00
B19890328           5214201605257501287678096    90.47      2      0     0.00  0.00 18.00
B19890328           5214201605257501108767527    62.83      3      0     0.00  0.00 18.00
B19890329           5214201605257800005082123    39.24      2      0    16.00  0.00  2.00
B19890329           5214201605257502214982477    17.80      7      0    16.00  0.00  2.00
B19890329           5214201605257502214982514    18.78      2      0    16.00  0.00  2.00
B19890329           5214201605257501080920842    68.30      3      0    16.00  0.00  2.00
B19890329           521420160525 729513132076    83.58      4      0    16.00  0.00  2.00
B19890329           5214201605257502214982538    21.61      6      0    16.00  0.00  2.00
B19890329           521420160525 729513103991    17.66      3      0    16.00  0.00  2.00
B19890329           5214201605257502214982811    26.40     14      0    16.00  0.00  2.00
B19890329           5214201605257501080953017    34.78      4      0    16.00  0.00  2.00
B19890329           521420160525 729513130027     6.97      6      0    16.00  0.00  2.00
B19890329           5214201605257501041941848    72.58     15      0     0.00  0.00  2.00
B19890329           5214201605257501054502777    27.00      4      0    16.00  0.00  2.00
B19890329           5214201605257502224227339    51.92      7      0     0.00  0.00  2.00
B19890329           521420160525 037836040320    18.00      6      0    16.00  0.00  2.00
B19890329           5214201605257501054504535    41.69      1      0    16.00  0.00  2.00
B19890329           5214201605257501054504870    27.00      4      0    16.00  0.00  2.00
B19890329           5214201605257501054507901    27.00      1      0    16.00  0.00  2.00
B19890329           5214201605257501001164003    29.01     14      0    16.00  0.00  2.00
B19890329           5214201605257501022105191     8.11     15      0    16.00  0.00  2.00
B19890329           5214201605250020800600347    28.21      2      0    16.00  0.00  2.00
B19890329           5214201605254005808837472    23.60      2      0    16.00  0.00  2.00
B19890329           5214201605254005808829675    39.43      3      0    16.00  0.00  2.00
B19890329           5214201605257702003469282     8.93      6      0    16.00  0.00  2.00
B19890329           5214201605257501054530718    20.20      8      0    16.00  0.00  2.00
B19890329           5214201605257501048333059     8.34      8      0    16.00  0.00  2.00
B19890329           5214201605257501048333202    16.09     24      0    16.00  0.00  2.00
B19890329           5214201605257501095409059    41.52      2      0     0.00  0.00  2.00
B19890329           5214201605257501080950146    34.78     11      0    16.00  0.00  2.00
B19890329           5214201605257501022101155   109.52      1      0     0.00  0.00  2.00
B19890329           5214201605257702003469565    23.79      8      0    16.00  0.00  2.00
B19890329           5214201605257501080952126    34.78      8      0    16.00  0.00  2.00
B19890329           5214201605257501086494262    20.26      5      0    16.00  0.00  2.00
B19890329           5214201605257501086494286    20.26      7      0    16.00  0.00  2.00
B19890329           5214201605257502214982439    22.68      1      0    16.00  0.00  2.00
B19890330           5214201605257501001353377    62.23      1      0     0.00  0.00 18.00
B19890330           521420160525 310119052136    56.60      1      0    16.00  0.00 18.00
B19890330           5214201605257501250838724   400.89      5      0     0.00  0.00 18.00
B19890330           5214201605257506295337454   137.53      4      0    16.00  0.00 18.00
B19890330           521420160525 310119033340   127.25      2      0    16.00  0.00 18.00
B19890330           5214201605257501057005312    77.33      3      0     0.00  0.00 18.00
B19890330           5214201605257501001258030    62.23      2      0     0.00  0.00 18.00
B19890330           521420160525 020800753050    74.35      1      0     0.00  0.00 18.00
B19890330           521420160525 020800753067    44.55     12      0     0.00  0.00 18.00
B19890330           521420160525 020800755719    55.76      2      0     0.00  0.00 18.00
B19890330           5214201605257501124815103    84.73      1      0     0.00  0.00 18.00
B19890293           5215201605257501122963028   167.10      3      0     0.00  0.00 17.00
B19890293           5215201605257501289511438    57.63      3      0     0.00  0.00 17.00
B19890293           5215201605257501123014705   284.92      2      0     0.00  0.00 17.00
B19890293           5215201605257501289511117    69.88      1      0     0.00  0.00 17.00
B19890293           5215201605257501123010608   262.40      2      0     0.00  0.00 17.00
B19890293           5215201605257501033954740    27.92      6      0     0.00  0.00 17.00
B19890293           5215201605257501033956638    26.13      2      0     0.00  0.00 17.00
B19890293           5215201605257501033956690    27.92      1      0     0.00  0.00 17.00
B19890293           5215201605257501122900801   186.12      1      0     0.00  0.00 17.00
B19890293           521520160525     75004996   156.49      2      0     0.00  0.00 17.00
B19890293           5215201605257501123014101   209.16      2      0     0.00  0.00 17.00
B19890293           5215201605257501033920110    26.13      1      0     0.00  0.00 17.00
B19890294           5215201605257501034635044    94.84      1      0    16.00  0.00  0.00
B19890294           5215201605257501050624022    38.84      3      0    16.00  0.00  0.00
B19890294           5215201605257501050624008    14.53      3      0    16.00  0.00  0.00
B19890294           5215201605257501050630023    57.59      2      0     0.00  0.00  0.00
B19890294           5215201605257501037907117   101.70      1      0     0.00  0.00  0.00
B19890294           5215201605257501008491966    22.85     38      0     0.00  0.00  0.00
B19890294           5215201605257501034651037   204.90      6      0     0.00  0.00  0.00
B19890294           5215201605257501037908084    67.87      2      0     0.00  0.00  0.00
B19890294           521520160525     75026226    66.64      2      0     0.00  0.00  0.00
B19890294           5215201605257501050624015    25.99      4      0    16.00  0.00  0.00
B19890294           5215201605257501008497340   135.29      2      0     0.00  0.00  0.00
B19890294           5215201605257501299300367   113.72      3      0     0.00  0.00  0.00
B19890294           5215201605257501318645080    81.23      6      0     0.00  0.00  0.00
B19890294           5215201605257501299306130    94.43      4      0     0.00  0.00  0.00
B19890294           5215201605257501299303047    40.57      2      0     0.00  0.00  0.00
B19890294           5215201605257501299307236    36.58      4      0     0.00  0.00  0.00
B19890294           5215201605257501050615617    28.98      1      0    16.00  0.00  0.00
B19890294           5215201605257501050611121    39.86      2      0     0.00  0.00  0.00
B19890294           5215201605257501034670069   174.41      2      0     0.00  0.00  0.00
B19890295           5215201605257501108761839   213.15      1      0     0.00  0.00 18.00
B19890295           5215201605257501108762164   323.37      2      0     0.00  0.00 18.00
B19890295           5215201605257501287678034   176.39      1      0     0.00  0.00 18.00
B19890295           5215201605257501287678096    90.47      1      0     0.00  0.00 18.00
B19890295           5215201605257502216932517   268.02      1      0     0.00  0.00 18.00
B19890295           5215201605257501287622402    71.41      3      0     0.00  0.00 18.00
B19890296           5215201605257501048333202    16.09     24      0    16.00  0.00  2.00
B19890296           5215201605257501001157296    14.29      3      0    16.00  0.00  2.00
B19890296           5215201605257501086494262    20.26      2      0    16.00  0.00  2.00
B19890296           5215201605257501086494286    20.26     10      0    16.00  0.00  2.00
B19890296           521520160525  37000394945    29.64      4      0    16.00  0.00  2.00
B19890296           5215201605257800005082024    39.24      1      0    16.00  0.00  2.00
B19890296           5215201605257702003469565    23.79      2      0    16.00  0.00  2.00
B19890296           5215201605254005808802005    18.13      2      0    16.00  0.00  2.00
B19890296           5215201605257800005082123    39.24      4      0    16.00  0.00  2.00
B19890296           5215201605257501080920842    68.30     12      0    16.00  0.00  2.00
B19890296           5215201605257501080952126    34.78      3      0    16.00  0.00  2.00
B19890296           5215201605257501080950139    32.20      1      0    16.00  0.00  2.00
B19890296           5215201605257502214982477    17.80      1      0    16.00  0.00  2.00
B19890296           5215201605257502214982484    18.78      1      0    16.00  0.00  2.00
B19890296           521520160525 729513130027     6.97     10      0    16.00  0.00  2.00
B19890296           5215201605257502214982538    21.61      2      0    16.00  0.00  2.00
B19890296           5215201605257501001164003    29.01      7      0    16.00  0.00  2.00
B19890296           5215201605257502214982811    26.40      6      0    16.00  0.00  2.00
B19890296           5215201605257501041941848    72.58      4      0     0.00  0.00  2.00
B19890296           5215201605257501022105207    10.86      3      0    16.00  0.00  2.00
B19890296           5215201605257501022105191     8.11     10      0    16.00  0.00  2.00
B19890296           5215201605257502224227339    51.92      9      0     0.00  0.00  2.00
B19890296           5215201605254005808837472    23.60      2      0    16.00  0.00  2.00
B19890296           5215201605257702018913640    34.70      1      0    16.00  0.00  2.00
B19890296           521520160525 037836040320    18.00     16      0    16.00  0.00  2.00
B19890296           5215201605254005808829675    39.43      2      0    16.00  0.00  2.00
B19890296           5215201605254005808225941    31.44      3      0    16.00  0.00  2.00
B19890296           5215201605257501048332977     5.58      8      0    16.00  0.00  2.00
B19890296           5215201605257702003469282     8.93     12      0    16.00  0.00  2.00
B19890296           5215201605257702003469305    18.36      1      0    16.00  0.00  2.00
B19890296           5215201605257501054530718    20.20      1      0    16.00  0.00  2.00
B19890296           5215201605257501095409004    41.52      2      0     0.00  0.00  2.00
B19890296           5215201605257501095409059    41.52      4      0     0.00  0.00  2.00
B19890296           5215201605257501048333059     8.34     25      0    16.00  0.00  2.00
B19890296           5215201605257501095452116    30.96      5      0     0.00  0.00  2.00
B19890297           5215201605257501001258030    62.23      6      0     0.00  0.00 18.00
B19890297           5215201605257501124109509   135.91      2      0     0.00  0.00 18.00
B19890297           5215201605257501080911178   161.22      1      0    16.00  0.00 18.00
B19890297           521520160525 310119034347    46.60      1      0    16.00  0.00 18.00
B19890297           5215201605257501080911185   161.22      1      0    16.00  0.00 18.00
B19890297           5215201605257501080912083   127.24      1      0    16.00  0.00 18.00
B19890297           5215201605257501057005312    77.33      3      0     0.00  0.00 18.00
B19890297           5215201605257506295337454   137.53      9      0    16.00  0.00 18.00
B19890297           5215201605257501070900120   115.77      1      0     0.00  0.00 18.00
B19890297           521520160525 020800753050    74.35      3      0     0.00  0.00 18.00
B19890297           521520160525 020800753067    44.55      8      0     0.00  0.00 18.00
B19890297           5215201605257501124815103    84.73      1      0     0.00  0.00 18.00
B19890331           5227201605257501122961017   111.31      1      0     0.00  0.00 17.00
B19890331           5227201605257501123013302   293.18      3      0     0.00  0.00 17.00
B19890331           5227201605257501033920103    26.13     16      0     0.00  0.00 17.00
B19890331           5227201605257501033920110    26.13      1      0     0.00  0.00 17.00
B19890331           5227201605257501033920127    26.13     27      0     0.00  0.00 17.00
B19890331           5227201605257501122962700    95.58      1      0     0.00  0.00 17.00
B19890331           5227201605257501122963028   167.10      1      0     0.00  0.00 17.00
B19890331           5227201605257501289511421    26.68      3      0     0.00  0.00 17.00
B19890331           5227201605257501289511117    69.88      1      0     0.00  0.00 17.00
B19890331           5227201605257501033954740    27.92      6      0     0.00  0.00 17.00
B19890331           5227201605257501033956638    26.13      6      0     0.00  0.00 17.00
B19890331           5227201605257501033956690    27.92      7      0     0.00  0.00 17.00
B19890331           5227201605257501033956775    27.92      7      0     0.00  0.00 17.00
B19890332           5227201605257501299300275    89.11      2      0     0.00  0.00  0.00
B19890332           5227201605257501318644335    49.13      3      0     0.00  0.00  0.00
B19890332           5227201605257501318645080    81.23      7      0     0.00  0.00  0.00
B19890332           5227201605257501318646223   102.70      1      0     0.00  0.00  0.00
B19890332           5227201605257501299306130    94.43      1      0     0.00  0.00  0.00
B19890332           5227201605257501299307236    36.58      8      0     0.00  0.00  0.00
B19890332           5227201605257501299306277    60.52      3      0     0.00  0.00  0.00
B19890332           5227201605257501008426944    74.52      2      0     0.00  0.00  0.00
B19890332           5227201605257501299303047    40.57      1      0     0.00  0.00  0.00
B19890332           5227201605257501034635044    94.84      2      0    16.00  0.00  0.00
B19890332           5227201605257501008491966    22.85     38      0     0.00  0.00  0.00
B19890332           5227201605257501008496152    49.92      1      0     0.00  0.00  0.00
B19890332           5227201605257501034645067    73.28      1      0     0.00  0.00  0.00
B19890332           5227201605257501050624022    38.84      1      0    16.00  0.00  0.00
B19890332           5227201605257501008433515    65.87      1      0     0.00  0.00  0.00
B19890332           5227201605257501008433553    36.05      5      0     0.00  0.00  0.00
B19890332           5227201605257501037908084    67.87      2      0     0.00  0.00  0.00
B19890332           5227201605257501050624008    14.53     10      0    16.00  0.00  0.00
B19890332           5227201605257501050614849    70.02      2      0     0.00  0.00  0.00
B19890332           5227201605257501050624015    25.99      5      0    16.00  0.00  0.00
B19890332           5227201605257501299301975    89.77      1      0     0.00  0.00  0.00
B19890332           5227201605257501008497357   108.52      1      0     0.00  0.00  0.00
B19890332           5227201605257501008497340   135.29      5      0     0.00  0.00  0.00
B19890332           5227201605257501298217703   254.79      2      0     0.00  0.00  0.00
B19890333           5227201605257501108766797   142.75      2      0     0.00  0.00 18.00
B19890333           5227201605257501108761808   120.13      1      0     0.00  0.00 18.00
B19890333           5227201605257501108767527    62.83      3      0     0.00  0.00 18.00
B19890333           522720160525 300055501638   159.07      5      0     0.00  0.00 18.00
B19890333           522720160525 300055501331    89.71      1      0     0.00  0.00 18.00
B19890333           5227201605257501287622402    71.41      2      0     0.00  0.00 18.00
B19890334           5227201605257502214982439    22.68      6      0    16.00  0.00  2.00
B19890334           5227201605257502214982477    17.80     10      0    16.00  0.00  2.00
B19890334           5227201605257502214982507    18.78      1      0    16.00  0.00  2.00
B19890334           5227201605257502214982538    21.61      4      0    16.00  0.00  2.00
B19890334           5227201605257502214982811    26.40     18      0    16.00  0.00  2.00
B19890334           5227201605257501022105191     8.11     14      0    16.00  0.00  2.00
B19890334           5227201605257501022105276    12.78     10      0    16.00  0.00  2.00
B19890334           5227201605257501095452147    51.62      4      0     0.00  0.00  2.00
B19890334           5227201605254005808837472    23.60      5      0    16.00  0.00  2.00
B19890334           5227201605257501095452505    69.05      4      0     0.00  0.00  2.00
B19890334           5227201605254005808829675    39.43      9      0    16.00  0.00  2.00
B19890334           5227201605257501095476495    26.65      5      0     0.00  0.00  2.00
B19890334           5227201605254005808225941    31.44      6      0    16.00  0.00  2.00
B19890334           5227201605257501048332977     5.58     25      0    16.00  0.00  2.00
B19890334           5227201605257501080953017    34.78      4      0    16.00  0.00  2.00
B19890334           5227201605257501041941848    72.58      1      0     0.00  0.00  2.00
B19890334           5227201605257502224227339    51.92     17      0     0.00  0.00  2.00
B19890334           5227201605257702018913640    34.70      8      0    16.00  0.00  2.00
B19890334           5227201605257501086494262    20.26      6      0    16.00  0.00  2.00
B19890334           5227201605257501080950146    34.78      8      0    16.00  0.00  2.00
B19890334           5227201605257501086494286    20.26      7      0    16.00  0.00  2.00
B19890334           5227201605254005808802814    18.13      5      0    16.00  0.00  2.00
B19890334           5227201605257501080952126    34.78      3      0    16.00  0.00  2.00
B19890334           5227201605254005808803002    18.13      5      0    16.00  0.00  2.00
B19890334           5227201605257501048333202    16.09     10      0    16.00  0.00  2.00
B19890334           522720160525  37000394945    29.64      1      0    16.00  0.00  2.00
B19890334           5227201605257800005082024    39.24      1      0    16.00  0.00  2.00
B19890334           5227201605257800005082123    39.24      4      0    16.00  0.00  2.00
B19890334           5227201605254005808802005    18.13      4      0    16.00  0.00  2.00
B19890334           5227201605257501080912052    47.96      1      0    16.00  0.00  2.00
B19890334           5227201605257501048333059     8.34      9      0    16.00  0.00  2.00
B19890334           5227201605257501080920842    68.30     24      0    16.00  0.00  2.00
B19890334           5227201605257501080950139    32.20     25      0    16.00  0.00  2.00
B19890334           522720160525 729513130027     6.97      8      0    16.00  0.00  2.00
B19890334           522720160525 729513130041     9.80     10      0    16.00  0.00  2.00
B19890334           5227201605257702003469282     8.93     15      0    16.00  0.00  2.00
B19890334           5227201605257501054530718    20.20      1      0    16.00  0.00  2.00
B19890334           522720160525 729513130065    12.37      2      0    16.00  0.00  2.00
B19890334           522720160525 729513130119    28.86      2      0    16.00  0.00  2.00
B19890334           5227201605257501095409004    41.52      1      0     0.00  0.00  2.00
B19890334           5227201605257501054504535    41.69      1      0    16.00  0.00  2.00
B19890334           5227201605257501095409059    41.52      1      0     0.00  0.00  2.00
B19890334           5227201605257501001164003    29.01     10      0    16.00  0.00  2.00
B19890334           5227201605257501086472048    17.38      5      0    16.00  0.00  2.00
B19890334           5227201605257501095451096    23.28     17      0     0.00  0.00  2.00
B19890334           5227201605257501022105207    10.86      3      0    16.00  0.00  2.00
B19890334           5227201605257501095452116    30.96     10      0     0.00  0.00  2.00
B19890335           5227201605254035710006628   175.36      1      0    16.00  0.00 18.00
B19890335           5227201605257501001353377    62.23      6      0     0.00  0.00 18.00
B19890335           522720160525 020800756440    44.55      3      0     0.00  0.00 18.00
B19890335           522720160525 310119034347    46.60      3      0    16.00  0.00 18.00
B19890335           522720160525 310119033227    71.54      4      0    16.00  0.00 18.00
B19890335           522720160525 736085904727   474.93      1      0     0.00  0.00 18.00
B19890335           5227201605250300651431681   391.58      1      0    16.00  0.00 18.00
B19890335           5227201605257506295337454   137.53      5      0    16.00  0.00 18.00
B19890335           522720160525 020800753067    44.55      7      0     0.00  0.00 18.00
B19890335           5227201605257501070903510   109.77      1      0     0.00  0.00 18.00
B19890335           5227201605257501080912083   127.24      1      0    16.00  0.00 18.00
B19890335           522720160525 020800755719    55.76      1      0     0.00  0.00 18.00
B19890303           5228201605257501123013302   293.18      7      0     0.00  0.00 17.00
B19890303           5228201605257501123013340   206.28      5      0     0.00  0.00 17.00
B19890303           5228201605257501122960317   289.98      1      0     0.00  0.00 17.00
B19890304           5228201605257501299300275    89.11      8      0     0.00  0.00  0.00
B19890304           5228201605257501299300367   113.72      8      0     0.00  0.00  0.00
B19890304           5228201605257501299306130    94.43      4      0     0.00  0.00  0.00
B19890304           5228201605257501318645080    81.23      9      0     0.00  0.00  0.00
B19890304           5228201605257501318646223   102.70      2      0     0.00  0.00  0.00
B19890304           5228201605257501299306352    86.45      4      0     0.00  0.00  0.00
B19890304           5228201605257501299307236    36.58      9      0     0.00  0.00  0.00
B19890304           5228201605257501034670069   174.41      1      0     0.00  0.00  0.00
B19890304           5228201605257501299303047    40.57     10      0     0.00  0.00  0.00
B19890304           5228201605257501050611121    39.86      1      0     0.00  0.00  0.00
B19890304           5228201605257501008426944    74.52      2      0     0.00  0.00  0.00
B19890304           5228201605257501034667083   224.02      2      0     0.00  0.00  0.00
B19890304           5228201605257501299303078    44.56      1      0     0.00  0.00  0.00
B19890304           5228201605257501034650559   110.99      1      0     0.00  0.00  0.00
B19890304           5228201605257501008491966    22.85     85      0     0.00  0.00  0.00
B19890304           5228201605257501008496152    49.92      1      0     0.00  0.00  0.00
B19890304           5228201605257501034645012   110.25      4      0     0.00  0.00  0.00
B19890304           5228201605257501034651037   204.90      1      0     0.00  0.00  0.00
B19890304           5228201605257501008496701    21.36      8      0     0.00  0.00  0.00
B19890304           5228201605257501008433553    36.05     26      0     0.00  0.00  0.00
B19890304           5228201605257501298217253    40.93      5      0    16.00  0.00  0.00
B19890304           5228201605257501008465592    66.56      2      0     0.00  0.00  0.00
B19890304           5228201605257501037908084    67.87     37      0     0.00  0.00  0.00
B19890304           5228201605257501050614849    70.02     11      0     0.00  0.00  0.00
B19890304           5228201605257501050624015    25.99     13      0    16.00  0.00  0.00
B19890304           5228201605257501037907117   101.70      2      0     0.00  0.00  0.00
B19890304           5228201605257501050624008    14.53     21      0    16.00  0.00  0.00
B19890304           5228201605257501050630023    57.59      2      0     0.00  0.00  0.00
B19890304           5228201605257501008497357   108.52      4      0     0.00  0.00  0.00
B19890304           5228201605257501008497340   135.29     24      0     0.00  0.00  0.00
B19890304           5228201605257501299306123    62.51      3      0     0.00  0.00  0.00
B19890304           5228201605257501299330074   116.38      1      0     0.00  0.00  0.00
B19890304           5228201605257501299355060    49.20      7      0     0.00  0.00  0.00
B19890305           5228201605257501108766797   142.75      6      0     0.00  0.00 18.00
B19890305           5228201605257501108763468    67.36      4      0     0.00  0.00 18.00
B19890305           5228201605257501228300406   147.07      3      0     0.00  0.00 18.00
B19890305           5228201605257501287688200   231.85      1      0     0.00  0.00 18.00
B19890305           5228201605257501108761808   120.13      3      0     0.00  0.00 18.00
B19890305           5228201605257501108761860   128.75      1      0     0.00  0.00 18.00
B19890305           5228201605257501287678171   184.59      1      0     0.00  0.00 18.00
B19890305           5228201605257501108767527    62.83     26      0     0.00  0.00 18.00
B19890305           5228201605257501108767947   111.01      4      0     0.00  0.00 18.00
B19890305           5228201605257501287688330   427.63      1      0     0.00  0.00 18.00
B19890305           522820160525     75009328    33.33      8      0     0.00  0.00 18.00
B19890305           5228201605257501287610478    55.72      1      0     0.00  0.00 18.00
B19890306           5228201605257501001157296    14.29    131      0    16.00  0.00  2.00
B19890306           522820160525 729513130041     9.80     13      0    16.00  0.00  2.00
B19890306           5228201605254005808829675    39.43     24      0    16.00  0.00  2.00
B19890306           5228201605254005808225941    31.44     26      0    16.00  0.00  2.00
B19890306           5228201605257501048333059     8.34      7      0    16.00  0.00  2.00
B19890306           5228201605257501048333202    16.09     27      0    16.00  0.00  2.00
B19890306           5228201605257501091440094    15.06     14      0     0.00  0.00  2.00
B19890306           522820160525  37000394945    29.64     11      0    16.00  0.00  2.00
B19890306           5228201605257502214982538    21.61      3      0    16.00  0.00  2.00
B19890306           5228201605257501054507901    27.00      6      0    16.00  0.00  2.00
B19890306           5228201605257501001164003    29.01     60      0    16.00  0.00  2.00
B19890306           5228201605257501086472048    17.38     36      0    16.00  0.00  2.00
B19890306           5228201605257501022105207    10.86     11      0    16.00  0.00  2.00
B19890306           5228201605257501041941848    72.58      9      0     0.00  0.00  2.00
B19890306           5228201605257502224227339    51.92     10      0     0.00  0.00  2.00
B19890306           5228201605257501022105191     8.11     43      0    16.00  0.00  2.00
B19890306           5228201605250020800600347    28.21      8      0    16.00  0.00  2.00
B19890306           5228201605257702018913640    34.70      2      0    16.00  0.00  2.00
B19890306           5228201605254005808837472    23.60     30      0    16.00  0.00  2.00
B19890306           5228201605257501022101933   392.61      3      0     0.00  0.00  2.00
B19890306           522820160525 073796612221   371.65      1      0    16.00  0.00  2.00
B19890306           5228201605257501080950146    34.78     11      0    16.00  0.00  2.00
B19890306           5228201605257702003469565    23.79      3      0    16.00  0.00  2.00
B19890306           5228201605254005808802005    18.13     11      0    16.00  0.00  2.00
B19890306           5228201605257502214982439    22.68      1      0    16.00  0.00  2.00
B19890306           5228201605257502214982477    17.80      5      0    16.00  0.00  2.00
B19890306           5228201605257502214982484    18.78      2      0    16.00  0.00  2.00
B19890306           5228201605257702003469282     8.93    217      0    16.00  0.00  2.00
B19890306           5228201605257501054530718    20.20     20      0    16.00  0.00  2.00
B19890306           5228201605257501095409004    41.52      8      0     0.00  0.00  2.00
B19890306           5228201605254005808803002    18.13     26      0    16.00  0.00  2.00
B19890306           5228201605257501054502777    27.00     11      0    16.00  0.00  2.00
B19890306           5228201605257501095409059    41.52     26      0     0.00  0.00  2.00
B19890306           5228201605257501095452147    51.62      5      0     0.00  0.00  2.00
B19890306           5228201605257501054504528    27.00     13      0    16.00  0.00  2.00
B19890306           5228201605257501095451096    23.28     46      0     0.00  0.00  2.00
B19890306           5228201605257501095452505    69.05     10      0     0.00  0.00  2.00
B19890306           5228201605257501054504870    27.00     67      0    16.00  0.00  2.00
B19890306           5228201605257501054504535    41.69      2      0    16.00  0.00  2.00
B19890306           5228201605257501095452116    30.96     26      0     0.00  0.00  2.00
B19890306           5228201605257501095476495    26.65      3      0     0.00  0.00  2.00
B19890306           5228201605257800005082123    39.24      3      0    16.00  0.00  2.00
B19890306           5228201605257800005082024    39.24     14      0    16.00  0.00  2.00
B19890306           5228201605257501086494262    20.26     42      0    16.00  0.00  2.00
B19890306           5228201605257501080912052    47.96      9      0    16.00  0.00  2.00
B19890306           5228201605257501086494286    20.26     21      0    16.00  0.00  2.00
B19890306           5228201605254005808802814    18.13     10      0    16.00  0.00  2.00
B19890306           5228201605257501080920842    68.30     21      0    16.00  0.00  2.00
B19890306           5228201605257501080950139    32.20     24      0    16.00  0.00  2.00
B19890306           522820160525 729513130027     6.97     31      0    16.00  0.00  2.00
B19890307           5228201605254035710006628   175.36      6      0    16.00  0.00 18.00
B19890307           522820160525 020800756440    44.55      6      0     0.00  0.00 18.00
B19890307           5228201605257501080912083   127.24      9      0    16.00  0.00 18.00
B19890307           522820160525 310119034347    46.60     21      0    16.00  0.00 18.00
B19890307           5228201605257501250810645   320.22      1      0     0.00  0.00 18.00
B19890307           522820160525 736085405668   383.66      3      0     0.00  0.00 18.00
B19890307           522820160525 020800753050    74.35      3      0     0.00  0.00 18.00
B19890307           522820160525 310119033227    71.54      8      0    16.00  0.00 18.00
B19890307           522820160525 020800753067    44.55     26      0     0.00  0.00 18.00
B19890307           5228201605257501250829890   796.90      1      0     0.00  0.00 18.00
B19890307           522820160525 020800755719    55.76      6      0     0.00  0.00 18.00
B19890307           522820160525 736085400830   374.98      1      0     0.00  0.00 18.00
B19890307           522820160525 020800790253   148.09      4      0     0.00  0.00 18.00
B19890307           5228201605250300651431681   391.58      2      0    16.00  0.00 18.00
B19890307           5228201605257501070903510   109.77      6      0     0.00  0.00 18.00
B19890307           5228201605257501250838311  1042.97      1      0     0.00  0.00 18.00
B19890307           5228201605257506295337454   137.53     16      0    16.00  0.00 18.00
B19890307           5228201605257501250838946   969.64      1      0     0.00  0.00 18.00
B19890307           522820160525 310119033340   127.25      1      0    16.00  0.00 18.00
B19890307           5228201605257501124815103    84.73      1      0     0.00  0.00 18.00
B19890307           5228201605257501124810900   118.62      4      0     0.00  0.00 18.00
B19890307           5228201605257501001353377    62.23     28      0     0.00  0.00 18.00
B19890308           5230201605257501122969600   327.96      1      0     0.00  0.00 17.00
B19890308           5230201605257501033920103    26.13     22      0     0.00  0.00 17.00
B19890308           5230201605257501033920110    26.13      9      0     0.00  0.00 17.00
B19890308           5230201605257501033920127    26.13     18      0     0.00  0.00 17.00
B19890308           5230201605257501123018307   327.97      1      0     0.00  0.00 17.00
B19890308           5230201605257501122963028   167.10      5      0     0.00  0.00 17.00
B19890308           5230201605257501289511407    84.18      1      0     0.00  0.00 17.00
B19890308           5230201605253499320001168   369.01      1      0     0.00  0.00 17.00
B19890308           5230201605257501188801227   167.31      2      0     0.00  0.00 17.00
B19890308           5230201605253499320001205   266.45      1      0     0.00  0.00 17.00
B19890308           5230201605253499320001335   196.35      1      0     0.00  0.00 17.00
B19890308           5230201605257501123010608   262.40     11      0     0.00  0.00 17.00
B19890308           5230201605257501289511421    26.68      7      0     0.00  0.00 17.00
B19890308           5230201605257501289511117    69.88      2      0     0.00  0.00 17.00
B19890308           5230201605257501289511124   112.57      2      0     0.00  0.00 17.00
B19890308           523020160525     75004996   156.49      2      0     0.00  0.00 17.00
B19890308           5230201605253499320000208   307.01      1      0     0.00  0.00 17.00
B19890308           5230201605257501122960317   289.98      1      0     0.00  0.00 17.00
B19890308           5230201605257501122961017   111.31      5      0     0.00  0.00 17.00
B19890308           5230201605257501123013302   293.18      6      0     0.00  0.00 17.00
B19890308           5230201605257501123013340   206.28      2      0     0.00  0.00 17.00
B19890308           5230201605257501123014101   209.16      1      0     0.00  0.00 17.00
B19890308           5230201605257501123013807   248.40      1      0     0.00  0.00 17.00
B19890308           5230201605257501033954740    27.92     27      0     0.00  0.00 17.00
B19890308           5230201605257501033956638    26.13      1      0     0.00  0.00 17.00
B19890308           5230201605257501289511261    95.75      2      0     0.00  0.00 17.00
B19890308           5230201605257501033956690    27.92     24      0     0.00  0.00 17.00
B19890308           5230201605257502003560480   371.96      1      0     0.00  0.00 17.00
B19890308           5230201605257501033956775    27.92      5      0     0.00  0.00 17.00
B19890309           5230201605257501299300275    89.11      4      0     0.00  0.00  0.00
B19890309           5230201605257501318646223   102.70      6      0     0.00  0.00  0.00
B19890309           5230201605257501299306130    94.43     13      0     0.00  0.00  0.00
B19890309           5230201605257501299300367   113.72      9      0     0.00  0.00  0.00
B19890309           5230201605257501318644335    49.13      5      0     0.00  0.00  0.00
B19890309           5230201605257501318645080    81.23      9      0     0.00  0.00  0.00
B19890309           5230201605257501318645295   110.55      1      0     0.00  0.00  0.00
B19890309           5230201605257501299306277    60.52      3      0     0.00  0.00  0.00
B19890309           5230201605257501299306352    86.45      7      0     0.00  0.00  0.00
B19890309           5230201605257501299307236    36.58     27      0     0.00  0.00  0.00
B19890309           5230201605257501299303047    40.57     16      0     0.00  0.00  0.00
B19890309           5230201605257501050615617    28.98      2      0    16.00  0.00  0.00
B19890309           5230201605257501008426944    74.52      3      0     0.00  0.00  0.00
B19890309           5230201605257501034670069   174.41      8      0     0.00  0.00  0.00
B19890309           5230201605257501034635044    94.84      7      0    16.00  0.00  0.00
B19890309           5230201605257501008491966    22.85    139      0     0.00  0.00  0.00
B19890309           5230201605257501008496152    49.92      1      0     0.00  0.00  0.00
B19890309           5230201605257501034645012   110.25      9      0     0.00  0.00  0.00
B19890309           5230201605257501008496701    21.36     23      0     0.00  0.00  0.00
B19890309           5230201605257501034650559   110.99      1      0     0.00  0.00  0.00
B19890309           5230201605257501299303078    44.56      1      0     0.00  0.00  0.00
B19890309           5230201605257501299303290    46.55      1      0     0.00  0.00  0.00
B19890309           5230201605257501050624015    25.99     13      0    16.00  0.00  0.00
B19890309           5230201605257501050624022    38.84      4      0    16.00  0.00  0.00
B19890309           5230201605257501008433515    65.87      3      0     0.00  0.00  0.00
B19890309           5230201605257501008433553    36.05     11      0     0.00  0.00  0.00
B19890309           5230201605257501008465592    66.56      2      0     0.00  0.00  0.00
B19890309           5230201605257501037908084    67.87     18      0     0.00  0.00  0.00
B19890309           5230201605257501299301975    89.77      2      0     0.00  0.00  0.00
B19890309           5230201605257501298217253    40.93      2      0    16.00  0.00  0.00
B19890309           5230201605257501050624008    14.53     49      0    16.00  0.00  0.00
B19890309           5230201605257501299307212   131.67      1      0     0.00  0.00  0.00
B19890309           5230201605257501050630023    57.59      3      0     0.00  0.00  0.00
B19890309           5230201605257501008497357   108.52      3      0     0.00  0.00  0.00
B19890309           5230201605257501008497340   135.29     41      0     0.00  0.00  0.00
B19890309           5230201605257503017193060    55.86      3      0     0.00  0.00  0.00
B19890309           5230201605257501299355060    49.20     15      0     0.00  0.00  0.00
B19890309           5230201605257501008498309    33.79      2      0     0.00  0.00  0.00
B19890310           5230201605257501328977980   276.43      1      0     0.00  0.00 18.00
B19890310           5230201605257501287688200   231.85      6      0     0.00  0.00 18.00
B19890310           5230201605257501108761860   128.75      2      0     0.00  0.00 18.00
B19890310           5230201605257501108762157   131.78      3      0     0.00  0.00 18.00
B19890310           5230201605257501108712138   185.84      3      0     0.00  0.00 18.00
B19890310           5230201605257501108761808   120.13      7      0     0.00  0.00 18.00
B19890310           5230201605257501108766797   142.75      4      0     0.00  0.00 18.00
B19890310           5230201605257501108763468    67.36      2      0     0.00  0.00 18.00
B19890310           5230201605257501287610478    55.72      1      0     0.00  0.00 18.00
B19890310           5230201605257501287622402    71.41      8      0     0.00  0.00 18.00
B19890310           5230201605257501287678096    90.47      3      0     0.00  0.00 18.00
B19890310           5230201605257501287670335   760.65      1      0     0.00  0.00 18.00
B19890310           5230201605257501108767527    62.83     19      0     0.00  0.00 18.00
B19890310           5230201605257501287688330   427.63      1      0     0.00  0.00 18.00
B19890310           5230201605257501108767947   111.01      6      0     0.00  0.00 18.00
B19890310           523020160525 300055501331    89.71      8      0     0.00  0.00 18.00
B19890310           523020160525     75009328    33.33      9      0     0.00  0.00 18.00
B19890311           5230201605257501022101933   392.61      1      0     0.00  0.00  2.00
B19890311           523020160525 073796612221   371.65      7      0    16.00  0.00  2.00
B19890311           5230201605254005808802005    18.13     24      0    16.00  0.00  2.00
B19890311           5230201605257502214982439    22.68     18      0    16.00  0.00  2.00
B19890311           5230201605257502214982477    17.80      4      0    16.00  0.00  2.00
B19890311           5230201605257502214982507    18.78      4      0    16.00  0.00  2.00
B19890311           5230201605257502224227339    51.92     36      0     0.00  0.00  2.00
B19890311           5230201605257702018913640    34.70     18      0    16.00  0.00  2.00
B19890311           5230201605257502214982514    18.78      5      0    16.00  0.00  2.00
B19890311           5230201605257502214982484    18.78      3      0    16.00  0.00  2.00
B19890311           5230201605257502214982538    21.61     14      0    16.00  0.00  2.00
B19890311           5230201605257502214982811    26.40      8      0    16.00  0.00  2.00
B19890311           5230201605257501080953017    34.78     14      0    16.00  0.00  2.00
B19890311           5230201605257501041941848    72.58      9      0     0.00  0.00  2.00
B19890312           5230201605257501022105191     8.11     82      0    16.00  0.00  2.00
B19890312           5230201605257501048333202    16.09     76      0    16.00  0.00  2.00
B19890312           5230201605257501091440094    15.06     28      0     0.00  0.00  2.00
B19890312           5230201605257501022105276    12.78     14      0    16.00  0.00  2.00
B19890312           5230201605250020800600347    28.21     31      0    16.00  0.00  2.00
B19890312           5230201605257702003469282     8.93    153      0    16.00  0.00  2.00
B19890312           5230201605257501023104025    15.74      3      0    16.00  0.00  2.00
B19890312           5230201605257501095409004    41.52     23      0     0.00  0.00  2.00
B19890312           5230201605257501095409059    41.52     26      0     0.00  0.00  2.00
B19890312           5230201605257501086494262    20.26     41      0    16.00  0.00  2.00
B19890312           5230201605257501086494286    20.26     47      0    16.00  0.00  2.00
B19890312           5230201605257501022101155   109.52      2      0     0.00  0.00  2.00
B19890312           5230201605254005808802814    18.13     30      0    16.00  0.00  2.00
B19890312           5230201605257501095476495    26.65      9      0     0.00  0.00  2.00
B19890312           523020160525 729513103991    17.66      6      0    16.00  0.00  2.00
B19890312           523020160525 729513130065    12.37     20      0    16.00  0.00  2.00
B19890312           523020160525 729513130041     9.80     33      0    16.00  0.00  2.00
B19890312           5230201605257501022103173    51.59      2      0    16.00  0.00  2.00
B19890312           5230201605257501022104217    35.43      6      0    16.00  0.00  2.00
B19890312           523020160525 729513130119    28.86      9      0    16.00  0.00  2.00
B19890312           5230201605257501001157296    14.29    151      0    16.00  0.00  2.00
B19890312           5230201605257501054502777    27.00     49      0    16.00  0.00  2.00
B19890312           523020160525  37000394945    29.64     18      0    16.00  0.00  2.00
B19890312           5230201605257501080950146    34.78     14      0    16.00  0.00  2.00
B19890312           5230201605257501054504535    41.69      5      0    16.00  0.00  2.00
B19890312           5230201605254005808837472    23.60     37      0    16.00  0.00  2.00
B19890312           5230201605257501054504870    27.00     86      0    16.00  0.00  2.00
B19890312           5230201605254005808829675    39.43     54      0    16.00  0.00  2.00
B19890312           5230201605257501001164003    29.01     60      0    16.00  0.00  2.00
B19890312           5230201605254005808225941    31.44     34      0    16.00  0.00  2.00
B19890312           5230201605257501048332977     5.58     21      0    16.00  0.00  2.00
B19890312           5230201605257501086472048    17.38     83      0    16.00  0.00  2.00
B19890312           5230201605257501022105207    10.86     21      0    16.00  0.00  2.00
B19890312           5230201605257501048333059     8.34      4      0    16.00  0.00  2.00
B19890312           5230201605257501095451096    23.28     95      0     0.00  0.00  2.00
B19890312           5230201605254005808803002    18.13     38      0    16.00  0.00  2.00
B19890312           5230201605257501095452116    30.96     45      0     0.00  0.00  2.00
B19890312           5230201605257800005082123    39.24      6      0    16.00  0.00  2.00
B19890312           5230201605257800005082024    39.24     35      0    16.00  0.00  2.00
B19890312           5230201605257501022101360    79.21      5      0     0.00  0.00  2.00
B19890312           5230201605257501095452147    51.62      2      0     0.00  0.00  2.00
B19890312           5230201605257501080912052    47.96      7      0    16.00  0.00  2.00
B19890312           5230201605257501095452505    69.05     18      0     0.00  0.00  2.00
B19890312           5230201605257501080920842    68.30     17      0    16.00  0.00  2.00
B19890312           5230201605257501080950139    32.20     36      0    16.00  0.00  2.00
B19890312           5230201605257702003477270    23.79      1      0    16.00  0.00  2.00
B19890312           5230201605257702003469565    23.79      3      0    16.00  0.00  2.00
B19890312           5230201605257803510001818    66.56      2      0     0.00  0.00  2.00
B19890312           523020160525 729513104011   136.43      2      0    16.00  0.00  2.00
B19890312           523020160525 729513100464    22.49      9      0    16.00  0.00  2.00
B19890313           523020160525     75014032    64.39     15      0     0.00  0.00 18.00
B19890313           523020160525     75017255    64.39      7      0     0.00  0.00 18.00
B19890313           523020160525 310119033227    71.54      9      0    16.00  0.00 18.00
B19890313           523020160525 020800753067    44.55    102      0     0.00  0.00 18.00
B19890313           5230201605257501080912083   127.24      2      0    16.00  0.00 18.00
B19890313           5230201605257501250810645   320.22      3      0     0.00  0.00 18.00
B19890313           523020160525 020800755726    92.49      1      0     0.00  0.00 18.00
B19890313           523020160525 020800755719    55.76     19      0     0.00  0.00 18.00
B19890313           523020160525 020800790222   148.09      2      0     0.00  0.00 18.00
B19890313           523020160525 020800790253   148.09      1      0     0.00  0.00 18.00
B19890313           5230201605257501001100001   313.68      1      0     0.00  0.00 18.00
B19890313           5230201605257501070903695   332.73      1      0     0.00  0.00 18.00
B19890313           5230201605257501250813646  1121.20      1      0     0.00  0.00 18.00
B19890313           523020160525 020800753050    74.35     10      0     0.00  0.00 18.00
B19890313           5230201605257501250813295  1029.95      1      0     0.00  0.00 18.00
B19890313           523020160525 310119033340   127.25      6      0    16.00  0.00 18.00
B19890313           5230201605257501057005312    77.33      1      0     0.00  0.00 18.00
B19890313           523020160525 736085280005   343.02      1      0    16.00  0.00 18.00
B19890313           5230201605257501001258030    62.23     31      0     0.00  0.00 18.00
B19890313           5230201605257501088617959   479.73      3      0    16.00  0.00 18.00
B19890313           5230201605257501124810900   118.62      7      0     0.00  0.00 18.00
B19890313           5230201605254035710006628   175.36      1      0    16.00  0.00 18.00
B19890313           5230201605257501124109431   128.54      1      0     0.00  0.00 18.00
B19890313           5230201605257501080911178   161.22      4      0    16.00  0.00 18.00
B19890313           5230201605257501124815103    84.73      7      0     0.00  0.00 18.00
B19890313           523020160525 736085401226   265.32      1      0     0.00  0.00 18.00
B19890313           523020160525 736085400830   374.98      1      0     0.00  0.00 18.00
B19890313           5230201605257501124180867   362.90      1      0     0.00  0.00 18.00
B19890313           5230201605257506295337454   137.53      9      0    16.00  0.00 18.00
B19890313           5230201605257501293201745   178.86      3      0     0.00  0.00 18.00
B19890313           5230201605257501001353377    62.23     39      0     0.00  0.00 18.00
B19890313           523020160525 020800756440    44.55      9      0     0.00  0.00 18.00
B19890313           523020160525 310119034347    46.60      3      0    16.00  0.00 18.00
B19890313           523020160525     75007027    64.39      4      0     0.00  0.00 18.00
B19890313           5230201605257501124814984    45.67      2      0     0.00  0.00 18.00
B19890313           5230201605257501080911185   161.22      3      0    16.00  0.00 18.00
B19890342           5230201605257501122962106   157.39      2      0     0.00  0.00 17.00
B19890314           5235201605257501123014101   209.16      2      0     0.00  0.00 17.00
B19890314           5235201605257501033920110    26.13     11      0     0.00  0.00 17.00
B19890314           5235201605257501123013340   206.28      4      0     0.00  0.00 17.00
B19890314           5235201605257501033920103    26.13      9      0     0.00  0.00 17.00
B19890314           5235201605257501033920127    26.13      9      0     0.00  0.00 17.00
B19890314           5235201605257501188801227   167.31      1      0     0.00  0.00 17.00
B19890314           5235201605257501289511421    26.68      4      0     0.00  0.00 17.00
B19890314           5235201605257501033954740    27.92      7      0     0.00  0.00 17.00
B19890314           5235201605257501033956690    27.92      1      0     0.00  0.00 17.00
B19890314           5235201605257501122900801   186.12      1      0     0.00  0.00 17.00
B19890314           5235201605257501123013302   293.18      2      0     0.00  0.00 17.00
B19890314           5235201605257501033956638    26.13      4      0     0.00  0.00 17.00
B19890314           5235201605257501033956775    27.92      8      0     0.00  0.00 17.00
B19890315           5235201605257501318645295   110.55      5      0     0.00  0.00  0.00
B19890315           5235201605257501299306130    94.43      6      0     0.00  0.00  0.00
B19890315           5235201605257501034670069   174.41      3      0     0.00  0.00  0.00
B19890315           5235201605257501008491966    22.85     40      0     0.00  0.00  0.00
B19890315           5235201605257501034645012   110.25      2      0     0.00  0.00  0.00
B19890315           5235201605257501299307236    36.58      3      0     0.00  0.00  0.00
B19890315           5235201605257501034650559   110.99      1      0     0.00  0.00  0.00
B19890315           5235201605257501008433553    36.05     15      0     0.00  0.00  0.00
B19890315           5235201605257501037908084    67.87      2      0     0.00  0.00  0.00
B19890315           5235201605257501299308189   398.33      1      0     0.00  0.00  0.00
B19890315           5235201605257501050624015    25.99      2      0    16.00  0.00  0.00
B19890315           5235201605257501050624008    14.53     16      0    16.00  0.00  0.00
B19890315           5235201605257501299301975    89.77      1      0     0.00  0.00  0.00
B19890315           5235201605257501299355039    47.22      3      0     0.00  0.00  0.00
B19890315           5235201605257501299300367   113.72      1      0     0.00  0.00  0.00
B19890315           5235201605257501318645080    81.23      6      0     0.00  0.00  0.00
B19890315           5235201605257501050615617    28.98      1      0    16.00  0.00  0.00
B19890315           5235201605257501318646223   102.70      3      0     0.00  0.00  0.00
B19890315           5235201605257501034635044    94.84      9      0    16.00  0.00  0.00
B19890315           5235201605257501008496152    49.92      1      0     0.00  0.00  0.00
B19890315           5235201605257501299306352    86.45      1      0     0.00  0.00  0.00
B19890315           5235201605257501008496701    21.36     10      0     0.00  0.00  0.00
B19890315           5235201605257501050614849    70.02      6      0     0.00  0.00  0.00
B19890315           5235201605257501299303290    46.55      1      0     0.00  0.00  0.00
B19890315           5235201605257501050624022    38.84      1      0    16.00  0.00  0.00
B19890315           5235201605257501034651037   204.90      1      0     0.00  0.00  0.00
B19890315           5235201605257501008465592    66.56      1      0     0.00  0.00  0.00
B19890315           5235201605257501050630023    57.59      1      0     0.00  0.00  0.00
B19890315           5235201605257501298217253    40.93      1      0    16.00  0.00  0.00
B19890315           5235201605257501008497340   135.29      9      0     0.00  0.00  0.00
B19890315           5235201605257501298217703   254.79      1      0     0.00  0.00  0.00
B19890315           5235201605257501299355060    49.20      7      0     0.00  0.00  0.00
B19890315           5235201605257501008497357   108.52      5      0     0.00  0.00  0.00
B19890315           5235201605257501299306123    62.51      1      0     0.00  0.00  0.00
B19890315           5235201605257501037935226    80.62      3      0     0.00  0.00  0.00
B19890316           5235201605257501287688330   427.63      1      0     0.00  0.00 18.00
B19890316           523520160525 300055501331    89.71      1      0     0.00  0.00 18.00
B19890316           5235201605257501108766797   142.75      1      0     0.00  0.00 18.00
B19890316           5235201605257501108761808   120.13      1      0     0.00  0.00 18.00
B19890316           5235201605257501108762157   131.78      1      0     0.00  0.00 18.00
B19890316           5235201605257501108767527    62.83      5      0     0.00  0.00 18.00
B19890316           5235201605257501108765578   120.12      1      0     0.00  0.00 18.00
B19890316           5235201605257501287688200   231.85      1      0     0.00  0.00 18.00
B19890316           5235201605257501108761860   128.75      2      0     0.00  0.00 18.00
B19890316           5235201605257501287678096    90.47      1      0     0.00  0.00 18.00
B19890316           5235201605257501108767947   111.01      2      0     0.00  0.00 18.00
B19890316           5235201605257502216931848   672.91      1      0     0.00  0.00 18.00
B19890316           5235201605257501287610478    55.72      2      0     0.00  0.00 18.00
B19890317           5235201605257502224227339    51.92     18      0     0.00  0.00  2.00
B19890318           5235201605254005808225941    31.44     15      0    16.00  0.00  2.00
B19890318           5235201605257501048333202    16.09     31      0    16.00  0.00  2.00
B19890318           523520160525  37000394945    29.64      2      0    16.00  0.00  2.00
B19890318           5235201605257702003469305    18.36      2      0    16.00  0.00  2.00
B19890318           5235201605254005808802005    18.13     11      0    16.00  0.00  2.00
B19890318           5235201605257501095409059    41.52      1      0     0.00  0.00  2.00
B19890318           5235201605257502214982439    22.68     12      0    16.00  0.00  2.00
B19890318           5235201605257501095452116    30.96      2      0     0.00  0.00  2.00
B19890318           5235201605257502214982507    18.78      3      0    16.00  0.00  2.00
B19890318           5235201605257502214982484    18.78      8      0    16.00  0.00  2.00
B19890318           5235201605257501095452147    51.62      3      0     0.00  0.00  2.00
B19890318           5235201605257502214982538    21.61      3      0    16.00  0.00  2.00
B19890318           5235201605257501086494262    20.26     17      0    16.00  0.00  2.00
B19890318           5235201605257501080953017    34.78      4      0    16.00  0.00  2.00
B19890318           5235201605254005808802814    18.13      4      0    16.00  0.00  2.00
B19890318           523520160525 729513130119    28.86      1      0    16.00  0.00  2.00
B19890318           5235201605257501054504535    41.69      4      0    16.00  0.00  2.00
B19890318           523520160525 729513130065    12.37      2      0    16.00  0.00  2.00
B19890318           5235201605257501054502777    27.00      2      0    16.00  0.00  2.00
B19890318           5235201605257702003469282     8.93     15      0    16.00  0.00  2.00
B19890318           5235201605257501095409004    41.52      3      0     0.00  0.00  2.00
B19890318           5235201605257501095451096    23.28     19      0     0.00  0.00  2.00
B19890318           5235201605257501022101360    79.21      4      0     0.00  0.00  2.00
B19890318           5235201605257501095452505    69.05      6      0     0.00  0.00  2.00
B19890318           5235201605257501086494286    20.26      7      0    16.00  0.00  2.00
B19890318           5235201605257800005082123    39.24      4      0    16.00  0.00  2.00
B19890318           5235201605257501054507901    27.00      2      0    16.00  0.00  2.00
B19890318           5235201605257501080920842    68.30      9      0    16.00  0.00  2.00
B19890318           523520160525 729513103991    17.66      8      0    16.00  0.00  2.00
B19890318           5235201605257501086472048    17.38      7      0    16.00  0.00  2.00
B19890318           5235201605257501022105191     8.11     20      0    16.00  0.00  2.00
B19890318           5235201605257501048333059     8.34     11      0    16.00  0.00  2.00
B19890318           5235201605257501091440094    15.06     10      0     0.00  0.00  2.00
B19890318           5235201605257501080950146    34.78      6      0    16.00  0.00  2.00
B19890318           5235201605257501080952126    34.78     11      0    16.00  0.00  2.00
B19890318           5235201605257502214982477    17.80     13      0    16.00  0.00  2.00
B19890318           5235201605257502214982514    18.78      2      0    16.00  0.00  2.00
B19890318           5235201605257502214982811    26.40     27      0    16.00  0.00  2.00
B19890318           5235201605257501041941848    72.58      6      0     0.00  0.00  2.00
B19890318           523520160525 729513130041     9.80     25      0    16.00  0.00  2.00
B19890318           5235201605257800005082024    39.24      5      0    16.00  0.00  2.00
B19890318           5235201605257501080912052    47.96      3      0    16.00  0.00  2.00
B19890318           5235201605257501080950139    32.20     20      0    16.00  0.00  2.00
B19890318           5235201605254005808837472    23.60     18      0    16.00  0.00  2.00
B19890318           5235201605257501054504870    27.00      7      0    16.00  0.00  2.00
B19890318           5235201605257501001164003    29.01     37      0    16.00  0.00  2.00
B19890318           5235201605257501022105207    10.86      6      0    16.00  0.00  2.00
B19890318           5235201605257501022105276    12.78      6      0    16.00  0.00  2.00
B19890318           5235201605254005808829675    39.43     17      0    16.00  0.00  2.00
B19890319           523520160525 020800755719    55.76      5      0     0.00  0.00 18.00
B19890319           5235201605257501124815103    84.73      4      0     0.00  0.00 18.00
B19890319           5235201605257501001353377    62.23      9      0     0.00  0.00 18.00
B19890319           523520160525 310119033340   127.25      2      0    16.00  0.00 18.00
B19890319           5235201605257501070900120   115.77      2      0     0.00  0.00 18.00
B19890319           5235201605257501124103217   149.59      1      0     0.00  0.00 18.00
B19890319           5235201605257501080912083   127.24      3      0    16.00  0.00 18.00
B19890319           523520160525 020800753067    44.55     10      0     0.00  0.00 18.00
B19890319           523520160525 020800756440    44.55      3      0     0.00  0.00 18.00
B19890319           523520160525 020800790253   148.09      2      0     0.00  0.00 18.00
B19890319           523520160525     75017255    64.39     12      0     0.00  0.00 18.00
B19890319           5235201605257506295337454   137.53     12      0    16.00  0.00 18.00
B19890319           5235201605257501250838588   543.48      3      0     0.00  0.00 18.00
B19890319           523520160525 310119033227    71.54      8      0    16.00  0.00 18.00
B19890319           5235201605257501057005312    77.33      1      0     0.00  0.00 18.00
B19890319           5235201605254035710006628   175.36      1      0    16.00  0.00 18.00
B19890319           5235201605257501080911178   161.22      2      0    16.00  0.00 18.00
B19890319           5235201605257501250810645   320.22      1      0     0.00  0.00 18.00
B19890320           5237201605257501123013340   206.28      1      0     0.00  0.00 17.00
B19890320           5237201605257501033920110    26.13      1      0     0.00  0.00 17.00
B19890320           5237201605257501289511438    57.63      2      0     0.00  0.00 17.00
B19890320           5237201605257501033956638    26.13      1      0     0.00  0.00 17.00
B19890320           5237201605257501033956775    27.92      4      0     0.00  0.00 17.00
B19890320           5237201605257501122961017   111.31      1      0     0.00  0.00 17.00
B19890320           5237201605257501033920127    26.13      6      0     0.00  0.00 17.00
B19890320           5237201605257501033920103    26.13      9      0     0.00  0.00 17.00
B19890320           5237201605257501033954740    27.92      7      0     0.00  0.00 17.00
B19890320           5237201605257501033956690    27.92     15      0     0.00  0.00 17.00
B19890320           5237201605257501122900801   186.12      4      0     0.00  0.00 17.00
B19890321           5237201605257501318645080    81.23      4      0     0.00  0.00  0.00
B19890321           5237201605257501318646223   102.70      3      0     0.00  0.00  0.00
B19890321           5237201605257501299307236    36.58      2      0     0.00  0.00  0.00
B19890321           5237201605257501008496152    49.92      1      0     0.00  0.00  0.00
B19890321           5237201605257501299303047    40.57      6      0     0.00  0.00  0.00
B19890321           5237201605257501034645067    73.28      2      0     0.00  0.00  0.00
B19890321           5237201605257501037908084    67.87      1      0     0.00  0.00  0.00
B19890321           5237201605257501050624022    38.84      3      0    16.00  0.00  0.00
B19890321           5237201605257501299355039    47.22      1      0     0.00  0.00  0.00
B19890321           5237201605257501008497340   135.29      7      0     0.00  0.00  0.00
B19890321           5237201605257501008496701    21.36      4      0     0.00  0.00  0.00
B19890321           5237201605257501318645295   110.55      2      0     0.00  0.00  0.00
B19890321           5237201605257501008433553    36.05     18      0     0.00  0.00  0.00
B19890321           523720160525     75026226    66.64      2      0     0.00  0.00  0.00
B19890321           5237201605257501008426944    74.52      1      0     0.00  0.00  0.00
B19890321           5237201605257501034670069   174.41      3      0     0.00  0.00  0.00
B19890321           5237201605257501008491966    22.85      9      0     0.00  0.00  0.00
B19890321           5237201605257501050624008    14.53      5      0    16.00  0.00  0.00
B19890321           5237201605257501008497357   108.52      1      0     0.00  0.00  0.00
B19890321           5237201605257501299355060    49.20      2      0     0.00  0.00  0.00
B19890322           5237201605257501108766797   142.75      2      0     0.00  0.00 18.00
B19890322           5237201605257501108767527    62.83      8      0     0.00  0.00 18.00
B19890322           5237201605257501108762157   131.78      1      0     0.00  0.00 18.00
B19890323           5237201605254005808803002    18.13      2      0    16.00  0.00  2.00
B19890323           5237201605257501086494262    20.26      8      0    16.00  0.00  2.00
B19890323           5237201605257800005082123    39.24      1      0    16.00  0.00  2.00
B19890323           523720160525 729513103991    17.66     22      0    16.00  0.00  2.00
B19890323           523720160525 729513130041     9.80      9      0    16.00  0.00  2.00
B19890323           523720160525 729513130119    28.86      4      0    16.00  0.00  2.00
B19890323           5237201605257501054504870    27.00     10      0    16.00  0.00  2.00
B19890323           5237201605257501022105207    10.86      2      0    16.00  0.00  2.00
B19890323           5237201605257501086494286    20.26      8      0    16.00  0.00  2.00
B19890323           5237201605257501080950139    32.20     25      0    16.00  0.00  2.00
B19890323           523720160525 729513130027     6.97     56      0    16.00  0.00  2.00
B19890323           523720160525 729513130065    12.37     18      0    16.00  0.00  2.00
B19890323           523720160525 037836040320    18.00     18      0    16.00  0.00  2.00
B19890323           5237201605257501054504535    41.69      1      0    16.00  0.00  2.00
B19890323           5237201605257501086472048    17.38      3      0    16.00  0.00  2.00
B19890323           5237201605257501022105191     8.11      2      0    16.00  0.00  2.00
B19890323           5237201605250020800600347    28.21      5      0    16.00  0.00  2.00
B19890323           5237201605257501048332977     5.58     21      0    16.00  0.00  2.00
B19890323           523720160525     77012661    10.89      3      0    16.00  0.00  2.00
B19890323           5237201605257501048333202    16.09      2      0    16.00  0.00  2.00
B19890323           5237201605257501095451096    23.28      5      0     0.00  0.00  2.00
B19890323           5237201605257501054530718    20.20     10      0    16.00  0.00  2.00
B19890323           523720160525  37000394945    29.64      4      0    16.00  0.00  2.00
B19890323           5237201605257702003469565    23.79      1      0    16.00  0.00  2.00
B19890323           5237201605257501095452147    51.62      6      0     0.00  0.00  2.00
B19890323           5237201605257501080952126    34.78      2      0    16.00  0.00  2.00
B19890323           5237201605257501095476495    26.65      1      0     0.00  0.00  2.00
B19890323           5237201605257502214982484    18.78      3      0    16.00  0.00  2.00
B19890323           5237201605257502214982477    17.80      8      0    16.00  0.00  2.00
B19890323           5237201605257502214982811    26.40     10      0    16.00  0.00  2.00
B19890323           5237201605257502224227339    51.92      7      0     0.00  0.00  2.00
B19890323           5237201605254005808829675    39.43      6      0    16.00  0.00  2.00
B19890323           5237201605257501048333059     8.34     10      0    16.00  0.00  2.00
B19890323           5237201605257501091440094    15.06      2      0     0.00  0.00  2.00
B19890323           5237201605257501080950146    34.78      6      0    16.00  0.00  2.00
B19890323           5237201605254005808802005    18.13      4      0    16.00  0.00  2.00
B19890323           5237201605257502214982439    22.68     15      0    16.00  0.00  2.00
B19890323           5237201605257502214982507    18.78      6      0    16.00  0.00  2.00
B19890323           5237201605257502214982538    21.61     20      0    16.00  0.00  2.00
B19890323           5237201605257501041941848    72.58      4      0     0.00  0.00  2.00
B19890323           5237201605257702003469282     8.93     41      0    16.00  0.00  2.00
B19890323           5237201605257702003469305    18.36      2      0    16.00  0.00  2.00
B19890323           5237201605257501095409059    41.52      3      0     0.00  0.00  2.00
B19890323           5237201605257501095452116    30.96      6      0     0.00  0.00  2.00
B19890323           5237201605257800005082024    39.24      3      0    16.00  0.00  2.00
B19890323           5237201605257501023103578    26.69      7      0    16.00  0.00  2.00
B19890323           5237201605257501095452505    69.05      2      0     0.00  0.00  2.00
B19890323           5237201605257501080920842    68.30     15      0    16.00  0.00  2.00
B19890324           5237201605257501070900120   115.77      1      0     0.00  0.00 18.00
B19890324           523720160525 020800753067    44.55      4      0     0.00  0.00 18.00
B19890324           5237201605257501001353377    62.23      2      0     0.00  0.00 18.00
B19890324           523720160525     75017255    64.39     11      0     0.00  0.00 18.00
B19890324           5237201605257501001258030    62.23      3      0     0.00  0.00 18.00
B19890324           5237201605257501124815103    84.73      5      0     0.00  0.00 18.00
B19890324           523720160525 020800756440    44.55      1      0     0.00  0.00 18.00
B19890324           5237201605257506295337454   137.53     15      0    16.00  0.00 18.00
B19890325           524120160525 020800790222   148.09      2      0     0.00  0.00 18.00
B19890325           5241201605257501001353377    62.23      1      0     0.00  0.00 18.00
B19890325           524120160525 020800753067    44.55      4      0     0.00  0.00 18.00
B19890325           5241201605257506295337454   137.53      1      0    16.00  0.00 18.00
B19890325           524120160525 310119033340   127.25      2      0    16.00  0.00 18.00
B19890325           5241201605257501057005312    77.33      1      0     0.00  0.00 18.00
B19890325           5241201605257501001258030    62.23      6      0     0.00  0.00 18.00
B19890325           5241201605257501124810900   118.62      2      0     0.00  0.00 18.00
B19890325           524120160525 020800755719    55.76      1      0     0.00  0.00 18.00
B19890298           5243201605257501122961901   268.42      1      0     0.00  0.00 17.00
B19890298           5243201605257501289514460   266.19      1      0     0.00  0.00 17.00
B19890298           5243201605257501123010608   262.40      1      0     0.00  0.00 17.00
B19890298           5243201605257501033956638    26.13      5      0     0.00  0.00 17.00
B19890298           5243201605257501033956775    27.92      3      0     0.00  0.00 17.00
B19890298           5243201605257501123013302   293.18      1      0     0.00  0.00 17.00
B19890298           5243201605257501123013340   206.28      6      0     0.00  0.00 17.00
B19890298           5243201605257501123014101   209.16      2      0     0.00  0.00 17.00
B19890298           5243201605257501033920103    26.13      1      0     0.00  0.00 17.00
B19890298           5243201605257501033920127    26.13      4      0     0.00  0.00 17.00
B19890298           5243201605257501123018024   274.57      1      0     0.00  0.00 17.00
B19890299           5243201605257501299307236    36.58      1      0     0.00  0.00  0.00
B19890299           5243201605257501008426944    74.52      1      0     0.00  0.00  0.00
B19890299           5243201605257501299303047    40.57      4      0     0.00  0.00  0.00
B19890299           5243201605257501008491966    22.85      9      0     0.00  0.00  0.00
B19890299           5243201605257501008496701    21.36      1      0     0.00  0.00  0.00
B19890299           5243201605257501008433553    36.05      4      0     0.00  0.00  0.00
B19890299           5243201605257501037908084    67.87      1      0     0.00  0.00  0.00
B19890299           5243201605257501050624008    14.53      1      0    16.00  0.00  0.00
B19890299           5243201605257501008497340   135.29      2      0     0.00  0.00  0.00
B19890299           5243201605257501037935226    80.62      1      0     0.00  0.00  0.00
B19890299           5243201605257501299355060    49.20      2      0     0.00  0.00  0.00
B19890300           524320160525     75009328    33.33      1      0     0.00  0.00 18.00
B19890300           5243201605257501108766797   142.75      1      0     0.00  0.00 18.00
B19890300           5243201605257501287688200   231.85      2      0     0.00  0.00 18.00
B19890300           5243201605257501287688330   427.63      1      0     0.00  0.00 18.00
B19890301           5243201605254005808225941    31.44      1      0    16.00  0.00  2.00
B19890301           5243201605257501048332977     5.58      2      0    16.00  0.00  2.00
B19890301           5243201605257501048333059     8.34      8      0    16.00  0.00  2.00
B19890301           5243201605257501095451096    23.28      6      0     0.00  0.00  2.00
B19890301           5243201605257501048333202    16.09      2      0    16.00  0.00  2.00
B19890301           5243201605257501022101933   392.61      2      0     0.00  0.00  2.00
B19890301           5243201605257501095452116    30.96      2      0     0.00  0.00  2.00
B19890301           5243201605257501095452147    51.62      2      0     0.00  0.00  2.00
B19890301           5243201605257501095452505    69.05      7      0     0.00  0.00  2.00
B19890301           524320160525 073796380120   686.07      1      0    16.00  0.00  2.00
B19890301           5243201605257501095476495    26.65      1      0     0.00  0.00  2.00
B19890301           5243201605257501091440094    15.06      4      0     0.00  0.00  2.00
B19890301           5243201605257501080950146    34.78      6      0    16.00  0.00  2.00
B19890301           5243201605257800005082024    39.24      2      0    16.00  0.00  2.00
B19890301           5243201605254005808802005    18.13      4      0    16.00  0.00  2.00
B19890301           5243201605257702003469282     8.93      9      0    16.00  0.00  2.00
B19890301           5243201605257501080912052    47.96      1      0    16.00  0.00  2.00
B19890301           5243201605257501080920842    68.30      2      0    16.00  0.00  2.00
B19890301           5243201605257501080952126    34.78     14      0    16.00  0.00  2.00
B19890301           5243201605257501095409059    41.52      1      0     0.00  0.00  2.00
B19890301           5243201605257501080950139    32.20     11      0    16.00  0.00  2.00
B19890301           5243201605257502214982477    17.80      2      0    16.00  0.00  2.00
B19890301           5243201605257501054502777    27.00      3      0    16.00  0.00  2.00
B19890301           5243201605257502214982538    21.61      2      0    16.00  0.00  2.00
B19890301           5243201605257502214982811    26.40      3      0    16.00  0.00  2.00
B19890301           5243201605257501054504870    27.00      3      0    16.00  0.00  2.00
B19890301           5243201605257501041941848    72.58      2      0     0.00  0.00  2.00
B19890301           5243201605257501001164003    29.01      4      0    16.00  0.00  2.00
B19890301           5243201605257702018913640    34.70      8      0    16.00  0.00  2.00
B19890301           5243201605257502224227339    51.92      1      0     0.00  0.00  2.00
B19890301           5243201605257501086472048    17.38      2      0    16.00  0.00  2.00
B19890301           5243201605250020800600347    28.21      1      0    16.00  0.00  2.00
B19890301           5243201605254005808837472    23.60      8      0    16.00  0.00  2.00
B19890302           524320160525 310119033340   127.25      2      0    16.00  0.00 18.00
B19890302           5243201605257501057005848    90.97      1      0     0.00  0.00 18.00
B19890302           5243201605257501080912083   127.24      4      0    16.00  0.00 18.00
B19890302           524320160525 020800753067    44.55      4      0     0.00  0.00 18.00
B19890302           524320160525 020800755719    55.76      1      0     0.00  0.00 18.00
B19890302           5243201605257501293200656   290.58      3      0     0.00  0.00 18.00
B19890302           524320160525 020800756440    44.55      1      0     0.00  0.00 18.00
B19890302           524320160525 310119034347    46.60      1      0    16.00  0.00 18.00
B19890302           524320160525 310119033227    71.54      2      0    16.00  0.00 18.00
B19890302           524320160525 736085401226   265.32      1      0     0.00  0.00 18.00
B19890302           5243201605257506295337454   137.53      4      0    16.00  0.00 18.00
M2337630            5447201605257501108765578   120.12      1      0     0.00  0.00 18.00
M2337630            5447201605257501123013302   293.18     14      0     0.00  0.00 17.00
M2337630            5447201605257501108767947   111.01      1      0     0.00  0.00 18.00
M2337630            5447201605257501123013340   206.28      2      0     0.00  0.00 17.00
M2337630            5447201605257501122900801   186.12      2      0     0.00  0.00 17.00
M2337631            5447201605257501299300367   113.72      2      0     0.00  0.00  0.00
M2337631            5447201605257702003469282     8.93      1      0    16.00  0.00  2.00
M2337631            5447201605257501299355060    49.20      1      0     0.00  0.00  0.00
M2337631            5447201605257501037908022   169.43      1      0     0.00  0.00  0.00
M2337631            5447201605257501008491966    22.85      5      0     0.00  0.00  0.00
M2337631            5447201605257501008433515    65.87      2      0     0.00  0.00  0.00
M2337631            544720160525 729513130027     6.97     21      0    16.00  0.00  2.00
M2337631            5447201605257501001164003    29.01      1      0    16.00  0.00  2.00
M2337631            5447201605257501299307526   258.68      1      0     0.00  0.00  0.00
M2337631            544720160525 729513103984     9.56      1      0    16.00  0.00  2.00
M2337631            5447201605257501050624015    25.99      1      0    16.00  0.00  0.00
M2337631            5447201605254005808802005    18.13      3      0    16.00  0.00  2.00
M2337631            5447201605257501037907117   101.70      5      0     0.00  0.00  0.00
M2337631            5447201605257501008497340   135.29     18      0     0.00  0.00  0.00
M2337631            5447201605257501298217703   254.79      1      0     0.00  0.00  0.00
M2337632            5447201605257501250810621   974.57      1      0     0.00  0.00 18.00
M2337632            5447201605257501070903510   109.77      1      0     0.00  0.00 18.00
M2337632            5447201605257501124815103    84.73      6      0     0.00  0.00 18.00
