B19258683           2766201602117501048335305    10.41      3      0    16.00  0.00  0.00
B19258683           2766201602117501048621002    29.73     20      0    16.00  0.00  0.00
B19263486           521420160211 354312625018    40.74      2      0     0.00  0.00 11.00
B19263487           5214201602117501095452505    65.61      1      0     0.00  0.00  0.00
B19263487           5214201602117501125116810    15.37      2      0     0.00  9.09  0.00
B19263487           5214201602117501299307236    36.58      3      0     0.00  0.00  0.00
B19263487           5214201602117501033953002   183.19      2      0     0.00  0.00  0.00
B19263487           5214201602117501050606288    74.25      1      0     0.00  0.00  0.00
B19263487           521420160211 650240010538    21.52     11      0     0.00  0.00  0.00
B19263487           5214201602117501050625395    19.72      3      0     0.00  0.00  0.00
B19263487           5214201602117501159514026   145.17      1      0     0.00  0.00  0.00
B19263487           5214201602117501008485057    39.79      3      0     0.00  0.00  0.00
B19263487           5214201602117501088509773    82.00      7      0     0.00  0.00  0.00
B19263487           5214201602117501088509810    60.00      3      0     0.00  0.00  0.00
B19263487           521420160211 650240011177    76.91      1      0     0.00  0.00  0.00
B19263487           5214201602117501008485033    39.79      3      0     0.00  0.00  0.00
B19263487           521420160211 650240013805    46.49      1      0     0.00  0.00  0.00
B19263487           5214201602117501008497340   135.29      1      0     0.00  0.00  0.00
B19263487           5214201602117501318612655    55.76      3      0     0.00  0.00  0.00
B19263487           5214201602117502224227339    51.92      8      0     0.00  0.00  0.00
B19263488           521420160211 714706901607    20.22      3      0     0.00  0.00 18.00
B19263488           5214201602117501124103217   143.15      2      0     0.00  0.00 18.00
B19263488           5214201602117501124812874    80.21      2      0     0.00  0.00 18.00
B19263488           5214201602117501400800403    57.76      2      0     0.00  0.00 18.00
B19263488           5214201602117501125104343    26.82      2      0     0.00 25.00 18.00
B19265172           5215201602117501125100116    16.24      3      0     0.00  0.00 18.00
B19265172           5215201602117501250813530   785.49      2      0     0.00  0.00 18.00
B19265172           521520160211 008400000026   238.82      2      0     0.00  0.00 18.00
B19265172           521520160211 736085051063   243.79      1      0     0.00  0.00 18.00
B19265172           5215201602117501125130878    16.51      1      0     0.00  0.00 18.00
B19265173           5215201602117501123011605    48.69      2      0     0.00  0.00  8.00
B19265173           5215201602117501122963028   167.10      1      0     0.00  0.00  8.00
B19265173           5215201602117501122966203   177.86      2      0     0.00  0.00  8.00
B19265174           5215201602117501008409503    88.26      4      0     0.00  0.00  0.00
B19265174           5215201602117501125116810    15.37      1      0     0.00  9.09  0.00
B19265174           5215201602117501298205205   156.83      2      0     0.00  0.00  0.00
B19265174           5215201602117501008465677    52.59      3      0     0.00  0.00  0.00
B19265174           5215201602117501008485057    39.79      5      0     0.00  0.00  0.00
B19265174           5215201602117501324402516   356.00      2      0     0.00  0.00  0.00
B19265174           5215201602117501299301579   242.06      1      0     0.00  0.00  0.00
B19265174           5215201602117501314702114    64.53      8      0     0.00  0.00  0.00
B19265174           5215201602117501089803030   114.05      2      0     0.00  0.00  0.00
B19265174           5215201602117501314702657   150.59      2      0     0.00  0.00  0.00
B19265174           5215201602117501314702701   354.94      2      0     0.00  0.00  0.00
B19265174           5215201602117501082201307   302.23      1      0     0.00  0.00  0.00
B19265174           5215201602117501174600124    46.12      1      0     0.00  0.00  0.00
B19265174           5215201602117501328979885    47.69      2      0     0.00  0.00  0.00
B19265174           5215201602117501088509766    54.20      1      0     0.00  0.00  0.00
B19265174           5215201602117501070600730    61.44      2      0     0.00  0.00  0.00
B19265174           5215201602117501314701704   268.90      2      0     0.00  0.00  0.00
B19265174           521520160211 650240011351    60.40      3      0     0.00  0.00  0.00
B19265174           5215201602117501050614597    64.80      1      0     0.00  0.00  0.00
B19265174           5215201602117896009490651    72.08      3      0    16.00  0.00  0.00
B19265174           521520160211 650240013805    46.49      4      0     0.00  0.00  0.00
B19265174           5215201602117501298215099    48.88      1      0     0.00  0.00  0.00
B19265175           521520160211 300055501638   152.96      2      0     0.00  0.00 18.00
B19265296           5223201602117501033920110    26.13      5      0     0.00  0.00 17.00
B19265297           5223201602117501050613453    37.50      4      0     0.00  0.00  0.00
B19265297           522320160211 650240010538    21.52      1      0     0.00  0.00  0.00
B19265297           5223201602117501050625395    19.72      4      0     0.00  0.00  0.00
B19265297           522320160211 650240013805    46.49      1      0     0.00  0.00  0.00
B19265297           5223201602117501050623766    49.72      1      0     0.00  0.00  0.00
B19265297           5223201602117501298217659   243.10      2      0     0.00  0.00  0.00
B19265297           5223201602117502224227339    51.92      5      0     0.00  0.00  0.00
B19265297           5223201602117501050613460    39.02      1      0     0.00  0.00  0.00
B19265297           5223201602117501095409004    38.70      1      0     0.00  0.00  0.00
B19265297           5223201602117501299307236    36.58      2      0     0.00  0.00  0.00
B19265297           5223201602117501314707638    23.66      2      0     0.00  0.00  0.00
B19265297           5223201602117501050617055    32.91      2      0     0.00  0.00  0.00
B19265297           5223201602117501008409503    88.26      1      0     0.00  0.00  0.00
B19265297           5223201602117501008409541    37.98      3      0     0.00  0.00  0.00
B19265297           5223201602117501046464519   134.89      2      0     0.00  0.00  0.00
B19265297           5223201602117501095452505    65.61      1      0     0.00  0.00  0.00
B19265297           5223201602117501125116810    15.37      3      0     0.00  9.09  0.00
B19265297           5223201602117501008485057    39.79      1      0     0.00  0.00  0.00
B19265297           5223201602117501299303047    40.57      1      0     0.00  0.00  0.00
B19265297           5223201602117501008496701    21.36      2      0     0.00  0.00  0.00
B19265297           5223201602117501328979502    80.70      1      0     0.00  0.00  0.00
B19265297           5223201602117501088507908   153.50      1      0     0.00  0.00  0.00
B19265298           5223201602117501001147563    16.97      3      0     0.00  0.00 18.00
B19265298           522320160211 736085132069    47.47      2      0     0.00  0.00 18.00
B19265298           522320160211 736085278507    45.48      2      0     0.00  0.00 18.00
B19265298           522320160211 736085405422    69.71      1      0     0.00  0.00 18.00
B19265298           5223201602117501125118562    26.82      1      0     0.00  0.00 18.00
B19265298           522320160211 020800753067    44.55      1      0     0.00  0.00 18.00
B19265298           5223201602117501125104268    26.82      1      0     0.00 25.00 18.00
B19265299           5224201602117501590211232    83.90      3      0     0.00  0.00  5.00
B19265299           5224201602117501249605634    82.16      4      0     0.00 23.07  5.00
B19265300           5224201602117501124810986    53.73      1      0     0.00  0.00 18.00
B19265300           522420160211 714706901607    20.22      1      0     0.00  0.00 18.00
B19265300           5224201602117501001147563    16.97      1      0     0.00  0.00 18.00
B19265300           5224201602117501070900441   167.63      2      0     0.00  0.00 18.00
B19265300           5224201602117501125118333   343.63      1      0     0.00 14.28 18.00
B19265301           5224201602117501318609020    63.94      1      0     0.00  0.00  0.00
B19265301           5224201602117501314707805    96.69      2      0     0.00  0.00  0.00
B19265301           5224201602117501070634810   213.50      1      0     0.00  0.00  0.00
B19265301           5224201602117501125116810    15.37      2      0     0.00  9.09  0.00
B19265301           5224201602117501165000315    78.81      1      0     0.00  0.00  0.00
B19265301           5224201602117501033923241   410.54      2      0     0.00  0.00  0.00
B19265301           5224201602117501089810021    87.48      2      0     0.00  0.00  0.00
B19265301           5224201602117501009000808   136.68      1      0     0.00  0.00  0.00
B19265301           522420160211 650240010538    21.52     15      0     0.00  0.00  0.00
B19265301           5224201602117896009490651    72.08      2      0    16.00  0.00  0.00
B19265301           522420160211 650240010712    49.26      1      0     0.00  0.00  0.00
B19265301           522420160211 650240006647    56.09      2      0     0.00  0.00  0.00
B19265301           5224201602117501300407108    43.75      1      0     0.00  0.00  0.00
B19265302           5224201602117501287630124    99.96      1      0     0.00  0.00 18.00
B19265303           5227201602117501318644335    49.13      2      0     0.00  0.00  0.00
B19265303           5227201602117501299307236    36.58      3      0     0.00  0.00  0.00
B19265303           5227201602117501300409713   201.25      1      0     0.00  0.00  0.00
B19265303           5227201602117501050611121    39.86      1      0     0.00  0.00  0.00
B19265303           5227201602117501095409004    38.70      5      0     0.00  0.00  0.00
B19265303           5227201602117501008427330    72.80      1      0     0.00  0.00  0.00
B19265303           5227201602117501008427347    42.35      2      0     0.00  0.00  0.00
B19265303           5227201602117501165000193   113.45      2      0     0.00  0.00  0.00
B19265303           5227201602117501008485057    39.79      7      0     0.00  0.00  0.00
B19265303           5227201602117501095452116    28.62      1      0     0.00  0.00  0.00
B19265303           5227201602117501299303047    40.57      1      0     0.00  0.00  0.00
B19265303           5227201602117501299303085    44.56      2      0     0.00  0.00  0.00
B19265303           5227201602114104480412103   158.13      3      0     0.00  0.00  0.00
B19265303           5227201602117501088509773    82.00      3      0     0.00  0.00  0.00
B19265303           522720160211 650240003950    59.63      2      0     0.00  0.00  0.00
B19265303           5227201602117501034650559   107.82      3      0     0.00  0.00  0.00
B19265303           5227201602117501050610018   136.97      3      0     0.00  0.00  0.00
B19265303           5227201602117501008465646    73.77      2      0     0.00  0.00  0.00
B19265303           5227201602117501050617697    39.56      2      0     0.00  0.00  0.00
B19265303           5227201602117501050624572    47.83      2      0     0.00  0.00  0.00
B19265303           522720160211 650240010538    21.52     15      0     0.00  0.00  0.00
B19265303           522720160211 310158096740    68.22      1      0     0.00  0.00  0.00
B19265303           522720160211 650240013805    46.49      3      0     0.00  0.00  0.00
B19265304           5227201602117501125104343    26.82      3      0     0.00 25.00 18.00
B19265304           5227201602117501001147594    16.97      3      0     0.00  0.00 18.00
B19265304           5227201602117501124810993    86.76      2      0     0.00  0.00 18.00
B19265304           5227201602117501001168889    80.99      2      0     0.00  0.00 18.00
B19265304           5227201602117501124816933    57.62      2      0     0.00  0.00 18.00
B19265304           522720160211 714706100604    20.22      2      0     0.00  0.00 18.00
B19265304           5227201602117501070903695   318.40      1      0     0.00  0.00 18.00
B19265304           5227201602117501001116187    88.07      1      0     0.00  0.00 18.00
B19265304           522720160211 020800753067    44.55      1      0     0.00  0.00 18.00
B19265304           522720160211 714706901607    20.22      1      0     0.00  0.00 18.00
B19265304           5227201602117501001147563    16.97      1      0     0.00  0.00 18.00
B19265274           5228201602117501188801227   167.31      2      0     0.00  9.00  8.00
B19265275           5228201602117501108767527    61.00     10      0     0.00  0.00 18.00
B19265276           5228201602117503013040900   375.11      2      0     0.00  0.00  5.00
B19265276           5228201602117501590211232    83.90      2      0     0.00  0.00  5.00
B19265277           5228201602117501124815226    62.06      8      0     0.00  0.00 18.00
B19265277           5228201602117501094911485    90.13      7      0     0.00  0.00 18.00
B19265277           522820160211 020800753067    44.55      6      0     0.00  0.00 18.00
B19265277           522820160211 736085405422    69.71      5      0     0.00  0.00 18.00
B19265277           5228201602117501001147587    16.97      4      0     0.00  0.00 18.00
B19265277           5228201602117501001168889    80.99      3      0     0.00  0.00 18.00
B19265277           5228201602117501001353377    62.23      3      0     0.00  0.00 18.00
B19265277           5228201602117590002012468    58.09      3      0     0.00  0.00 18.00
B19265277           522820160211 736085278507    45.48      3      0     0.00  0.00 18.00
B19265277           5228201602117501125103582    26.82      3      0     0.00  0.00 18.00
B19265277           5228201602117501001147563    16.97      3      0     0.00  0.00 18.00
B19265277           522820160211 008400003249   273.50      1      0     0.00  0.00 18.00
B19265277           5228201602117501094910570    97.84      1      0     0.00  0.00 18.00
B19265278           5228201602117501318634732    75.09      1      0     0.00  0.00  0.00
B19265278           5228201602117501299300367   113.72      6      0     0.00  0.00  0.00
B19265278           5228201602117501299307236    36.58      1      0     0.00  0.00  0.00
B19265278           5228201602117501050617055    32.91      2      0     0.00  0.00  0.00
B19265278           5228201602117502224227339    51.92      8      0     0.00  0.00  0.00
B19265278           5228201602117501050613460    39.02      1      0     0.00  0.00  0.00
B19265278           5228201602117501095409004    38.70      3      0     0.00  0.00  0.00
B19265278           5228201602117501008427347    42.35      6      0     0.00  0.00  0.00
B19265278           5228201602117501095452505    65.61      6      0     0.00  0.00  0.00
B19265278           5228201602117501125116810    15.37     25      0     0.00  9.09  0.00
B19265278           5228201602117501037908640    87.03      1      0     0.00  0.00  0.00
B19265278           5228201602117501008485057    39.79     13      0     0.00  0.00  0.00
B19265278           5228201602117501034650580    76.73      2      0     0.00  0.00  0.00
B19265278           5228201602117501008433553    36.05      6      0     0.00  0.00  0.00
B19265278           5228201602117501385491085   164.50      1      0     0.00  0.00  0.00
B19265278           5228201602117501092793052    66.07      3      0     0.00  0.00  0.00
B19265278           5228201602117501092708049   115.79      2      0     0.00  0.00  0.00
B19265278           5228201602117501034630070    88.82      3      0     0.00  0.00  0.00
B19265278           522820160211 650240003950    59.63      3      0     0.00  0.00  0.00
B19265278           5228201602117501165002920    38.53      2      0     0.00  0.00  0.00
B19265278           5228201602117501088509773    82.00      5      0     0.00  0.00  0.00
B19265278           5228201602117501088515200   198.00      2      0     0.00  0.00  0.00
B19265278           5228201602117501285600334   126.53      2      0     0.00  0.00  0.00
B19265278           5228201602117501082212136   937.92      1      0     0.00  0.00  0.00
B19265278           5228201602117501008465592    66.56      2      0     0.00  0.00  0.00
B19265278           522820160211 650240010538    21.52     33      0     0.00  0.00  0.00
B19265278           5228201602117501037908084    65.89      2      0     0.00  9.09  0.00
B19265278           5228201602117896009490651    72.08      1      0    16.00  0.00  0.00
B19265278           5228201602117501050613453    37.50      6      0     0.00  0.00  0.00
B19265278           5228201602117501089809490    79.70      4      0     0.00  0.00  0.00
B19265278           522820160211 650240010712    49.26      6      0     0.00  0.00  0.00
B19265278           522820160211 650240011429    90.66      2      0     0.00  0.00  0.00
B19265278           5228201602117501008485033    39.79      5      0     0.00  0.00  0.00
B19265278           522820160211 650240007019    73.75      3      0    16.00  0.00  0.00
B19265278           522820160211 650240013805    46.49      5      0     0.00  0.00  0.00
B19265278           5228201602117501050623766    49.72      2      0     0.00  0.00  0.00
B19265278           5228201602117501298217659   243.10      1      0     0.00  0.00  0.00
B19265278           5228201602117501314703586   458.91      2      0     0.00  0.00  0.00
B19265278           5228201602117501318612655    55.76      7      0     0.00  0.00  0.00
B19265279           5230201602117501188801227   167.31      2      0     0.00  9.00  8.00
B19265280           5230201602117501088504808   467.71      2      0     0.00 13.04 18.00
B19265280           5230201602117501124813055   165.12      2      0     0.00  0.00 18.00
B19265280           5230201602117501400800564    86.16      2      0     0.00  0.00 18.00
B19265280           523020160211 020800755726    92.49      2      0     0.00  0.00 18.00
B19265280           5230201602117501001168889    80.99      2      0     0.00  0.00 18.00
B19265280           5230201602117501124816933    57.62      2      0     0.00  0.00 18.00
B19265280           523020160211 714706100604    20.22      2      0     0.00  0.00 18.00
B19265280           5230201602117501001147563    16.97      2      0     0.00  0.00 18.00
B19265280           523020160211 008400002198    54.17      1      0     0.00  0.00 18.00
B19265280           5230201602117501125103582    26.82      1      0     0.00  0.00 18.00
B19265280           5230201602117590002012468    58.09     24      0     0.00  0.00 18.00
B19265280           5230201602117501094910570    97.84     12      0     0.00  0.00 18.00
B19265280           523020160211 020800753067    44.55     11      0     0.00  0.00 18.00
B19265280           523020160211 736085132069    47.47      6      0     0.00  0.00 18.00
B19265280           5230201602117501001353377    62.23      3      0     0.00  0.00 18.00
B19265280           5230201602117501124810917   112.41      3      0     0.00  0.00 18.00
B19265280           523020160211 736085401530   605.23      2      0     0.00  0.00 18.00
B19265281           5230201602117501088509773    82.00     21      0     0.00  0.00  0.00
B19265281           5230201602117501088509810    60.00      1      0     0.00  0.00  0.00
B19265281           5230201602117501328979502    80.70      2      0     0.00  0.00  0.00
B19265281           5230201602117501165002906    38.53      3      0     0.00  0.00  0.00
B19265281           5230201602117501201340016   190.90      2      0     0.00  0.00  0.00
B19265281           523020160211 650240003950    59.63     12      0     0.00  0.00  0.00
B19265281           5230201602117501072300164    44.49      2      0     0.00  0.00  0.00
B19265281           5230201602117501061002550    29.30      2      0     0.00  0.00  0.00
B19265281           5230201602117501089809490    79.70      1      0     0.00  0.00  0.00
B19265281           523020160211 650240003967    43.13      1      0     0.00  0.00  0.00
B19265281           5230201602117501098603850    47.45      1      0     0.00  0.00  0.00
B19265281           5230201602117501050617697    39.56      1      0     0.00  0.00  0.00
B19265281           5230201602117501174600117    20.17      8      0     0.00  0.00  0.00
B19265281           5230201602117501070612368   109.20      4      0     0.00  0.00  0.00
B19265281           5230201602117501008465592    66.56      5      0     0.00  0.00  0.00
B19265281           5230201602117501050624572    47.83      2      0     0.00  0.00  0.00
B19265281           523020160211 650240010538    21.52     62      0     0.00  0.00  0.00
B19265281           5230201602117501037908084    65.89      3      0     0.00  9.09  0.00
B19265281           5230201602117501008485033    39.79      5      0     0.00  0.00  0.00
B19265281           5230201602117896009490651    72.08      4      0    16.00  0.00  0.00
B19265281           523020160211 650240010712    49.26      2      0     0.00  0.00  0.00
B19265281           523020160211 650240007019    73.75      1      0    16.00  0.00  0.00
B19265281           523020160211 650240013805    46.49      1      0     0.00  0.00  0.00
B19265281           523020160211 650240011177    76.91      1      0     0.00  0.00  0.00
B19265281           5230201602117501050614597    64.80      2      0     0.00  0.00  0.00
B19265281           523020160211 650240011139   215.96      2      0     0.00  0.00  0.00
B19265281           5230201602117501050623766    49.72      1      0     0.00  0.00  0.00
B19265281           5230201602117501318612655    55.76      1      0     0.00  0.00  0.00
B19265281           523020160211 650240027789    51.77      6      0     0.00  0.00  0.00
B19265281           5230201602117502224227339    51.92      6      0     0.00  0.00  0.00
B19265281           5230201602117501095409004    38.70      1      0     0.00  0.00  0.00
B19265281           5230201602117501095409059    38.70      3      0     0.00  0.00  0.00
B19265281           5230201602117501037911152   118.72      2      0     0.00  0.00  0.00
B19265281           5230201602117501298205205   156.83      2      0     0.00  0.00  0.00
B19265281           5230201602117501299307236    36.58      1      0     0.00  0.00  0.00
B19265281           5230201602117501318609020    63.94      2      0     0.00  0.00  0.00
B19265281           5230201602117501050613460    39.02      5      0     0.00  0.00  0.00
B19265281           5230201602117501061002703    29.30      3      0     0.00  0.00  0.00
B19265281           5230201602117501008427347    42.35      8      0     0.00  0.00  0.00
B19265281           5230201602117501095451096    21.46     12      0     0.00  7.00  0.00
B19265281           5230201602117501299303047    40.57      4      0     0.00  0.00  0.00
B19265281           5230201602117501314704156    21.49      3      0     0.00  0.00  0.00
B19265281           5230201602117501314702701   354.94      1      0     0.00  0.00  0.00
B19265281           5230201602117501095452505    65.61     13      0     0.00  0.00  0.00
B19265281           5230201602117501008485057    39.79      9      0     0.00  0.00  0.00
B19265281           5230201602117501314703173    71.70      3      0     0.00  0.00  0.00
B19265281           5230201602117501008443033    20.06     19      0     0.00  0.00  0.00
B19265281           5230201602117501088505157    92.70      1      0     0.00  0.00  0.00
B19265281           5230201602117501092793052    66.07      9      0     0.00  0.00  0.00
B19265282           523020160211 354312625018    40.74      4      0     0.00  0.00 11.00
B19265283           523020160211     75009328    31.15      5      0     0.00  0.00 18.00
B19265283           5230201602117501108763475    35.98      4      0     0.00  0.00 18.00
B19265283           5230201602117501108767527    61.00      6      0     0.00  0.00 18.00
B19265283           523020160211 300055501638   152.96      1      0     0.00  0.00 18.00
B19265284           5235201602117501318608900    59.48      2      0     0.00  0.00  0.00
B19265284           5235201602117501318609020    63.94      1      0     0.00  0.00  0.00
B19265284           5235201602117501095409004    38.70      4      0     0.00  0.00  0.00
B19265284           523520160211 650240003950    59.63      2      0     0.00  0.00  0.00
B19265284           5235201602117501299307236    36.58      3      0     0.00  0.00  0.00
B19265284           5235201602117501008427347    42.35      4      0     0.00  0.00  0.00
B19265284           5235201602117501008496701    21.36      1      0     0.00  0.00  0.00
B19265284           5235201602117501165000315    78.81      1      0     0.00  0.00  0.00
B19265284           5235201602117501034650559   107.82      1      0     0.00  0.00  0.00
B19265284           5235201602117501034650580    76.73      3      0     0.00  0.00  0.00
B19265284           5235201602117501314703630   236.63      2      0     0.00  0.00  0.00
B19265284           5235201602117501008485057    39.79      4      0     0.00  0.00  0.00
B19265284           5235201602117501299303047    40.57      5      0     0.00  0.00  0.00
B19265284           5235201602117501008496152    49.92      1      0     0.00  0.00  0.00
B19265284           5235201602117501174600117    20.17      1      0     0.00  0.00  0.00
B19265284           5235201602117501008465592    66.56      3      0     0.00  0.00  0.00
B19265284           523520160211 650240010538    21.52      9      0     0.00  0.00  0.00
B19265284           5235201602117501091440094    14.02      7      0     0.00  0.00  0.00
B19265284           5235201602117501092793052    66.07      2      0     0.00  0.00  0.00
B19265284           5235201602117501088509766    54.20      3      0     0.00  0.00  0.00
B19265284           5235201602117501088509773    82.00      8      0     0.00  0.00  0.00
B19265284           5235201602117501098603867    86.34      1      0     0.00  0.00  0.00
B19265284           5235201602117501050610018   136.97      1      0     0.00  0.00  0.00
B19265284           5235201602117501050633659    82.91      4      0     0.00  0.00  0.00
B19265284           523520160211 650240021138    33.70      2      0     0.00  0.00  0.00
B19265284           5235201602117502224227339    51.92      5      0     0.00  0.00  0.00
B19265284           5235201602117501008485033    39.79      7      0     0.00  0.00  0.00
B19265284           523520160211 650240013805    46.49      3      0     0.00  0.00  0.00
B19265284           5235201602117501298217703   244.99      1      0     0.00  0.00  0.00
B19265284           5235201602117501082242478   497.08      2      0     0.00  0.00  0.00
B19265284           5235201602117501300407108    43.75      3      0     0.00  0.00  0.00
B19265284           5235201602117501300407139   175.00      1      0     0.00  0.00  0.00
B19265284           5235201602117730979095372   104.06      2      0     0.00  0.00  0.00
B19265284           5235201602117506309839110    34.31      2      0    16.00  0.00  0.00
B19265285           5235201602117501289511117    69.88      2      0     0.00  0.00 15.00
B19265286           523520160211 736085278507    45.48      6      0     0.00  0.00 18.00
B19265286           5235201602117501125104268    26.82      6      0     0.00 25.00 18.00
B19265286           523520160211 020800753067    44.55      3      0     0.00  0.00 18.00
B19265286           5235201602117503007704573   161.00      2      0     0.00  0.00 18.00
B19265286           5235201602117501088606304   371.58      2      0     0.00  0.00 18.00
B19265286           5235201602117501094910570    97.84      2      0     0.00  0.00 18.00
B19265286           5235201602117501124810993    86.76      2      0     0.00  0.00 18.00
B19265286           5235201602117501124812874    80.21      2      0     0.00  0.00 18.00
B19265286           5235201602117501125104411    26.82      2      0     0.00 25.00 18.00
B19265286           5235201602117501125104183    26.82      1      0     0.00  0.00 18.00
B19265286           5235201602117501001147587    16.97      1      0     0.00  0.00 18.00
B19265286           5235201602117501070903497   121.86      2      0     0.00  0.00 18.00
B19265286           5235201602117590002012468    58.09      6      0     0.00  0.00 18.00
B19265287           5235201602117501050611671   241.97      1      0     0.00  0.00 18.00
B19265287           5235201602117501108767527    61.00      2      0     0.00  0.00 18.00
B19265288           523520160211 354312225027    35.52      3      0     0.00  0.00 11.00
B19263483           5236201602117501033954740    27.92      2      0     0.00  0.00 17.00
B19263483           5236201602117501033920103    26.13      1      0     0.00 16.90 17.00
B19263483           5236201602117501033956690    27.92      1      0     0.00  0.00 17.00
B19263484           5236201602117501125103582    26.82      5      0     0.00  0.00 18.00
B19263484           523620160211 714706100109    84.54      3      0     0.00  0.00 18.00
B19263485           5236201602117501303451603   309.28      1      0     0.00  0.00  0.00
B19263485           5236201602117501050611121    39.86      3      0     0.00  0.00  0.00
B19263485           5236201602117501008409503    88.26      1      0     0.00  0.00  0.00
B19263485           5236201602117501125116810    15.37      8      0     0.00  9.09  0.00
B19263485           5236201602117501092772965   151.05      2      0     0.00  0.00  0.00
B19263485           5236201602117501088575396    77.60      3      0     0.00  0.00  0.00
B19263485           5236201602117501088509810    60.00      1      0     0.00  0.00  0.00
B19263485           5236201602117501098621151   249.00      2      0     0.00  0.00  0.00
B19263485           5236201602117501050625395    19.72      3      0     0.00  0.00  0.00
B19263485           5236201602117896009490651    72.08      1      0    16.00  0.00  0.00
B19263485           523620160211 650240010712    49.26     10      0     0.00  0.00  0.00
B19263485           523620160211 650240011177    76.91      2      0     0.00  0.00  0.00
B19263485           5236201602117501298213019    30.07      2      0     0.00  0.00  0.00
B19263485           5236201602117501318697409   111.57      2      0     0.00  0.00  0.00
B19263485           523620160211 650240007408    42.69      2      0     0.00  0.00  0.00
B19263485           5236201602117501008497562   125.16      2      0     0.00  0.00  0.00
B19263485           5236201602117501298219363    47.51      2      0     0.00  0.00  0.00
B19263485           5236201602117501318612655    55.76      3      0     0.00  0.00  0.00
B19263485           523620160211 650240021138    33.70      2      0     0.00  0.00  0.00
B19265289           5237201602117501001147587    16.97      5      0     0.00  0.00 18.00
B19265289           5237201602117501125104268    26.82      4      0     0.00 25.00 18.00
B19265289           5237201602117501124815486    53.08      3      0     0.00  0.00 18.00
B19265289           5237201602117501001116187    88.07      2      0     0.00  0.00 18.00
B19265289           5237201602117501124812874    80.21      2      0     0.00  0.00 18.00
B19265289           5237201602117590002012468    58.09      1      0     0.00  0.00 18.00
B19265289           523720160211 714706901607    20.22      1      0     0.00  0.00 18.00
B19265289           5237201602117501001147563    16.97      1      0     0.00  0.00 18.00
B19265290           523720160211 354312225010    20.68      1      0     0.00  0.00 11.00
B19265291           5237201602117501008427347    42.35      3      0     0.00  0.00  0.00
B19265291           5237201602117501095452116    28.62      2      0     0.00  0.00  0.00
B19265291           5237201602117501008485057    39.79      1      0     0.00  0.00  0.00
B19265291           5237201602117501318645080    81.23      1      0     0.00  0.00  0.00
B19265291           5237201602117501070635596   203.32      2      0     0.00  0.00  0.00
B19265291           5237201602117501095409004    38.70      2      0     0.00  0.00  0.00
B19265291           5237201602117501299303085    44.56      1      0     0.00  0.00  0.00
B19265291           5237201602117501034650580    76.73      1      0     0.00  0.00  0.00
B19265291           5237201602117501092793052    66.07      2      0     0.00  0.00  0.00
B19265291           5237201602117501088505126    75.00      6      0     0.00  0.00  0.00
B19265291           5237201602117501088575396    77.60      1      0     0.00  0.00  0.00
B19265291           5237201602117501072300164    44.49      1      0     0.00  0.00  0.00
B19265291           5237201602117501088509773    82.00      1      0     0.00  0.00  0.00
B19265291           5237201602117501050606288    74.25      1      0     0.00  0.00  0.00
B19265291           5237201602117501070600730    61.44      2      0     0.00  0.00  0.00
B19265291           523720160211 650240010538    21.52     27      0     0.00  0.00  0.00
B19265291           523720160211 650240007651    46.49      3      0     0.00  0.00  0.00
B19265291           523720160211 650240011177    76.91      2      0     0.00  0.00  0.00
B19265291           5237201602117506309839110    34.31      2      0    16.00  0.00  0.00
B19265292           5237201602117501033956775    27.92      1      0     0.00  0.00 17.00
B19265293           5237201602117501108767947   107.26      2      0     0.00  0.00 18.00
B19265294           524120160211 354312225027    35.52      2      0     0.00  0.00 11.00
B19265295           5241201602117501318608900    59.48      2      0     0.00  0.00  0.00
B19265295           5241201602117501050611121    39.86      1      0     0.00  0.00  0.00
B19265295           5241201602117501008427347    42.35      4      0     0.00  0.00  0.00
B19265295           5241201602117501125116810    15.37      1      0     0.00  9.09  0.00
B19265295           5241201602117501050610018   136.97      1      0     0.00  0.00  0.00
B19265295           5241201602117501050617079    28.61      2      0     0.00  0.00  0.00
B19265295           524120160211 650240010538    21.52     17      0     0.00  0.00  0.00
B19265295           5241201602117501008485057    39.79      3      0     0.00  0.00  0.00
B19265295           5241201602117501328979502    80.70      1      0     0.00  0.00  0.00
B19265295           5241201602117501088509766    54.20      1      0     0.00  0.00  0.00
B19265295           5241201602117501088509810    60.00      1      0     0.00  0.00  0.00
B19265295           5241201602117501082212136   937.92      1      0     0.00  0.00  0.00
B19265295           524120160211 650240007651    46.49      2      0     0.00  0.00  0.00
B19265295           524120160211 650240007408    42.69      2      0     0.00  0.00  0.00
B19265295           524120160211 650240011177    76.91      2      0     0.00  0.00  0.00
B19263479           524320160211     75009328    31.15      2      0     0.00  0.00 18.00
B19263480           524320160211 736085132069    47.47      2      0     0.00  0.00 18.00
B19263480           5243201602117501094910570    97.84      1      0     0.00  0.00 18.00
B19263480           524320160211 020800753067    44.55      1      0     0.00  0.00 18.00
B19263480           5243201602117501125104688    26.82      1      0     0.00 25.00 18.00
B19263481           5243201602117501590211232    83.90      7      0     0.00  0.00  5.00
B19263482           5243201602117501050613460    39.02      3      0     0.00  0.00  0.00
B19263482           5243201602117501095409059    38.70      1      0     0.00  0.00  0.00
B19263482           5243201602117501125116810    15.37      1      0     0.00  9.09  0.00
B19263482           5243201602117501328979885    47.69      2      0     0.00  0.00  0.00
B19263482           524320160211 650240010538    21.52      8      0     0.00  0.00  0.00
N2512148            5373201602117501008493007   179.23      2      0     0.00  0.00  0.00
N2512148            5373201602117501095452116    28.62      2      0     0.00  0.00  0.00
N2512148            5373201602117501314705542   344.19      1      0     0.00  0.00  0.00
N2512148            5373201602117896009490651    72.08      2      0    16.00  0.00  0.00
N2512148            5373201602117501318657304    94.43      1      0     0.00  0.00  0.00
N2512148            5373201602117501300407122    51.88      1      0     0.00  0.00  0.00
N2512149            5374201602117501001353377    62.23      2      0     0.00  0.00 18.00
N2512149            5374201602117501109761944     7.68      2      0     0.00  0.00 18.00
N2512150            5374201602117501050611671   241.97      1      0     0.00  0.00 18.00
N2512150            5374201602117501249605634    82.16      1      0     0.00 23.07  5.00
N2512150            5374201602117501108767527    61.00      4      0     0.00  0.00 18.00
N2512151            5374201602117501298281308    70.04      2      0     0.00  0.00  0.00
N2512151            5374201602117501046461488   142.28      2      0     0.00  0.00  0.00
N2512151            5374201602117501095452116    28.62      2      0     0.00  0.00  0.00
N2512151            5374201602117501092793052    66.07      1      0     0.00  0.00  0.00
N2512151            5374201602117501050624558    43.59      2      0     0.00  0.00  0.00
N2511583            5397201602117501109761944     7.68      3      0     0.00  0.00 18.00
N2511583            5397201602117501125109928   103.11      2      0     0.00  0.00 18.00
N2511583            5397201602117501001168889    80.99      1      0     0.00  0.00 18.00
N2511583            539720160211 714706901607    20.22      1      0     0.00  0.00 18.00
N2511584            5397201602117501287650627   235.59      2      0     0.00  0.00 18.00
N2511584            5397201602117501249605634    82.16      3      0     0.00 23.07  5.00
N2511584            539720160211 354312625018    40.74      1      0     0.00  0.00 11.00
N2511584            5397201602117501123013302   293.18      2      0     0.00 16.66 10.00
N2511585            5397201602117501318644335    49.13      2      0     0.00  0.00  0.00
N2511585            5397201602117501008409541    37.98      1      0     0.00  0.00  0.00
N2511585            5397201602117501065053138    51.37      2      0     0.00  0.00  0.00
N2511585            5397201602117501300409669   312.50      2      0     0.00  0.00  0.00
N2511585            5397201602117501050625395    19.72      2      0     0.00  0.00  0.00
N2511585            5397201602117501091440094    14.02      1      0     0.00  0.00  0.00
N2511585            539720160211 650240010712    49.26      1      0     0.00  0.00  0.00
N2511585            539720160211 650240011139   215.96      1      0     0.00  0.00  0.00
M2227441            5447201602117501109761944     7.68      3      0     0.00  0.00 18.00
M2227441            5447201602118027950210183   254.20     12      0     0.00  0.00 18.00
M2227441            5447201602117501070900441   167.63      2      0     0.00  0.00 18.00
M2227441            5447201602117501094911249    99.38      2      0     0.00  0.00 18.00
M2227441            5447201602117501124815103    84.73      2      0     0.00  0.00 18.00
M2227441            5447201602117501125100123    45.25      1      0     0.00  0.00 18.00
M2227441            5447201602117501125103582    26.82      1      0     0.00  0.00 18.00
M2227441            5447201602117501001147563    16.97      1      0     0.00  0.00 18.00
M2227442            544720160211     75009328    31.15      1      0     0.00  0.00 18.00
M2227442            5447201602117501108765561   109.73      2      0     0.00  0.00 18.00
M2227442            5447201602117501123013302   293.18      3      0     0.00 16.66 10.00
M2227442            5447201602117501287630124    99.96      1      0     0.00  0.00 18.00
M2227442            5447201602117501287630506   131.85      6      0     0.00  0.00 18.00
M2227443            5447201602117501298220406   186.45      1      0     0.00  0.00  0.00
M2227443            5447201602117501298221403   237.61      3      0     0.00  0.00  0.00
M2227443            5447201602117501095452116    28.62      1      0     0.00  0.00  0.00
M2227443            5447201602117501095452147    47.70      2      0     0.00  0.00  0.00
M2227443            5447201602117501298281308    70.04      1      0     0.00  0.00  0.00
M2227443            5447201602117501318645080    81.23      2      0     0.00  0.00  0.00
M2227443            5447201602117501300408402   138.13      1      0     0.00  0.00  0.00
M2227443            5447201602117501299303047    40.57      2      0     0.00  0.00  0.00
M2227443            5447201602117501082212174   590.28      2      0     0.00  0.00  0.00
M2227443            5447201602117501089810038   129.60      2      0     0.00  0.00  0.00
M2227443            5447201602117501070613440    96.61      8      0     0.00  0.00  0.00
M2227443            5447201602117501299301999   139.65      1      0     0.00  0.00  0.00
M2227443            5447201602117501328979502    80.70      2      0     0.00  0.00  0.00
M2227443            5447201602117501072310392    55.65      1      0     0.00  0.00  0.00
M2227443            5447201602117501088575495    72.00      1      0     0.00  0.00  0.00
M2227443            5447201602117501300408136   295.00      1      0     0.00  0.00  0.00
M2227443            5447201602117501050617079    28.61      3      0     0.00  0.00  0.00
M2227443            5447201602117501050612364   296.07      2      0     0.00  0.00  0.00
M2227443            544720160211 650240010538    21.52     10      0     0.00  0.00  0.00
M2227443            5447201602117501298217659   243.10      4      0     0.00  0.00  0.00
M2227443            5447201602117501091440094    14.02      1      0     0.00  0.00  0.00
