B19248976           5214201602097501125104343    26.82      8      0     0.00 25.00 18.00
B19248976           521420160209 714706100604    20.22      3      0     0.00  0.00 18.00
B19248976           521420160209 714706901607    20.22      3      0     0.00  0.00 18.00
B19248976           5214201602097590002012468    54.80      3      0     0.00  0.00 18.00
B19248976           5214201602097501001168889    73.62      3      0     0.00  0.00 18.00
B19248976           5214201602097501094910570    97.84      3      0     0.00  0.00 18.00
B19248976           5214201602097501369200016    89.51      2      0     0.00  0.00 18.00
B19248976           5214201602097501094911485    90.13      2      0     0.00  0.00 18.00
B19248976           521420160209 736085401226   252.69      2      0     0.00  0.00 18.00
B19248976           5214201602097501125130878    16.51      1      0     0.00  0.00 18.00
B19248976           521420160209 020800753067    42.02      1      0     0.00  0.00 18.00
B19248976           5214201602097501070903688   203.90      1      0     0.00  0.00 18.00
B19248977           5214201602097501108765561   109.73      2      0     0.00  0.00 18.00
B19248977           5214201602097501201490797   519.19      2      0     0.00  0.00 18.00
B19248977           5214201602097501287678096    90.47      1      0     0.00  0.00 18.00
B19248977           5214201602097501287669001   137.77      3      0     0.00  0.00 18.00
B19248978           521420160209 354312225010    20.68      1      0     0.00  0.00 11.00
B19248978           5214201602097502250340255    56.76      2      0     0.00  0.00 11.00
B19248979           5214201602097501050617697    39.56      2      0     0.00  0.00  0.00
B19248979           5214201602097501298219363    47.51      2      0     0.00  0.00  0.00
B19248979           5214201602098414601746106   104.41      2      0     0.00  0.00  0.00
B19248979           5214201602097896009490651    72.08      1      0    16.00  0.00  0.00
B19248979           521420160209 650240010712    49.26      4      0     0.00  0.00  0.00
B19248979           521420160209 650240013805    46.49      5      0     0.00  0.00  0.00
B19248979           5214201602097501298217659   243.10      2      0     0.00  0.00  0.00
B19248979           5214201602097501299308073   171.57      1      0     0.00  0.00  0.00
B19248979           521420160209 650240010538    21.52     20      0     0.00  0.00  0.00
B19248979           5214201602097501050625395    19.72     13      0     0.00  0.00  0.00
B19248979           5214201602097501037908084    65.89      2      0     0.00  9.09  0.00
B19248979           521420160209 650240007651    46.49      1      0     0.00  0.00  0.00
B19248979           5214201602097501174600124    46.12      1      0     0.00  0.00  0.00
B19248979           5214201602097501070600730    61.44      2      0     0.00  0.00  0.00
B19248979           5214201602097501298234601   215.18      1      0     0.00  0.00  0.00
B19248979           5214201602097501037908640    87.03      1      0     0.00  0.00  0.00
B19248979           5214201602097501299302866   171.57      2      0     0.00  0.00  0.00
B19248979           5214201602097501314707638    23.66      1      0     0.00  0.00  0.00
B19248979           5214201602097501314707645    23.65      2      0     0.00  0.00  0.00
B19248979           5214201602097501300408204   216.88      1      0     0.00  0.00  0.00
B19248979           5214201602097501299303047    40.57      2      0     0.00  0.00  0.00
B19248979           5214201602097501300408754   234.38      1      0     0.00  0.00  0.00
B19248979           5214201602097501070635756   268.80      1      0     0.00  0.00  0.00
B19248979           5214201602097501299303085    44.56      2      0     0.00  0.00  0.00
B19248979           5214201602097501871730315   346.97      2      0     0.00  0.00  0.00
B19248979           5214201602097501088509766    54.20      1      0     0.00  0.00  0.00
B19248979           5214201602097501050610018   136.97      2      0     0.00  0.00  0.00
B19248979           5214201602097501299301326    91.77      2      0     0.00  0.00  0.00
B19248979           5214201602097501034650580    76.73      1      0     0.00  0.00  0.00
B19248979           5214201602097501008433515    65.87      1      0     0.00  0.00  0.00
B19248979           5214201602097501328979502    80.70      3      0     0.00  0.00  0.00
B19248979           5214201602097501092760016   210.00      2      0     0.00  0.00  0.00
B19250517           5215201602097501590211232    83.90      2      0     0.00  0.00  5.00
B19250517           5215201602097501249605634    82.16      3      0     0.00 23.07  5.00
B19250518           5215201602097501298217703   244.99      2      0     0.00  0.00  0.00
B19250518           5215201602097501300407122    51.88      3      0     0.00  0.00  0.00
B19250518           5215201602097841141003436   263.51      2      0     0.00  0.00  0.00
B19250518           5215201602097501318612655    55.76      5      0     0.00  0.00  0.00
B19250518           521520160209 650240005398    64.39      2      0     0.00  0.00  0.00
B19250518           521520160209 041388284316   116.48      3      0     0.00  0.00  0.00
B19250518           5215201602097501065030405    17.41      5      0     0.00  0.00  0.00
B19250518           5215201602097501050617079    28.61      5      0     0.00  0.00  0.00
B19250518           5215201602097501174600117    20.17      2      0     0.00  0.00  0.00
B19250518           5215201602097501050699990   220.88      2      0     0.00  0.00  0.00
B19250518           5215201602097501070613044    98.56      3      0     0.00  0.00  0.00
B19250518           521520160209 650240010538    21.52     14      0     0.00  0.00  0.00
B19250518           5215201602097501050625395    19.72      8      0     0.00  0.00  0.00
B19250518           5215201602097501050613453    37.50      2      0     0.00  0.00  0.00
B19250518           5215201602097501300409669   312.50      6      0     0.00  0.00  0.00
B19250518           5215201602097501299308073   171.57      2      0     0.00  0.00  0.00
B19250518           521520160209 650240007651    46.49      3      0     0.00  0.00  0.00
B19250518           5215201602097501050619943    39.74      2      0     0.00  0.00  0.00
B19250518           521520160209 650240010712    49.26      2      0     0.00  0.00  0.00
B19250518           521520160209 650240011177    76.91      2      0     0.00  0.00  0.00
B19250518           5215201602097501300408136   295.00      5      0     0.00  0.00  0.00
B19250518           521520160209 650240007019    73.75      2      0    16.00  0.00  0.00
B19250518           521520160209 310158096740    68.22      3      0     0.00  0.00  0.00
B19250518           521520160209 650240013805    46.49      3      0     0.00  0.00  0.00
B19250519           521520160209 354312225010    20.68      3      0     0.00  0.00 11.00
B19250519           521520160209 354312225027    35.52      2      0     0.00  0.00 11.00
B19250520           5215201602097501033954740    27.92      2      0     0.00  0.00 17.00
B19250521           5215201602097501050611671   241.97      2      0     0.00  0.00 18.00
B19250521           5215201602097501287630124    99.96      3      0     0.00  0.00 18.00
B19250521           5215201602097501108767527    61.00      2      0     0.00  0.00 18.00
B19250522           5215201602097501123013340   206.28      3      0     0.00 16.66 10.00
B19250522           5215201602097501123013302   293.18      2      0     0.00 16.66 10.00
B19250523           5215201602097501871720613    29.00      3      0     0.00  0.00  0.00
B19250523           5215201602097501089810021    87.48      2      0     0.00  0.00  0.00
B19250523           5215201602097501088505126    75.00      3      0     0.00  0.00  0.00
B19250523           5215201602094104480412103   158.13      5      0     0.00  0.00  0.00
B19250523           5215201602097501088575396    77.60      2      0     0.00  0.00  0.00
B19250523           5215201602097501089810038   129.60      3      0     0.00  0.00  0.00
B19250523           5215201602097501088579752    74.50      2      0     0.00  0.00  0.00
B19250523           5215201602097501088509766    54.20      2      0     0.00  0.00  0.00
B19250523           5215201602097501088509773    82.00      5      0     0.00  0.00  0.00
B19250523           5215201602097501318644335    49.13      2      0     0.00  0.00  0.00
B19250523           5215201602097501318645080    81.23      3      0     0.00  0.00  0.00
B19250523           5215201602097501318609020    63.94      2      0     0.00  0.00  0.00
B19250523           5215201602097501298221403   237.61      3      0     0.00  0.00  0.00
B19250523           5215201602097501318634732    75.09      2      0     0.00  0.00  0.00
B19250523           5215201602097501298281209    37.41      2      0     0.00  0.00  0.00
B19250523           5215201602097501050611121    39.86      2      0     0.00  0.00  0.00
B19250523           5215201602097501008409503    88.26      3      0     0.00  0.00  0.00
B19250523           5215201602097501008427330    72.80      2      0     0.00  0.00  0.00
B19250523           5215201602097501318620162   200.75      2      0     0.00  0.00  0.00
B19250523           5215201602097501070635411   145.59      5      0     0.00  0.00  0.00
B19250523           5215201602097501070635596   203.32      2      0     0.00  0.00  0.00
B19250523           5215201602097501070635664   162.15      2      0     0.00  0.00  0.00
B19250523           5215201602097501008427347    42.35      2      0     0.00  0.00  0.00
B19250523           5215201602097501070615277   322.00      6      0     0.00  0.00  0.00
B19250523           5215201602097501095451096    21.46      5      0     0.00  7.00  0.00
B19250523           5215201602097501037908640    87.03      2      0     0.00  0.00  0.00
B19250523           5215201602097501095476495    24.56      2      0     0.00  0.00  0.00
B19250523           5215201602097501095452116    28.62      3      0     0.00  0.00  0.00
B19250523           5215201602097501095452130    74.18      2      0     0.00  0.00  0.00
B19250523           5215201602097501125116810    15.37      3      0     0.00  9.09  0.00
B19250523           5215201602097501095452147    47.70      2      0     0.00  0.00  0.00
B19250523           5215201602097501095452505    65.61      2      0     0.00  0.00  0.00
B19250523           5215201602097501037908572   182.46      2      0     0.00  0.00  0.00
B19250523           5215201602097501008491966    22.85     14      0     0.00  0.00  0.00
B19250523           5215201602097501008496152    49.92      3      0     0.00  0.00  0.00
B19250523           5215201602097501008496701    21.36      2      0     0.00  0.00  0.00
B19250523           5215201602097501165000230    52.82      5      0     0.00  0.00  0.00
B19250523           5215201602097501165000315    78.81      2      0     0.00  0.00  0.00
B19250523           5215201602097501008485057    39.79      9      0     0.00  0.00  0.00
B19250523           5215201602097501299303047    40.57      3      0     0.00  0.00  0.00
B19250523           5215201602097501299303085    44.56      2      0     0.00  0.00  0.00
B19250523           5215201602097501299301579   242.06      2      0     0.00  0.00  0.00
B19250523           5215201602097501008433676    28.53      6      0     0.00  0.00  0.00
B19250523           5215201602097501008443033    20.06      6      0     0.00  0.00  0.00
B19250523           5215201602097501385491085   164.50      2      0     0.00  0.00  0.00
B19250523           5215201602097501092793052    66.07      3      0     0.00  0.00  0.00
B19250523           5215201602097501092779278   271.49      2      0     0.00  0.00  0.00
B19250523           5215201602097501088505003    38.50      2      0     0.00  0.00  0.00
B19250523           5215201602097501009000709   180.90      2      0     0.00  0.00  0.00
B19250523           5215201602097501009000808   136.68      2      0     0.00  0.00  0.00
B19250524           5215201602097501250840086   290.90      2      0    16.00  0.00 18.00
B19250524           5215201602097501070981518   301.90      2      0     0.00  0.00 18.00
B19250524           5215201602097501125104411    26.82      5      0     0.00 25.00 18.00
B19250524           5215201602097501070903695   318.40      2      0     0.00  0.00 18.00
B19250524           5215201602097501125104688    26.82      5      0     0.00 25.00 18.00
B19250524           521520160209 736085405668   365.39      2      0     0.00  0.00 18.00
B19250524           521520160209 020800753067    42.02      5      0     0.00  0.00 18.00
B19250524           5215201602097503007704566   410.00      2      0     0.00  0.00 18.00
B19250524           521520160209 736085278507    45.48      5      0     0.00  0.00 18.00
B19250524           5215201602097590002012468    54.80      5      0     0.00  0.00 18.00
B19250524           5215201602097501125100116    16.24      3      0     0.00  0.00 18.00
B19250524           5215201602097501125104343    26.82      3      0     0.00 25.00 18.00
B19250524           521520160209 714706100604    20.22      3      0     0.00  0.00 18.00
B19250524           5215201602097501001147563    16.01      2      0     0.00  0.00 18.00
B19250524           5215201602097501125104183    26.82      2      0     0.00  0.00 18.00
B19250524           5215201602097501125103582    26.82      2      0     0.00  0.00 18.00
B19250524           521520160209 736085132069    47.47      2      0     0.00  0.00 18.00
B19250524           5215201602097501001168889    73.62      2      0     0.00  0.00 18.00
B19250524           5215201602097501125109928   103.11      2      0     0.00  0.00 18.00
B19250524           5215201602097501124810917   112.41      2      0     0.00  0.00 18.00
B19250524           5215201602097501124103217   143.15      2      0     0.00  0.00 18.00
B19250524           5215201602097501070903350   143.73      2      0     0.00  0.00 18.00
B19250524           5215201602097501124103118   203.11      2      0     0.00  0.00 18.00
B19250524           5215201602097501250810645   304.74      2      0     0.00  0.00 18.00
B19250635           5223201602097501125104343    26.82     15      0     0.00 25.00 18.00
B19250635           5223201602097501125103582    26.82      3      0     0.00  0.00 18.00
B19250635           522320160209 020800753067    42.02      3      0     0.00  0.00 18.00
B19250635           5223201602097501001147563    16.01      2      0     0.00  0.00 18.00
B19250635           5223201602097501125104411    26.82     14      0     0.00 25.00 18.00
B19250635           5223201602097501125104268    26.82      2      0     0.00 25.00 18.00
B19250635           5223201602097501125104183    26.82      3      0     0.00  0.00 18.00
B19250635           5223201602097501124814588   103.65      1      0     0.00  0.00 18.00
B19250636           5223201602097501298244907   333.93      2      0     0.00  0.00  0.00
B19250636           522320160209 650240000973   258.39      1      0     0.00  0.00  0.00
B19250636           5223201602097501298205205   156.83      1      0     0.00  0.00  0.00
B19250636           5223201602097501050613460    39.02      6      0     0.00  0.00  0.00
B19250636           5223201602097501095409004    38.70      1      0     0.00  0.00  0.00
B19250636           5223201602097501008409503    88.26      5      0     0.00  0.00  0.00
B19250636           5223201602097501008409541    37.98      3      0     0.00  0.00  0.00
B19250636           5223201602097501314707805    96.69      1      0     0.00  0.00  0.00
B19250636           5223201602097501050625395    19.72      7      0     0.00  0.00  0.00
B19250636           522320160209 650240007651    46.49      3      0     0.00  0.00  0.00
B19250636           522320160209 650240010712    49.26      4      0     0.00  0.00  0.00
B19250636           522320160209 650240013805    46.49      3      0     0.00  0.00  0.00
B19250636           522320160209 650240029028    69.05      1      0     0.00  0.00  0.00
B19250636           522320160209 650240021138    33.70      3      0     0.00  0.00  0.00
B19250636           5223201602097501095451096    21.46      4      0     0.00  7.00  0.00
B19250636           5223201602097501095452505    65.61      1      0     0.00  0.00  0.00
B19250636           5223201602097501095452116    28.62      6      0     0.00  0.00  0.00
B19250636           5223201602097501095452147    47.70      3      0     0.00  0.00  0.00
B19250636           5223201602097501125116810    15.37     15      0     0.00  9.09  0.00
B19250636           5223201602097501008485057    39.79      5      0     0.00  0.00  0.00
B19250636           5223201602097501034650559   107.82      4      0     0.00  0.00  0.00
B19250636           5223201602097501008433515    65.87      2      0     0.00  0.00  0.00
B19250636           5223201602097501088507908   153.50      1      0     0.00  0.00  0.00
B19250636           5223201602097501089804099   255.96      1      0     0.00  0.00  0.00
B19250636           5223201602097501050613453    37.50      1      0     0.00  0.00  0.00
B19250636           522320160209 650240010538    21.52     48      0     0.00  0.00  0.00
B19250636           5223201602097501034630070    88.82      1      0     0.00  0.00  0.00
B19250637           5223201602097501123015009    55.76      1      0     0.00  9.09  8.00
B19250638           522320160209 354312225027    35.52      1      0     0.00  0.00 11.00
B19250638           522320160209 354312225010    20.68      3      0     0.00  0.00 11.00
B19250639           5223201602097501033954740    27.92      2      0     0.00  0.00 17.00
B19250639           5223201602097501033956690    27.92      1      0     0.00  0.00 17.00
B19250640           522420160209 020800755719    52.61      2      0     0.00  0.00 18.00
B19250640           522420160209 714706100604    20.22      1      0     0.00  0.00 18.00
B19250640           522420160209 714706901607    20.22      1      0     0.00  0.00 18.00
B19250640           5224201602097501070903510   105.04      2      0     0.00  0.00 18.00
B19250640           5224201602097501001168889    73.62      2      0     0.00  0.00 18.00
B19250640           5224201602097501125118562    26.82      1      0     0.00  0.00 18.00
B19250640           5224201602097501125139543   189.03      2      0     0.00 12.50 18.00
B19250640           522420160209 736085132069    47.47      4      0     0.00  0.00 18.00
B19250640           5224201602097501125104343    26.82      2      0     0.00 25.00 18.00
B19250640           5224201602097501001147563    16.01      1      0     0.00  0.00 18.00
B19250641           5224201602097501590211232    83.90      2      0     0.00  0.00  5.00
B19250641           5224201602097501249605634    82.16      3      0     0.00 23.07  5.00
B19250642           5224201602097501033956690    27.92      2      0     0.00  0.00 17.00
B19250643           5224201602097501095409004    38.70      3      0     0.00  0.00  0.00
B19250643           5224201602097501008427347    42.35      5      0     0.00  0.00  0.00
B19250643           5224201602097501125116810    15.37      4      0     0.00  9.09  0.00
B19250643           5224201602097501318634732    75.09      1      0     0.00  0.00  0.00
B19250643           5224201602097501299307236    36.58      2      0     0.00  0.00  0.00
B19250643           5224201602097501318609020    63.94      1      0     0.00  0.00  0.00
B19250643           5224201602097501070635756   268.80      1      0     0.00  0.00  0.00
B19250643           5224201602097501088509773    82.00      6      0     0.00  0.00  0.00
B19250643           5224201602097501871720682   364.48      2      0     0.00  0.00  0.00
B19250643           5224201602097896116861566   255.75      2      0     0.00  0.00  0.00
B19250643           5224201602097501089810021    87.48      1      0     0.00  0.00  0.00
B19250643           5224201602097501299303047    40.57      1      0     0.00  0.00  0.00
B19250643           5224201602097501314703753   204.35      2      0     0.00  0.00  0.00
B19250643           5224201602097501008465646    73.77      2      0     0.00  0.00  0.00
B19250643           5224201602097501088509766    54.20      1      0     0.00  0.00  0.00
B19250643           5224201602097896009490651    72.08      1      0    16.00  0.00  0.00
B19250643           522420160209 650240007408    42.69      2      0     0.00  0.00  0.00
B19250643           522420160209 650240010712    49.26      3      0     0.00  0.00  0.00
B19250643           5224201602097501050614597    64.80      1      0     0.00  0.00  0.00
B19250643           5224201602097501050617079    28.61      4      0     0.00  0.00  0.00
B19250643           5224201602097501070600556    65.28      2      0     0.00  0.00  0.00
B19250643           5224201602097501086310401   138.75      2      0     0.00  0.00  0.00
B19250643           522420160209 650240010538    21.52     10      0     0.00  0.00  0.00
B19250643           522420160209 650240007651    46.49      3      0     0.00  0.00  0.00
B19250643           5224201602097501299307922    61.18      2      0     0.00  0.00  0.00
B19250643           522420160209 650240011818   154.69      2      0     0.00  0.00  0.00
B19250643           5224201602097841141003436   263.51      2      0     0.00  0.00  0.00
B19250644           5224201602097501289511469    84.18      1      0     0.00  0.00 15.00
B19250645           5224201602097501287630506   131.85      1      0     0.00  0.00 18.00
B19250645           522420160209 300090555412   431.10      1      0     0.00  0.00 18.00
B19250645           5224201602097501287630124    99.96      1      0     0.00  0.00 18.00
B19250646           5227201602097501050610018   136.97      2      0     0.00  0.00  0.00
B19250646           5227201602097501299307236    36.58      1      0     0.00  0.00  0.00
B19250646           5227201602097501095409059    38.70      3      0     0.00  0.00  0.00
B19250646           5227201602097501008427347    42.35      1      0     0.00  0.00  0.00
B19250646           5227201602097501050617055    32.91      1      0     0.00  0.00  0.00
B19250646           5227201602097501159580014   113.80      2      0     0.00  0.00  0.00
B19250646           5227201602097501125116810    15.37     11      0     0.00  9.09  0.00
B19250646           5227201602097501034630070    88.82      2      0     0.00  0.00  0.00
B19250646           5227201602097501050611121    39.86      1      0     0.00  0.00  0.00
B19250646           5227201602097501318608900    59.48      1      0     0.00  0.00  0.00
B19250646           5227201602097501314704187    22.94      2      0     0.00  0.00  0.00
B19250646           5227201602097501034650580    76.73      3      0     0.00  0.00  0.00
B19250646           5227201602097501328979502    80.70      3      0     0.00  0.00  0.00
B19250646           5227201602097501328979885    47.69      2      0     0.00  0.00  0.00
B19250646           5227201602097501088509773    82.00      9      0     0.00  0.00  0.00
B19250646           522720160209 650240003950    59.63      1      0     0.00  0.00  0.00
B19250646           5227201602097501008485057    39.79      3      0     0.00  0.00  0.00
B19250646           5227201602097501299303085    44.56      1      0     0.00  0.00  0.00
B19250646           5227201602097501098603867    86.34      3      0     0.00  0.00  0.00
B19250646           5227201602097501050606288    74.25      2      0     0.00  0.00  0.00
B19250646           5227201602097501070600730    61.44      1      0     0.00  0.00  0.00
B19250646           522720160209 650240007651    46.49      3      0     0.00  0.00  0.00
B19250646           5227201602097501050621342    51.57      2      0     0.00  0.00  0.00
B19250646           522720160209 650240011139   215.96      2      0     0.00  0.00  0.00
B19250646           5227201602097501298234601   215.18      2      0     0.00  0.00  0.00
B19250646           5227201602097501299303290    46.55      2      0     0.00  0.00  0.00
B19250646           522720160209 650240011351    60.40      3      0     0.00  0.00  0.00
B19250646           522720160209 650240007019    73.75      3      0    16.00  0.00  0.00
B19250646           522720160209 650240019999    75.62      2      0     0.00  0.00  0.00
B19250646           5227201602097501008453780    72.37      3      0     0.00  0.00  0.00
B19250646           5227201602097501298219363    47.51      2      0     0.00  0.00  0.00
B19250646           522720160209 650240021138    33.70      2      0     0.00  0.00  0.00
B19250647           5227201602097501033954740    27.92      4      0     0.00  0.00 17.00
B19250648           5227201602097501287627605   386.78      1      0     0.00  0.00 18.00
B19250648           5227201602097501108761860   128.75      2      0     0.00  0.00 18.00
B19250648           5227201602097501108767527    61.00      3      0     0.00  0.00 18.00
B19250649           5227201602097501289511421    26.68      1      0     0.00  0.00 15.00
B19250649           5227201602097501289511469    84.18      1      0     0.00  0.00 15.00
B19250650           522720160209 714706100604    20.22      1      0     0.00  0.00 18.00
B19250650           5227201602097501001168889    73.62      1      0     0.00  0.00 18.00
B19250650           522720160209 020800753067    42.02      1      0     0.00  0.00 18.00
B19250650           5227201602097501125104343    26.82      4      0     0.00 25.00 18.00
B19250650           5227201602097501125130878    16.51      4      0     0.00  0.00 18.00
B19250650           5227201602097501124817954    36.53      2      0     0.00  0.00 18.00
B19250650           5227201602097501001116187    80.07      2      0     0.00  0.00 18.00
B19250650           5227201602097501001147563    16.01      1      0     0.00  0.00 18.00
B19250650           522720160209 714706901508    20.22      1      0     0.00  0.00 18.00
B19250602           5228201602097501123018031   166.93      2      0     0.00  9.09  8.00
B19250602           522820160209     75004996   156.49      1      0     0.00  9.09  8.00
B19250603           5228201602097501324403124   306.00      2      0     0.00  0.00  0.00
B19250603           5228201602097501298209067   282.18      2      0     0.00  0.00  0.00
B19250603           5228201602097501299307236    36.58      2      0     0.00  0.00  0.00
B19250603           5228201602097501384504304   121.53      2      0     0.00  0.00  0.00
B19250603           5228201602095034642021753   620.96      1      0     0.00  0.00  0.00
B19250603           5228201602097501008427347    42.35     21      0     0.00  0.00  0.00
B19250603           5228201602097501303451603   309.28      1      0     0.00  0.00  0.00
B19250603           5228201602097501314704958   129.07      2      0     0.00  0.00  0.00
B19250603           5228201602097501095452116    28.62      8      0     0.00  0.00  0.00
B19250603           5228201602097501095452147    47.70     14      0     0.00  0.00  0.00
B19250603           5228201602097501095452505    65.61      5      0     0.00  0.00  0.00
B19250603           5228201602097501165000193   113.45      5      0     0.00  0.00  0.00
B19250603           5228201602097501009007401   481.73      2      0     0.00  0.00  0.00
B19250603           5228201602097501299303085    44.56      3      0     0.00  0.00  0.00
B19250603           5228201602097501034650580    76.73      1      0     0.00  0.00  0.00
B19250603           5228201602097501008485057    39.79      9      0     0.00  0.00  0.00
B19250603           5228201602097501299303047    40.57      2      0     0.00  0.00  0.00
B19250603           5228201602097501318670891   253.52      2      0     0.00  0.00  0.00
B19250603           5228201602097501318670907   127.89      1      0     0.00  0.00  0.00
B19250603           5228201602097501008433553    36.05     12      0     0.00  0.00  0.00
B19250603           5228201602097501092793052    66.07      2      0     0.00  0.00  0.00
B19250603           5228201602097501072300157    74.65      1      0     0.00  0.00  0.00
B19250603           5228201602097501088509766    54.20      3      0     0.00  0.00  0.00
B19250603           5228201602097501088509902   217.50      2      0     0.00  0.00  0.00
B19250603           5228201602097501328979502    80.70      2      0     0.00  0.00  0.00
B19250603           5228201602094104480412103   158.13      2      0     0.00  0.00  0.00
B19250603           5228201602097501050625395    19.72     15      0     0.00  0.00  0.00
B19250603           5228201602097501022150405    43.63      2      0    16.00  0.00  0.00
B19250603           5228201602097501037908084    65.89      1      0     0.00  9.09  0.00
B19250603           5228201602097501089803030   114.05      2      0     0.00  0.00  0.00
B19250603           522820160209 650240003967    43.13      2      0     0.00  0.00  0.00
B19250603           5228201602097501098603867    86.34      1      0     0.00  0.00  0.00
B19250603           5228201602097501050617079    28.61      8      0     0.00  0.00  0.00
B19250603           5228201602097501050617697    39.56      2      0     0.00  0.00  0.00
B19250603           5228201602097501070600730    61.44      2      0     0.00  0.00  0.00
B19250603           5228201602097501098624114   344.00      1      0     0.00  0.00  0.00
B19250603           5228201602097501089809490    79.70      2      0     0.00  0.00  0.00
B19250603           5228201602097501070600556    65.28      2      0     0.00  0.00  0.00
B19250603           5228201602097501092776413   236.82      3      0     0.00  0.00  0.00
B19250603           522820160209 650240013805    46.49      7      0     0.00  0.00  0.00
B19250603           5228201602097501092777212   384.02      1      0     0.00  0.00  0.00
B19250603           522820160209 650240007651    46.49      3      0     0.00  0.00  0.00
B19250603           522820160209 650240011177    76.91      3      0     0.00  0.00  0.00
B19250603           5228201602097501299355039    47.22      9      0     0.00  0.00  0.00
B19250603           5228201602097501318612655    55.76     13      0     0.00  0.00  0.00
B19250603           522820160209     75026226    66.64      2      0     0.00  0.00  0.00
B19250603           522820160209 650240010538    21.52     18      0     0.00  0.00  0.00
B19250603           5228201602097501088505485   113.50      2      0     0.00  0.00  0.00
B19250603           5228201602097506309839110    34.31      3      0    16.00  0.00  0.00
B19250604           522820160209 736085278507    45.48      5      0     0.00  0.00 18.00
B19250604           5228201602097501124817954    36.53     12      0     0.00  0.00 18.00
B19250604           5228201602097501001353377    58.71      5      0     0.00  0.00 18.00
B19250604           522820160209 736085405422    69.71      2      0     0.00  0.00 18.00
B19250604           5228201602097501001147587    16.01      1      0     0.00  0.00 18.00
B19250604           5228201602097501125104411    26.82      1      0     0.00 25.00 18.00
B19250604           5228201602097501124103118   203.11      1      0     0.00  0.00 18.00
B19250604           5228201602097501094910570    97.84     11      0     0.00  0.00 18.00
B19250604           522820160209 008400001313    42.90     12      0     0.00  0.00 18.00
B19250604           522820160209 714706100604    20.22      8      0     0.00  0.00 18.00
B19250604           5228201602097501125149221    26.82      4      0     0.00  0.00 18.00
B19250604           5228201602097501168810621   172.20      3      0     0.00  0.00 18.00
B19250604           522820160209 020800755719    52.61      2      0     0.00  0.00 18.00
B19250605           5228201602097501033954740    27.92      2      0     0.00  0.00 17.00
B19250605           5228201602097501033956690    27.92      1      0     0.00  0.00 17.00
B19250606           5228201602097501326004176   459.72      2      0     0.00  0.00 18.00
B19250606           5228201602097501287630506   131.85      2      0     0.00  0.00 18.00
B19250606           5228201602097501108767527    61.00     10      0     0.00  0.00 18.00
B19250607           522820160209 354312225010    20.68      5      0     0.00  0.00 11.00
B19250608           5228201602097501289511421    26.68      2      0     0.00  0.00 15.00
B19249782           5230201602097501165006331   341.86      2      0     0.00  0.00  0.00
B19250609           523020160209 354312625018    40.74      7      0     0.00  0.00 11.00
B19250610           5230201602097501590211232    83.90      7      0     0.00  0.00  5.00
B19250610           5230201602097501088507007   528.31      2      0     0.00  0.00  5.00
B19250611           5230201602097501070600556    65.28      3      0     0.00  0.00  0.00
B19250611           5230201602097501070600730    61.44      3      0     0.00  0.00  0.00
B19250611           5230201602097501165006386   261.31      2      0     0.00  0.00  0.00
B19250611           5230201602097501089809490    79.70      2      0     0.00  0.00  0.00
B19250611           5230201602097501008465592    66.56      1      0     0.00  0.00  0.00
B19250611           523020160209 650240010538    21.52     73      0     0.00  0.00  0.00
B19250611           5230201602097501050625395    19.72     33      0     0.00  0.00  0.00
B19250611           5230201602097501037908084    65.89      3      0     0.00  9.09  0.00
B19250611           523020160209 650240007651    46.49      5      0     0.00  0.00  0.00
B19250611           523020160209 650240007019    73.75      5      0    16.00  0.00  0.00
B19250611           523020160209 650240013805    46.49      9      0     0.00  0.00  0.00
B19250611           5230201602097501037907124    94.48      2      0     0.00  0.00  0.00
B19250611           5230201602097501022101209    26.47      1      0    16.00  0.00  0.00
B19250611           5230201602097896009490651    72.08      5      0    16.00  0.00  0.00
B19250611           523020160209 650240010712    49.26     14      0     0.00  0.00  0.00
B19250611           523020160209 650240011139   215.96      1      0     0.00  0.00  0.00
B19250611           5230201602097501050623766    49.72      1      0     0.00  0.00  0.00
B19250611           5230201602097501299355039    47.22      3      0     0.00  0.00  0.00
B19250611           5230201602097501098606608   259.00      1      0     0.00  0.00  0.00
B19250611           523020160209 650240019999    75.62      2      0     0.00  0.00  0.00
B19250611           5230201602097501298217659   243.10      2      0     0.00  0.00  0.00
B19250611           5230201602097501082242461   423.14      1      0     0.00  0.00  0.00
B19250611           5230201602097501318697409   111.57      2      0     0.00  0.00  0.00
B19250611           523020160209 650240021138    33.70      3      0     0.00  0.00  0.00
B19250611           523020160209 650240027789    51.77      7      0     0.00  0.00  0.00
B19250611           5230201602097730979095372   104.06      1      0     0.00  0.00  0.00
B19250612           5230201602097501289511421    26.68      2      0     0.00  0.00 15.00
B19250613           5230201602097501033954740    27.92      1      0     0.00  0.00 17.00
B19250613           5230201602097501033956775    27.92      2      0     0.00  0.00 17.00
B19250614           5230201602097501326004954   962.53      2      0     0.00  0.00 18.00
B19250614           5230201602097501108763475    35.98      4      0     0.00  0.00 18.00
B19250614           5230201602097501287626103   432.40      2      0     0.00  0.00 18.00
B19250614           523020160209 300090275051   327.18      2      0     0.00  0.00 18.00
B19250614           5230201602097501108762157   129.20      2      0     0.00  0.00 18.00
B19250614           5230201602097501050630160   678.23      2      0     0.00  0.00 18.00
B19250614           5230201602097501108767527    61.00      9      0     0.00  0.00 18.00
B19250614           5230201602097502216931848   585.14      2      0     0.00  0.00 18.00
B19250615           5230201602097503007704573   161.00      1      0     0.00  0.00 18.00
B19250615           5230201602097501124810917   112.41      3      0     0.00  0.00 18.00
B19250615           5230201602097501070903817   403.55      1      0     0.00  0.00 18.00
B19250615           5230201602097501125149221    26.82      2      0     0.00  0.00 18.00
B19250615           5230201602097590002012468    54.80      2      0     0.00  0.00 18.00
B19250615           523020160209 714706901607    20.22     13      0     0.00  0.00 18.00
B19250615           5230201602097501001353377    58.71      2      0     0.00  0.00 18.00
B19250615           523020160209 008400001313    42.90      6      0     0.00  0.00 18.00
B19250615           5230201602097501094910570    97.84      2      0     0.00  0.00 18.00
B19250615           5230201602097501094911485    90.13      6      0     0.00  0.00 18.00
B19250615           5230201602097501125103582    26.82      4      0     0.00  0.00 18.00
B19250615           5230201602097501124815677   110.64      2      0     0.00  0.00 18.00
B19250615           5230201602097501124817701    80.21      4      0     0.00  0.00 18.00
B19250615           523020160209 736085011937   115.72      2      0     0.00  0.00 18.00
B19250615           5230201602097501273500479   185.06      2      0     0.00  0.00 18.00
B19250615           5230201602097501124817954    36.53      3      0     0.00  0.00 18.00
B19250615           5230201602097501293200465   222.82      2      0    16.00  0.00 18.00
B19250615           523020160209 736085401530   605.23      2      0     0.00  0.00 18.00
B19250615           5230201602097501125118562    26.82      1      0     0.00  0.00 18.00
B19250615           523020160209 020800756440    42.02      3      0     0.00  0.00 18.00
B19250615           5230201602097501124816933    57.62      1      0     0.00  0.00 18.00
B19250615           5230201602097501124815226    62.06      3      0     0.00  0.00 18.00
B19250615           5230201602097501001168889    73.62      1      0     0.00  0.00 18.00
B19250615           5230201602097501001116187    80.07      3      0     0.00  0.00 18.00
B19250616           5230201602097501123014705   284.92      1      0     0.00  9.09  8.00
B19250616           5230201602097501123014743   289.19      2      0     0.00  9.09  8.00
B19250616           5230201602097501123018031   166.93      2      0     0.00  9.09  8.00
B19250617           5230201602097501390912582   273.88      1      0     0.00  0.00 10.00
B19250618           5230201602097501070635756   268.80      1      0     0.00  0.00  0.00
B19250618           5230201602097501050617055    32.91      5      0     0.00  0.00  0.00
B19250618           5230201602097501008427347    42.35     12      0     0.00  0.00  0.00
B19250618           5230201602097501072300164    44.49      1      0     0.00  0.00  0.00
B19250618           5230201602097501871720538   353.94      2      0     0.00  0.00  0.00
B19250618           5230201602097501088509766    54.20      3      0     0.00  0.00  0.00
B19250618           5230201602097501871720668   162.60      3      0     0.00  0.00  0.00
B19250618           5230201602097501082201307   302.23      5      0     0.00  0.00  0.00
B19250618           5230201602097501871720712   342.05      3      0     0.00  0.00  0.00
B19250618           523020160209 650240003967    43.13      3      0     0.00  0.00  0.00
B19250618           5230201602097501088509773    82.00      2      0     0.00  0.00  0.00
B19250618           5230201602097501088515200   198.00      1      0     0.00  0.00  0.00
B19250618           5230201602097501064560194    32.02      3      0     0.00  0.00  0.00
B19250618           5230201602097501065030405    17.41      5      0     0.00  0.00  0.00
B19250618           5230201602097501101698453   365.80      2      0     0.00  0.00  0.00
B19250618           5230201602097501098603850    47.45      1      0     0.00  0.00  0.00
B19250618           5230201602097501050617697    39.56      5      0     0.00  0.00  0.00
B19250618           5230201602097501095452116    28.62     12      0     0.00  0.00  0.00
B19250618           523020160209 650240001635   258.39      2      0     0.00  0.00  0.00
B19250618           5230201602097501303433005   215.74      2      0     0.00  0.00  0.00
B19250618           5230201602097501318609020    63.94      6      0     0.00  0.00  0.00
B19250618           5230201602097501050613460    39.02      5      0     0.00  0.00  0.00
B19250618           5230201602097501095409004    38.70     12      0     0.00  0.00  0.00
B19250618           5230201602097501095409059    38.70     21      0     0.00  0.00  0.00
B19250618           5230201602097501094913885   438.03      2      0     0.00  0.00  0.00
B19250618           5230201602097501095452147    47.70     18      0     0.00  0.00  0.00
B19250618           5230201602097501095452505    65.61      6      0     0.00  0.00  0.00
B19250618           5230201602097501037908541   161.60      2      0     0.00  0.00  0.00
B19250618           5230201602097501095476495    24.56      1      0     0.00  0.00  0.00
B19250618           5230201602097501299300367   113.72      2      0     0.00  0.00  0.00
B19250618           5230201602097501314705153   333.43      2      0     0.00  0.00  0.00
B19250618           5230201602097501299307236    36.58      3      0     0.00  0.00  0.00
B19250618           5230201602097501159580021   674.70      2      0     0.00  0.00  0.00
B19250618           5230201602097501125116810    15.37     41      0     0.00  9.09  0.00
B19250618           5230201602097501165000391   324.92      2      0     0.00  0.00  0.00
B19250618           5230201602097501034630070    88.82      3      0     0.00  0.00  0.00
B19250618           5230201602097501008485057    39.79     33      0     0.00  0.00  0.00
B19250618           5230201602097501314704149    28.68      3      0     0.00  0.00  0.00
B19250618           5230201602097501314704156    21.49      2      0     0.00  0.00  0.00
B19250618           5230201602097501299303306    99.75      2      0     0.00  0.00  0.00
B19250618           5230201602097501299303047    40.57      5      0     0.00  0.00  0.00
B19250618           5230201602097501299303085    44.56      3      0     0.00  0.00  0.00
B19250618           5230201602097501034665553    49.55      1      0     0.00  0.00  0.00
B19250618           5230201602097501092793052    66.07      5      0     0.00  0.00  0.00
B19250618           5230201602097501328979502    80.70      3      0     0.00  0.00  0.00
B19250618           5230201602097501328979885    47.69      3      0     0.00  0.00  0.00
B19250618           5230201602097501088579615    78.50      3      0     0.00  0.00  0.00
B19250618           5230201602097501034650580    76.73      3      0     0.00  0.00  0.00
B19250618           5230201602097501314704460   211.52      1      0     0.00  0.00  0.00
B19250618           5230201602097501008443033    20.06     36      0     0.00  0.00  0.00
B19250842           5230201602097501082208108   389.92      1      0     0.00  0.00  0.00
B19250842           5230201602097501082242430   243.56      2      0     0.00  0.00  0.00
B19250619           5235201602097501125104688    26.82      2      0     0.00 25.00 18.00
B19250619           5235201602097501125103582    26.82      2      0     0.00  0.00 18.00
B19250619           5235201602097590002012468    54.80      2      0     0.00  0.00 18.00
B19250619           523520160209 736085405422    69.71      2      0     0.00  0.00 18.00
B19250619           523520160209 736085105032    81.94      2      0     0.00  0.00 18.00
B19250619           523520160209 020800753067    42.02      1      0     0.00  0.00 18.00
B19250619           5235201602097501124810917   112.41      1      0     0.00  0.00 18.00
B19250619           5235201602097501001147563    16.01      8      0     0.00  0.00 18.00
B19250619           5235201602097501124812874    80.21      8      0     0.00  0.00 18.00
B19250619           5235201602097501001147587    16.01      6      0     0.00  0.00 18.00
B19250619           5235201602097501094910570    97.84      3      0     0.00  0.00 18.00
B19250619           5235201602097501125104268    26.82      2      0     0.00 25.00 18.00
B19250620           5235201602097501590211232    83.90      1      0     0.00  0.00  5.00
B19250621           5235201602097501298221403   237.61      2      0     0.00  0.00  0.00
B19250621           5235201602097501384504304   121.53      2      0     0.00  0.00  0.00
B19250621           5235201602097501095409004    38.70      1      0     0.00  0.00  0.00
B19250621           5235201602097501008427347    42.35      5      0     0.00  0.00  0.00
B19250621           5235201602097501037908572   182.46      3      0     0.00  0.00  0.00
B19250621           5235201602097501299307236    36.58      1      0     0.00  0.00  0.00
B19250621           5235201602097501300408754   234.38      2      0     0.00  0.00  0.00
B19250621           5235201602097501318609020    63.94      1      0     0.00  0.00  0.00
B19250621           5235201602097501008485057    39.79     17      0     0.00  0.00  0.00
B19250621           5235201602097501299303047    40.57      3      0     0.00  0.00  0.00
B19250621           5235201602097501299303085    44.56      3      0     0.00  0.00  0.00
B19250621           5235201602097501008496701    21.36      3      0     0.00  0.00  0.00
B19250621           5235201602097501034645067    69.13      3      0     0.00  9.09  0.00
B19250621           5235201602097501125116810    15.37     14      0     0.00  9.09  0.00
B19250621           5235201602097501034650559   107.82      2      0     0.00  0.00  0.00
B19250621           5235201602097501088505355    41.80      2      0     0.00  0.00  0.00
B19250621           5235201602097501088505126    75.00      5      0     0.00  0.00  0.00
B19250621           5235201602097501088509766    54.20      1      0     0.00  0.00  0.00
B19250621           5235201602097501088509773    82.00     13      0     0.00  0.00  0.00
B19250621           5235201602097501385491085   164.50      3      0     0.00  0.00  0.00
B19250621           5235201602097501328979502    80.70      3      0     0.00  0.00  0.00
B19250621           5235201602097501088505003    38.50      3      0     0.00  0.00  0.00
B19250621           523520160209 650240011351    60.40      3      0     0.00  0.00  0.00
B19250621           523520160209 650240010538    21.52     77      0     0.00  0.00  0.00
B19250621           5235201602097501050625395    19.72     18      0     0.00  0.00  0.00
B19250621           523520160209 650240007651    46.49      3      0     0.00  0.00  0.00
B19250621           5235201602097501082212136   937.92      2      0     0.00  0.00  0.00
B19250621           5235201602097501871720613    29.00      7      0     0.00  0.00  0.00
B19250621           5235201602097501050617079    28.61      2      0     0.00  0.00  0.00
B19250621           5235201602097501070612368   109.20     11      0     0.00  0.00  0.00
B19250621           5235201602097501050624640    56.15      1      0     0.00  0.00  0.00
B19250621           5235201602097501082242478   497.08      2      0     0.00  0.00  0.00
B19250621           5235201602097501091440094    14.02      3      0     0.00  0.00  0.00
B19250621           5235201602097501871721214   761.35      1      0     0.00  0.00  0.00
B19250621           5235201602097501300408136   295.00      3      0     0.00  0.00  0.00
B19250621           5235201602097501300407108    43.75     12      0     0.00  0.00  0.00
B19250621           5235201602097501008453780    72.37      2      0     0.00  0.00  0.00
B19250621           523520160209 650240013805    46.49      1      0     0.00  0.00  0.00
B19250621           5235201602097501298217659   243.10      1      0     0.00  0.00  0.00
B19250621           5235201602097501050633659    82.91      1      0     0.00  0.00  0.00
B19250621           5235201602097501088505416    77.80      2      0     0.00  0.00  0.00
B19250621           523520160209 650240021138    33.70      1      0     0.00  0.00  0.00
B19250621           5235201602097730979095372   104.06      1      0     0.00  0.00  0.00
B19250621           5235201602097506309839110    34.31      1      0    16.00  0.00  0.00
B19250622           5235201602097501033956775    27.92      1      0     0.00  0.00 17.00
B19250623           5235201602097501108767947   107.26      2      0     0.00  0.00 18.00
B19250623           5235201602097501108763475    35.98      2      0     0.00  0.00 18.00
B19250623           5235201602097501108767527    61.00      4      0     0.00  0.00 18.00
B19250624           523520160209 354312225027    35.52      1      0     0.00  0.00 11.00
B19250624           523520160209 354312225133    28.93      2      0     0.00  0.00 11.00
B19250624           523520160209 354312225010    20.68      3      0     0.00  0.00 11.00
B19249212           523620160209 714706901508    20.22      1      0     0.00  0.00 18.00
B19249212           523620160209 714706100604    20.22      1      0     0.00  0.00 18.00
B19249212           5236201602097501125103582    26.82      1      0     0.00  0.00 18.00
B19249212           5236201602097501094910570    97.84      1      0     0.00  0.00 18.00
B19249212           5236201602097501250829852   448.15      3      0     0.00  0.00 18.00
B19249212           5236201602097501124817954    36.53      2      0     0.00  0.00 18.00
B19249212           5236201602097501070900120   110.78      2      0     0.00  0.00 18.00
B19249213           5236201602097501033954740    27.92      1      0     0.00  0.00 17.00
B19249213           5236201602097501033956690    27.92      1      0     0.00  0.00 17.00
B19249214           5236201602097501034650535   153.30      3      0     0.00  0.00  0.00
B19249214           5236201602097501050611121    39.86      2      0     0.00  0.00  0.00
B19249214           5236201602097501050613460    39.02      1      0     0.00  0.00  0.00
B19249214           5236201602097501034650580    76.73      1      0     0.00  0.00  0.00
B19249214           5236201602097501314702657   150.59      1      0     0.00  0.00  0.00
B19249214           5236201602097501159580182   114.33      2      0     0.00  0.00  0.00
B19249214           5236201602097501299303085    44.56      1      0     0.00  0.00  0.00
B19249214           5236201602097501008433515    65.87      1      0     0.00  0.00  0.00
B19249214           5236201602097501046491874   340.77      2      0     0.00  0.00  0.00
B19249214           5236201602097501324402356   134.00      2      0     0.00  0.00  0.00
B19249214           5236201602097501050625395    19.72      2      0     0.00  0.00  0.00
B19249214           5236201602097501328979502    80.70      1      0     0.00  0.00  0.00
B19249214           5236201602097501165002890    52.97      2      0     0.00  0.00  0.00
B19249214           5236201602097501098610810   240.00      1      0     0.00  0.00  0.00
B19249214           5236201602097501046492604   645.20      1      0     0.00  0.00  0.00
B19249214           5236201602097501050617697    39.56      1      0     0.00  0.00  0.00
B19249214           5236201602097501471887495   103.86      2      0     0.00  0.00  0.00
B19249214           523620160209 650240007651    46.49      3      0     0.00  0.00  0.00
B19249214           523620160209 650240011139   215.96      2      0     0.00  0.00  0.00
B19249214           523620160209 650240019999    75.62      2      0     0.00  0.00  0.00
B19249214           5236201602097501318612655    55.76      3      0     0.00  0.00  0.00
B19249215           5236201602097501287687159   525.47      2      0     0.00  0.00 18.00
B19249215           5236201602097501287669001   137.77      1      0     0.00  0.00 18.00
B19249216           523620160209 354312225027    35.52      1      0     0.00  0.00 11.00
B19249217           5236201602097501289511421    26.68      2      0     0.00  0.00 15.00
B19250625           5237201602097501001147563    16.01      8      0     0.00  0.00 18.00
B19250625           5237201602097501124812874    80.21      7      0     0.00  0.00 18.00
B19250625           5237201602097501124815486    53.08      2      0     0.00  0.00 18.00
B19250625           5237201602097501001147587    16.01      1      0     0.00  0.00 18.00
B19250625           5237201602097501124817954    36.53      1      0     0.00  0.00 18.00
B19250625           523720160209 736085132069    47.47      1      0     0.00  0.00 18.00
B19250625           5237201602097501250829852   448.15      1      0     0.00  0.00 18.00
B19250626           523720160209 354312625018    40.74      3      0     0.00  0.00 11.00
B19250627           5237201602097501033956775    27.92      1      0     0.00  0.00 17.00
B19250628           5237201602097501583300325   442.45      2      0     0.00  0.00 18.00
B19250628           5237201602097501108767527    61.00      6      0     0.00  0.00 18.00
B19250629           5237201602097501122963707   208.84      1      0     0.00  9.09  8.00
B19250630           523720160209 650240010538    21.52     45      0     0.00  0.00  0.00
B19250630           5237201602097501318634756   160.59      2      0     0.00  0.00  0.00
B19250630           5237201602097501318645080    81.23      1      0     0.00  0.00  0.00
B19250630           5237201602097501299307236    36.58      3      0     0.00  0.00  0.00
B19250630           5237201602097501095409059    38.70      5      0     0.00  0.00  0.00
B19250630           5237201602097501008409503    88.26      2      0     0.00  0.00  0.00
B19250630           5237201602097501008427347    42.35      3      0     0.00  0.00  0.00
B19250630           5237201602097501318608900    59.48      1      0     0.00  0.00  0.00
B19250630           5237201602097501318609020    63.94      6      0     0.00  0.00  0.00
B19250630           5237201602097501070635756   268.80      1      0     0.00  0.00  0.00
B19250630           5237201602097501095409004    38.70      1      0     0.00  0.00  0.00
B19250630           5237201602097501095452116    28.62      6      0     0.00  0.00  0.00
B19250630           5237201602097501037908572   182.46      1      0     0.00  0.00  0.00
B19250630           5237201602097501125116810    15.37     18      0     0.00  9.09  0.00
B19250630           5237201602097501299303085    44.56      3      0     0.00  0.00  0.00
B19250630           5237201602097501034645067    69.13      3      0     0.00  9.09  0.00
B19250630           5237201602097501088505126    75.00      3      0     0.00  0.00  0.00
B19250630           5237201602097501088579752    74.50      3      0     0.00  0.00  0.00
B19250630           5237201602097501088509773    82.00     16      0     0.00  0.00  0.00
B19250630           5237201602097501089804099   255.96      1      0     0.00  0.00  0.00
B19250630           5237201602097501098603867    86.34      1      0     0.00  0.00  0.00
B19250630           5237201602097501050617079    28.61      4      0     0.00  0.00  0.00
B19250630           5237201602097501034650580    76.73      1      0     0.00  0.00  0.00
B19250630           5237201602097501328979502    80.70      1      0     0.00  0.00  0.00
B19250630           5237201602097501050606288    74.25      2      0     0.00  0.00  0.00
B19250630           5237201602097501050624640    56.15      2      0     0.00  0.00  0.00
B19250630           5237201602097501089802019   137.38      1      0     0.00  0.00  0.00
B19250630           5237201602097501298234601   215.18      2      0     0.00  0.00  0.00
B19250630           5237201602097501050625395    19.72     21      0     0.00  0.00  0.00
B19250630           523720160209 650240013805    46.49      3      0     0.00  0.00  0.00
B19250630           5237201602097501298217659   243.10      1      0     0.00  0.00  0.00
B19250631           5241201602097501001147563    16.01      2      0     0.00  0.00 18.00
B19250631           524120160209 008400004628   411.70      2      0     0.00  0.00 18.00
B19250631           5241201602097501125130885    16.51      1      0     0.00  0.00 18.00
B19250631           524120160209 020800753067    42.02      1      0     0.00  0.00 18.00
B19250631           5241201602097501124817701    80.21      1      0     0.00  0.00 18.00
B19250632           5241201602097501034650580    76.73      1      0     0.00  0.00  0.00
B19250632           5241201602097501008433515    65.87      2      0     0.00  0.00  0.00
B19250632           5241201602097501088509810    60.00      1      0     0.00  0.00  0.00
B19250632           5241201602097896009490651    72.08      2      0    16.00  0.00  0.00
B19250632           524120160209 650240010712    49.26      9      0     0.00  0.00  0.00
B19250632           524120160209 650240011177    76.91      3      0     0.00  0.00  0.00
B19250632           5241201602098020030053175   212.27      3      0     0.00  0.00  0.00
B19250632           524120160209 650240010538    21.52     21      0     0.00  0.00  0.00
B19250632           5241201602097501298217659   243.10      2      0     0.00  0.00  0.00
B19250632           5241201602097501125116810    15.37     14      0     0.00  9.09  0.00
B19250632           5241201602097501008485057    39.79      8      0     0.00  0.00  0.00
B19250632           5241201602097501314704187    22.94      1      0     0.00  0.00  0.00
B19250632           5241201602097501034645067    69.13      4      0     0.00  9.09  0.00
B19250633           5241201602097501289511421    26.68      2      0     0.00  0.00 15.00
B19250634           5241201602097501033954740    27.92      1      0     0.00  0.00 17.00
B19248576           5243201602097501125104268    26.82      3      0     0.00 25.00 18.00
B19248576           524320160209 736085132069    47.47      3      0     0.00  0.00 18.00
B19248576           5243201602097501094915353   107.43      2      0     0.00  0.00 18.00
B19248576           5243201602097501124818500   197.82      2      0     0.00  0.00 18.00
B19248576           524320160209 736085405668   365.39      2      0     0.00  0.00 18.00
B19248576           5243201602097501168810713   482.98      2      0     0.00  0.00 18.00
B19248576           5243201602097501125104688    26.82      1      0     0.00 25.00 18.00
B19248576           5243201602097501124817701    80.21      1      0     0.00  0.00 18.00
B19248577           5243201602097501123018031   166.93      2      0     0.00  9.09  8.00
B19248578           5243201602097501033956690    27.92      3      0     0.00  0.00 17.00
B19248578           5243201602097501033956775    27.92      2      0     0.00  0.00 17.00
B19248578           5243201602097501033954740    27.92      2      0     0.00  0.00 17.00
B19248579           5243201602097501108763468    65.40      6      0     0.00  0.00 18.00
B19248579           5243201602097501108767947   107.26      2      0     0.00  0.00 18.00
B19248580           5243201602097501125116810    15.37      1      0     0.00  9.09  0.00
B19248580           5243201602097501095452116    28.62      3      0     0.00  0.00  0.00
B19248580           5243201602097501070635756   268.80      3      0     0.00  0.00  0.00
B19248580           5243201602097501050613460    39.02      1      0     0.00  0.00  0.00
B19248580           5243201602097501299303085    44.56      1      0     0.00  0.00  0.00
B19248580           5243201602097501328979502    80.70      3      0     0.00  0.00  0.00
B19248580           5243201602097501089802026   225.50      1      0     0.00  0.00  0.00
B19248580           5243201602097501088505126    75.00      4      0     0.00  0.00  0.00
B19248580           5243201602097501088509766    54.20      1      0     0.00  0.00  0.00
B19248580           5243201602097501088509810    60.00      1      0     0.00  0.00  0.00
B19248580           524320160209 650240010538    21.52     12      0     0.00  0.00  0.00
B19248580           5243201602097501050625395    19.72      3      0     0.00  0.00  0.00
B19248580           524320160209 650240006203   129.54      2      0     0.00  0.00  0.00
B19248580           5243201602097501092776413   236.82      3      0     0.00  0.00  0.00
B19248580           524320160209 650240013805    46.49      1      0     0.00  0.00  0.00
B19248580           5243201602097501037908619   120.09      2      0     0.00  0.00  0.00
B19248580           5243201602097501318673205   156.88      1      0     0.00  0.00  0.00
N2508879            5373201602097501088505157    92.70      1      0     0.00  0.00  0.00
N2508879            5373201602097501088505447   124.50      1      0     0.00  0.00  0.00
N2508879            5373201602097501299302354   159.60      2      0     0.00  0.00  0.00
N2508879            5373201602097501318644335    49.13      1      0     0.00  0.00  0.00
N2508879            5373201602097501008493007   179.23      4      0     0.00  0.00  0.00
N2508879            5373201602097501088508929    58.70      1      0     0.00  0.00  0.00
N2508879            5373201602097501299302286   119.03      3      0     0.00  0.00  0.00
N2508879            5373201602097896009490651    72.08      2      0    16.00  0.00  0.00
N2508879            5373201602097501300408228   125.63      2      0     0.00  0.00  0.00
N2508880            5374201602097501109761944     7.68      3      0     0.00  0.00 18.00
N2508880            5374201602097501001147563    16.01      3      0     0.00  0.00 18.00
N2508880            537420160209 020800753067    42.02      2      0     0.00  0.00 18.00
N2508880            537420160209 714706901607    20.22      1      0     0.00  0.00 18.00
N2508881            5374201602097501590211232    83.90      1      0     0.00  0.00  5.00
N2508881            5374201602097501287687142   432.13      2      0     0.00  0.00 18.00
N2508881            5374201602097501108767527    61.00      2      0     0.00  0.00 18.00
N2508882            5374201602097501298281209    37.41      3      0     0.00  0.00  0.00
N2508882            5374201602097501095452116    28.62      6      0     0.00  0.00  0.00
N2508882            5374201602097501125116810    15.37      7      0     0.00  9.09  0.00
N2508882            5374201602097501299303085    44.56      1      0     0.00  0.00  0.00
N2508882            5374201602097501174600117    20.17      1      0     0.00  0.00  0.00
N2508882            5374201602097501050613453    37.50      1      0     0.00  0.00  0.00
N2508882            5374201602097896009490651    72.08      2      0    16.00  0.00  0.00
N2508882            5374201602097501300407122    51.88      8      0     0.00  0.00  0.00
N2508882            5374201602097501041941848    64.23      1      0     0.00  0.00  0.00
N2508330            5397201602097501287650627   235.59      2      0     0.00  0.00 18.00
N2508330            5397201602097501123013302   293.18      2      0     0.00 16.66 10.00
N2508330            5397201602097501249605634    82.16      3      0     0.00 23.07  5.00
N2508331            5397201602097501300409669   312.50      2      0     0.00  0.00  0.00
N2508331            539720160209 650240010712    49.26      1      0     0.00  0.00  0.00
N2508331            539720160209 650240011139   215.96      1      0     0.00  0.00  0.00
N2508331            5397201602097501318644335    49.13      2      0     0.00  0.00  0.00
N2508331            5397201602097501008409541    37.98      1      0     0.00  0.00  0.00
N2508331            5397201602097501065053138    51.37      2      0     0.00  0.00  0.00
M2225135            5447201602097501094910570    97.84      3      0     0.00  0.00 18.00
M2225135            5447201602097501070903473   220.03      2      0     0.00  0.00 18.00
M2225135            5447201602097501001147563    16.01      1      0     0.00  0.00 18.00
M2225135            5447201602097501125100123    45.25      1      0     0.00  0.00 18.00
M2225135            5447201602097501124815103    84.73      1      0     0.00  0.00 18.00
M2225135            5447201602097501070900441   167.63      1      0     0.00  0.00 18.00
M2225135            5447201602097501250829890   758.60      1      0     0.00  0.00 18.00
M2225136            5447201602097501314704965   204.35      1      0     0.00  0.00  0.00
M2225136            5447201602097501300408402   138.13      6      0     0.00  0.00  0.00
M2225136            5447201602097501318609020    63.94      3      0     0.00  0.00  0.00
M2225136            5447201602097501298221403   237.61      2      0     0.00  0.00  0.00
M2225136            5447201602097501300409584   183.75      2      0     0.00  0.00  0.00
M2225136            5447201602097501050617055    32.91      2      0     0.00  0.00  0.00
M2225136            5447201602097501046464519   134.89      2      0     0.00  0.00  0.00
M2225136            5447201602097501318657274    89.22      2      0     0.00  0.00  0.00
M2225136            5447201602097501095409059    38.70      1      0     0.00  0.00  0.00
M2225136            5447201602097501299302866   171.57      2      0     0.00  0.00  0.00
M2225136            5447201602097501008493007   179.23      2      0     0.00  0.00  0.00
M2225136            5447201602097501314704187    22.94      2      0     0.00  0.00  0.00
M2225136            5447201602097501095452116    28.62      5      0     0.00  0.00  0.00
M2225136            5447201602097501165000315    78.81      1      0     0.00  0.00  0.00
M2225136            5447201602097501159514026   145.17      2      0     0.00  0.00  0.00
M2225136            5447201602097501008485057    39.79      2      0     0.00  0.00  0.00
M2225136            5447201602097501165001688   463.95      2      0     0.00  0.00  0.00
M2225136            5447201602097501098633253   262.00      2      0     0.00  0.00  0.00
M2225136            5447201602097501088509766    54.20      3      0     0.00  0.00  0.00
M2225136            5447201602097501082212174   590.28      1      0     0.00  0.00  0.00
M2225136            5447201602097501070613440    96.61      3      0     0.00  0.00  0.00
M2225136            5447201602097501070614461   145.59      2      0     0.00  0.00  0.00
M2225136            5447201602097501050625395    19.72      3      0     0.00  0.00  0.00
M2225136            5447201602097501091440094    14.02      1      0     0.00  0.00  0.00
M2225136            5447201602097501300408136   295.00      5      0     0.00  0.00  0.00
M2225136            5447201602097501089810021    87.48      2      0     0.00  0.00  0.00
M2225136            544720160209 650240013805    46.49      8      0     0.00  0.00  0.00
M2225136            5447201602097501037907124    94.48      1      0     0.00  0.00  0.00
M2225137            5447201602097501123013340   206.28      3      0     0.00 16.66 10.00
M2225137            5447201602097501033920110    26.13      1      0     0.00  0.00 17.00
M2225137            5447201602097501287630124    99.96      1      0     0.00  0.00 18.00
M2225137            5447201602097501033954740    27.92      3      0     0.00  0.00 17.00
M2225137            5447201602097501123013302   293.18      2      0     0.00 16.66 10.00
M2225137            5447201602097501108767527    61.00      2      0     0.00  0.00 18.00
M2225137            5447201602097501033956638    26.13      2      0     0.00  0.00 17.00
M2225137            5447201602097501108767947   107.26      2      0     0.00  0.00 18.00
M2225137            5447201602097501033956775    27.92      1      0     0.00  0.00 17.00
