B18665637          37369201511023499320000208   287.23     10      0     0.00  0.00  8.00
B18665637          37369201511027501123010608   254.76     20      0     0.00  9.09  8.00
B18665637          37369201511027501123011209   459.94     10      0     0.00  9.09  8.00
B18665637          37369201511025702191008067   625.76      2      0     0.00  0.00  8.00
B18665637          37369201511027501390912766   496.10     10      0    16.00  0.00  8.00
B18665637          37369201511023499320002448   596.99     10      0     0.00  0.00  8.00
B18665637          37369201511027501122966203   171.02     10      0     0.00  9.09  8.00
B18665637          37369201511027501123014101   199.20     10      0     0.00  9.09  8.00
B18665637          37369201511027501123015405   117.12     70      0     0.00  9.09  8.00
B18665637          37369201511027501406870097    84.42      2      0    16.00  0.00  8.00
B18665637          37369201511027501123016907   334.55      5      0     0.00  9.09  8.00
B18665637          37369201511027501122963103   135.72      3      0     0.00 23.07  8.00
B18665638          37369201511027501303451573  1561.46      3      0     0.00  0.00 10.00
B18665638          37369201511027705849004013   319.20      5      0    16.00  0.00 10.00
B18665638          37369201511027501318600508  1179.68      5      0     0.00  0.00 10.00
B18665638          37369201511027501318608788  1267.59      3      0     0.00  0.00 10.00
B18665638          37369201511027501293201660   323.57     10      0     0.00  0.00 10.00
B18665638          37369201511024019338605159   323.57     20      0     0.00  0.00 10.00
B18665639          37369201511027501101615856   499.90      6      0     0.00  0.00 15.00
B18665639          37369201511027501289511292  1299.88      5      0     0.00  0.00 15.00
B18665639          37369201511027501289514460   253.51    100      0     0.00  0.00 15.00
B18665639          37369201511027501101649097   671.79     20      0     0.00  0.00 15.00
B18665640          37369201511027501092776413   236.82     10      0     0.00  0.00  0.00
B18665640          37369201511027501098605915   776.00     10      0     0.00  0.00  0.00
B18665640          37369201511027501165007338  1069.37      2      0     0.00  0.00  0.00
B18665640          37369201511027501082242386   500.20      5      0     0.00  0.00  0.00
B18665640          37369201511027501082242362   500.20      5      0     0.00  0.00  0.00
B18665640          37369201511027501037905588   489.91     20      0     0.00  0.00  0.00
B18665640          37369201511027501082242409  1487.38      5      0     0.00  0.00  0.00
B18665640          37369201511027501037965148  1146.02      2      0     0.00  0.00  0.00
B18665640          37369201511027501037965131  1134.93      3      0     0.00  0.00  0.00
B18665640          37369201511027501098606608   259.00      3      0     0.00  0.00  0.00
B18665640          37369201511027502257270067   446.82     10      0     0.00  0.00  0.00
B18665640          37369201511027502257270036   276.07     10      0     0.00  0.00  0.00
B18665640          37369201511027501037925562   305.65      3      0     0.00  0.00  0.00
B18665640          37369201511027501082242607   832.22     10      0     0.00  0.00  0.00
B18665640          37369201511027501082242454   867.52      2      0     0.00  0.00  0.00
B18665640          37369201511028020030000704   221.01      2      0     0.00  0.00  0.00
B18665640          37369201511027841141003436   255.61     70      0     0.00  0.00  0.00
B18665640          37369201511027501089803368   186.62     10      0     0.00  0.00  0.00
B18665640          37369201511027501037907636   678.22      4      0     0.00  0.00  0.00
B18665640          37369201511028027950210497   714.00      3      0     0.00  0.00  0.00
B18665640          37369201511027501300407290   120.63      3      0     0.00  0.00  0.00
B18665640          37369201511027501098608398   318.00      3      0     0.00  0.00  0.00
B18665640          37369201511028430308130031  1239.88      2      0     0.00  0.00  0.00
B18665641          37369201511027501326008402   975.88     25      0     0.00  0.00 18.00
B18665641          37369201511027501326000925   513.27     10      0     0.00  0.00 18.00
B18665641          37369201511027501326001137   888.34     40      0     0.00  0.00 18.00
B18665641          37369201511027501326001977  1187.82     35      0     0.00  0.00 18.00
B18665641          37369201511027501326000864  1035.49     50      0     0.00  0.00 18.00
B18665641          37369201511027501326000871   928.41     15      0     0.00  0.00 18.00
B18665641          37369201511027501201400833   637.76      5      0     0.00  0.00 18.00
B18665641          37369201511027502216930865   270.19      5      0     0.00  0.00 18.00
B18665641          37369201511027501326004060   486.26     15      0     0.00  0.00 18.00
B18665641          37369201511027501328977980   255.96      5      0     0.00  0.00 18.00
B18665641          37369201511027502216931220   167.38      5      0     0.00  0.00 18.00
B18665641          37369201511027501201400352   649.91      5      0     0.00  0.00 18.00
B18665641          37369201511027501201400437   458.71      3      0     0.00  0.00 18.00
B18665641          37369201511027501287688347   562.06      3      0     0.00  0.00 18.00
B18665641          37369201511027501287688361   667.51      3      0     0.00  0.00 18.00
B18665641          37369201511027501287688569  1623.79      5      0     0.00  0.00 18.00
B18665641          37369201511027501201400567   363.86     15      0     0.00  0.00 18.00
B18665641          37369201511027501201400581   655.73      5      0     0.00  0.00 18.00
B18665641          37369201511027501201490797   494.46     10      0     0.00  0.00 18.00
B18665641          3736920151102 300090286200   229.61      3      0     0.00  0.00 18.00
B18665641          3736920151102 300090050139   183.31      3      0     0.00  0.00 18.00
B18665641          37369201511027501108767916   745.47      5      0     0.00  0.00 18.00
B18665641          37369201511027501326000383   734.45      6      0     0.00  0.00 18.00
B18665641          37369201511027501201400710   329.33     20      0    16.00  0.00 18.00
B18665641          37369201511027501326003162   601.55     10      0     0.00  0.00 18.00
B18665641          37369201511027501326004947   909.98     50      0     0.00  0.00 18.00
B18665641          37369201511027501108767923  1278.70      5      0     0.00  0.00 18.00
B18665641          37369201511027501201400659   431.46     10      0    16.00  0.00 18.00
B18665641          37369201511027501326007368  1085.76     20      0     0.00  0.00 18.00
B18665641          37369201511027502224228763   554.38      5      0    16.00  0.00 18.00
B18665642          37369201511027501314701353   511.80     15      0     0.00  0.00 18.00
B18665642          37369201511027502209290075   518.34     10      0     0.00  0.00 18.00
B18665642          37369201511023282776059131   340.62      5      0    16.00  0.00 18.00
B18665642          37369201511027501088507502   334.30      5      0     0.00  9.09 18.00
B18665642          37369201511027501094917005   499.68      2      0     0.00  0.00 18.00
B18665642          37369201511027501293200946  1189.33      5      0     0.00  0.00 18.00
B18665642          37369201511027501168810713   482.98     20      0     0.00  0.00 18.00
B18665642          37369201511027501094917029   499.68      2      0     0.00  0.00 18.00
B18665642          3736920151102 736085280098   241.04      3      0     0.00  0.00 18.00
B18665642          37369201511027501094916558   289.95     10      0     0.00  0.00 18.00
B18665642          37369201511027501299307175   254.96     15      0     0.00  0.00 18.00
B18665642          37369201511027501124855208   310.00     10      0     0.00  0.00 18.00
B18665642          37369201511027501094914875  1234.99      5      0     0.00  0.00 18.00
B18665642          37369201511027501088507755   951.18      5      0     0.00  0.00 18.00
B18665642          3736920151102 736085905373   694.22     10      0     0.00  0.00 18.00
B18665642          37369201511027501168890180   334.56     10      0     0.00  0.00 18.00
B18665642          3736920151102 736085401431   501.53      5      0     0.00  0.00 18.00
B18665642          37369201511027501250810645   290.08     15      0     0.00  4.76 18.00
B18665642          37369201511027501088507601   452.84      5      0     0.00  0.00 18.00
B18665642          3736920151102 736085280005   317.61     20      0    16.00  0.00 18.00
B18665642          37369201511027501258203227   465.51      6      0     0.00  0.00 18.00
B18665642          37369201511027501258203234   697.87      6      0     0.00  0.00 18.00
B18665642          37369201511027501299307168   586.65     10      0     0.00  0.00 18.00
B18665642          37369201511027501070903695   318.40     10      0     0.00  0.00 18.00
B18665642          37369201511027502209290471   484.87      5      0     0.00  0.00 18.00
B18665642          37369201511027501088504501   272.61     30      0     0.00  0.00 18.00
B18665642          37369201511027501250838878   916.68      5      0     0.00  0.00 18.00
B18665642          37369201511027501094914103   186.33      5      0     0.00  0.00 18.00
B18665642          37369201511027501124816520   219.76      5      0     0.00  0.00 18.00
B18665642          37369201511027501094916848  1020.25     15      0     0.00  0.00 18.00
B18665642          37369201511024030571000389   318.47      5      0    16.00 16.66 18.00
B18665642          37369201511027503007704658   306.57     15      0     0.00  0.00 18.00
B18665642          37369201511027501385491085   181.86      6      0     0.00  9.09 18.00
B18665642          37369201511027501250822174   506.82      5      0     0.00  4.76 18.00
B18665642          37369201511027501273500387   206.67     15      0    16.00  0.00 18.00
B18665642          37369201511027502261160767   535.34     20      0     0.00  0.00 18.00
B18665642          37369201511027501273500417   223.15      5      0    16.00  0.00 18.00
B18665642          37369201511027501273500073   171.49     15      0    16.00  0.00 18.00
B18665642          37369201511027503000883404   669.61      5      0     0.00  2.00 18.00
B18665642          37369201511023282776432026   106.21     10      0    16.00  0.00 18.00
B18665642          37369201511027501088504822   479.93      5      0     0.00  0.00 18.00
B18665642          37369201511027501094915025   631.71      5      0     0.00  0.00 18.00
B18665642          37369201511027501250813295   934.60     30      0     0.00  0.00 18.00
B18665642          37369201511027501250838786   528.82     10      0     0.00  0.00 18.00
B18665642          37369201511027501250838212   404.97      3      0     0.00  4.76 18.00
B18665642          37369201511027501314703920   207.26      5      0     0.00  0.00 18.00
B18665642          37369201511027501250838311   946.01      5      0     0.00  4.76 18.00
B18665642          37369201511027501088504808   443.26     30      0     0.00  0.00 18.00
B18665642          37369201511027501124813192   422.80      4      0     0.00  0.00 18.00
B18665642          37369201511027501168870625   527.26     10      0     0.00  0.00 18.00
B18665643          37369201511027501298205038   411.87      5      0     0.00  0.00  0.00
B18665643          37369201511027501324403612   728.00      3      0     0.00  0.00  0.00
B18665643          37369201511027501033953057   173.89      6      0     0.00  0.00  0.00
B18665643          37369201511027501009071938  1099.47     10      0     0.00  0.00  0.00
B18665643          37369201511027501033921292   400.12      3      0     0.00  0.00  0.00
B18665643          37369201511027501033954412   720.58     15      0     0.00  0.00  0.00
B18665643          37369201511027501324402561   111.00      5      0     0.00  0.00  0.00
B18665643          37369201511027501037980165   394.15     10      0     0.00  0.00  0.00
B18665643          37369201511027501328979229   780.07     10      0     0.00  0.00  0.00
B18665643          37369201511027501409201263   205.08      3      0     0.00  0.00  0.00
B18665643          37369201511027501092793045   121.03     15      0     0.00  0.00  0.00
B18665643          37369201511027501092743064   181.21     60      0     0.00  0.00  0.00
B18665643          37369201511027501092760016   210.00     10      0     0.00  0.00  0.00
B18665643          37369201511027501089801166   295.49     10      0     0.00  0.00  0.00
B18665643          37369201511027501082242096  1255.87      4      0     0.00  0.00  0.00
B18665643          37369201511027501328979564   425.63     20      0     0.00  0.00  0.00
B18665643          37369201511027501089800015   237.17      3      0     0.00  0.00  0.00
B18665643          37369201511027501089801173   576.72     10      0     0.00  0.00  0.00
B18665643          37369201511027501092779278   271.49     10      0     0.00  0.00  0.00
B18665643          37369201511027501089800077   181.44      5      0     0.00  0.00  0.00
B18665643          37369201511027501871720507   276.70      4      0     0.00  0.00  0.00
B18665643          37369201511027501089808943   673.92     10      0     0.00  0.00  0.00
B18665643          37369201511027501089803177   171.72     20      0     0.00  0.00  0.00
B18665643          37369201511027501165001619   510.88      6      0     0.00  0.00  0.00
B18665643          37369201511027501871730315   336.77      5      0     0.00  0.00  0.00
B18665643          37369201511027501089808936   345.38     10      0     0.00  0.00  0.00
B18665643          37369201511027501871720668   157.78     10      0     0.00  0.00  0.00
B18665643          37369201511027501871720682   353.46     15      0     0.00  0.00  0.00
B18665643          37369201511027501871720590   719.62     50      0     0.00  0.00  0.00
B18665643          37369201511027501082212228   867.52      2      0     0.00  0.00  0.00
B18665643          37369201511027501082212235   969.26      2      0     0.00  0.00  0.00
B18665643          37369201511027501871720774   161.92     10      0     0.00  0.00  0.00
B18665643          37369201511027501082212297  1129.29     15      0     0.00  0.00  0.00
B18665643          37369201511027501082212136   893.24     25      0     0.00  0.00  0.00
B18665643          37369201511027501082212181   562.17      5      0     0.00  0.00  0.00
B18665643          37369201511027501098603690   223.00      6      0     0.00  0.00  0.00
B18665643          37369201511027501098611329   405.00    100      0     0.00  0.00  0.00
B18665643          37369201511027501037980189   722.26     10      0     0.00  0.00  0.00
B18665643          37369201511027501033921759   286.35      5      0     0.00  0.00  0.00
B18665643          37369201511027501089800060   310.39      6      0     0.00  0.00  0.00
B18665643          37369201511027501098633260   473.00     50      0     0.00  0.00  0.00
B18665643          37369201511027501089801180   304.56      6      0     0.00  0.00  0.00
B18665643          37369201511027501328979274   970.33      5      0     0.00  0.00  0.00
B18665643          37369201511027501082242256   466.32      6      0     0.00  0.00  0.00
B18665643          37369201511027501092777212   384.02     30      0     0.00  0.00  0.00
B18665643          37369201511027501092777229   633.27      5      0     0.00  0.00  0.00
B18665643          37369201511027501033955952   642.30      2      0     0.00  0.00  0.00
B18665643          37369201511027502216930575   143.60     10      0     0.00  0.00  0.00
B18665643          37369201511027501050625272    82.85     50      0    16.00  0.00  0.00
B18665643          37369201511027501871721214   739.30     40      0     0.00  0.00  0.00
B18665644          37369201511020008400005755   206.34      2      0     0.00  0.00 18.00
B18665644          37369201511027501088617553   634.64     10      0     0.00  0.00 18.00
B18665644          37369201511027502209290488   646.13      5      0     0.00  0.00 18.00
B18665644          37369201511027501168810508   394.42     15      0     0.00  0.00 18.00
B18665644          37369201511027501250838939   469.34     20      0     0.00  4.76 18.00
B18665644          37369201511027501088507618   570.34     10      0     0.00  0.00 18.00
B18665644          37369201511027501088507625   291.66     10      0     0.00  0.00 18.00
B18665644          37369201511027501250838946   879.19      4      0     0.00  0.00 18.00
B18665645          37370201511027501094916848  1020.25     15      0     0.00  0.00 18.00
B18665645          37370201511027501094913809   382.70     10      0     0.00  9.09 18.00
B18665645          37370201511027501250838311   946.01      5      0     0.00  4.76 18.00
B18665645          37370201511027501168810621   172.20      5      0     0.00  0.00 18.00
B18665645          37370201511027501124855208   310.00     10      0     0.00  0.00 18.00
B18665645          37370201511027501088507618   570.34      5      0     0.00  0.00 18.00
B18665645          37370201511027501094917036   987.66      2      0     0.00  0.00 18.00
B18665645          37370201511027501250838915   767.56     20      0     0.00  4.76 18.00
B18665645          37370201511027501385494192   282.40     10      0     0.00  0.00 18.00
B18665645          37370201511027501250822174   506.82      5      0     0.00  4.76 18.00
B18665645          3737020151102 736085401431   501.53     10      0     0.00  0.00 18.00
B18665645          37370201511027501273500387   206.67     10      0    16.00  0.00 18.00
B18665645          37370201511027503014492029   297.79      5      0     0.00  5.00 18.00
B18665645          37370201511028470003504546   257.00      2      0    16.00  0.00 18.00
B18665645          37370201511027501080912076   147.68     40      0    16.00  0.00 18.00
B18665645          37370201511027501088504808   443.26     30      0     0.00  0.00 18.00
B18665645          37370201511027501258203234   697.87     20      0     0.00  0.00 18.00
B18665645          37370201511027501088575396    87.42      5      0     0.00  0.00 18.00
B18665645          3737020151102 736085905373   694.22     15      0     0.00  0.00 18.00
B18665645          37370201511027503007704658   306.57     10      0     0.00  0.00 18.00
B18665645          37370201511027501168870625   527.26      5      0     0.00  0.00 18.00
B18665645          37370201511023282776129131   261.72      2      0    16.00  0.00 18.00
B18665645          37370201511027501299307168   586.65     10      0     0.00  0.00 18.00
B18665645          37370201511027501088507632   464.75      5      0     0.00  0.00 18.00
B18665645          37370201511027501250818689   363.41     30      0     0.00  4.76 18.00
B18665645          37370201511027501124103118   203.11     10      0     0.00  0.00 18.00
B18665645          37370201511027501273500073   171.49     10      0    16.00  0.00 18.00
B18665645          37370201511027501293200649   171.28      2      0     0.00  0.00 18.00
B18665645          37370201511027501314705542   406.06      1      0     0.00  0.00 18.00
B18665645          37370201511027501070903695   318.40     10      0     0.00  0.00 18.00
B18665645          37370201511027503000883404   669.61      5      0     0.00  2.00 18.00
B18665645          37370201511027501070900243   287.98      4      0     0.00  0.00 18.00
B18665645          37370201511027501314705535   744.45     10      0     0.00  0.00 18.00
B18665645          37370201511027501250839233   598.08     10      0     0.00  4.76 18.00
B18665645          37370201511024030571000389   318.47     10      0    16.00 16.66 18.00
B18665645          37370201511027501168810713   482.98     10      0     0.00  0.00 18.00
B18665645          37370201511027501168870618   440.27     10      0     0.00  0.00 18.00
B18665645          37370201511024035710006628   167.01      6      0    16.00 16.66 18.00
B18665645          37370201511027501124813994  2097.31      6      0     0.00  0.00 18.00
B18665645          3737020151102 736085126006   193.30      5      0     0.00  0.00 18.00
B18665645          37370201511027501250838939   469.34     20      0     0.00  4.76 18.00
B18665645          37370201511027501250813295   934.60     20      0     0.00  0.00 18.00
B18665645          37370201511027501088504501   272.61     20      0     0.00  0.00 18.00
B18665645          37370201511027501088507755   951.18      5      0     0.00  0.00 18.00
B18665645          37370201511027501250810645   290.08     20      0     0.00  4.76 18.00
B18665645          37370201511027501314704934   313.01     10      0     0.00  0.00 18.00
B18665645          37370201511027501088506789  1712.79      3      0     0.00  0.00 18.00
B18665645          37370201511027501124811426  1632.73      2      0     0.00  0.00 18.00
B18665645          37370201511027501314703227   287.63     10      0     0.00  0.00 18.00
B18665645          37370201511027502209290471   484.87      5      0     0.00  0.00 18.00
B18665646          37370201511027501385493850   354.58     70      0     0.00  9.09  5.00
B18665646          37370201511027501088507007   498.67      5      0     0.00  0.00  5.00
B18665647          37370201511027501092776413   236.82     30      0     0.00  0.00  0.00
B18665647          37370201511027501089803351   152.28     20      0     0.00  0.00  0.00
B18665647          37370201511027501082242607   832.22      2      0     0.00  0.00  0.00
B18665647          37370201511027501033957871   541.35     10      0     0.00  0.00  0.00
B18665647          37370201511027502209850828   132.74      2      0     0.00  0.00  0.00
B18665647          37370201511027841141003436   255.61     80      0     0.00  0.00  0.00
B18665647          37370201511027501037905588   489.91     20      0     0.00  0.00  0.00
B18665647          37370201511027501043101011   704.97      5      0     0.00  0.00  0.00
B18665647          37370201511027501098608398   318.00      5      0     0.00  0.00  0.00
B18665647          37370201511027501033957970   523.67      2      0     0.00  0.00  0.00
B18665648          37370201511025702191008074   616.95      5      0     0.00  0.00  8.00
B18665648          37370201511027501123016907   334.55      5      0     0.00  9.09  8.00
B18665648          37370201511027501122961901   260.60     10      0     0.00  9.09  8.00
B18665648          37370201511025702191009026   616.95      5      0     0.00  0.00  8.00
B18665648          37370201511027501123015405   117.12     20      0     0.00  9.09  8.00
B18665648          37370201511027501122900399   617.47      5      0     0.00 16.66  8.00
B18665649          37370201511027703332003550   189.60      2      0    16.00  0.00 10.00
B18665649          37370201511027501303443509   154.89      1      0     0.00  0.00 10.00
B18665649          37370201511027501318634732    84.55     10      0     0.00  0.00 10.00
B18665649          3737020151102 891671002277   299.87      5      0     0.00  9.09 10.00
B18665649          37370201511027501390911028   482.98      5      0     0.00  0.00 10.00
B18665649          37370201511027501390912551   266.50     10      0    16.00  0.00 10.00
B18665649          37370201511027501390910991   296.84      5      0     0.00  0.00 10.00
B18665649          37370201511027501086301041    84.78      5      0     0.00  9.09 10.00
B18665649          37370201511027502209290921   489.80      5      0     0.00  0.00 10.00
B18665650          37370201511027501101649035   500.73     18      0     0.00  0.00 15.00
B18665650          37370201511027501101649097   671.79     20      0     0.00  0.00 15.00
B18665650          37370201511027501101654985   657.67     20      0     0.00  0.00 15.00
B18665650          37370201511027501289511698   537.13      1      0    16.00  0.00 15.00
B18665650          37370201511027501101615856   499.90     20      0     0.00  0.00 15.00
B18665651          37370201511027502224228787  1345.14      3      0    16.00  0.00 18.00
B18665651          37370201511027501201400710   329.33     20      0    16.00  0.00 18.00
B18665651          37370201511027502224228763   554.38      5      0    16.00  0.00 18.00
B18665651          37370201511027501326004947   909.98     30      0     0.00  0.00 18.00
B18665651          37370201511027501228300291   405.00      5      0     0.00  0.00 18.00
B18665651          37370201511027501326001977  1187.82     80      0     0.00  0.00 18.00
B18665651          37370201511027501287688361   667.51     15      0     0.00  0.00 18.00
B18665651          37370201511027501201490797   494.46     15      0     0.00  0.00 18.00
B18665651          37370201511027501326003179   409.00      5      0     0.00  0.00 18.00
B18665651          37370201511027501326004060   486.26     10      0     0.00  0.00 18.00
B18665651          37370201511027501201401014   633.34      2      0     0.00  0.00 18.00
B18665651          37370201511027503003746188  1266.40      3      0     0.00  0.00 18.00
B18665651          37370201511027501142936286   747.33     10      0     0.00  0.00 18.00
B18665651          37370201511027501326001137   888.34     15      0     0.00  0.00 18.00
B18665651          37370201511027501287652683   584.66     10      0     0.00  0.00 18.00
B18665651          37370201511027501326000864  1035.49     30      0     0.00  0.00 18.00
B18665651          37370201511027501108767893  1279.72     10      0     0.00  0.00 18.00
B18665651          37370201511027501326004190   962.53     10      0     0.00  0.00 18.00
B18665651          37370201511027501326000925   513.27     10      0     0.00  0.00 18.00
B18665651          37370201511027501287624512  1019.05     15      0     0.00  0.00 18.00
B18665651          37370201511027501326001175   888.34      5      0     0.00  0.00 18.00
B18665651          37370201511027501287624529  1260.51     20      0     0.00  0.00 18.00
B18665651          37370201511027501326000918   655.30      5      0     0.00  0.00 18.00
B18665651          37370201511027501287613516   647.82      5      0     0.00  0.00 18.00
B18665651          37370201511027501326004176   459.72     30      0     0.00  0.00 18.00
B18665652          37370201511027501082242096  1255.87      2      0     0.00  0.00  0.00
B18665652          37370201511027501098611329   405.00     70      0     0.00  0.00  0.00
B18665652          37370201511027501082212204  1565.09      5      0     0.00  0.00  0.00
B18665652          37370201511027501082212228   867.52      3      0     0.00  0.00  0.00
B18665652          37370201511027501089804099   255.96     10      0     0.00  0.00  0.00
B18665652          37370201511027501871720750   352.60     20      0     0.00  0.00  0.00
B18665652          37370201511027501871720774   161.92     10      0     0.00  0.00  0.00
B18665652          37370201511027501082212297  1129.29     10      0     0.00  0.00  0.00
B18665652          37370201511027501092777212   384.02     20      0     0.00  0.00  0.00
B18665652          37370201511027501037980226   698.20      5      0     0.00  0.00  0.00
B18665652          37370201511027501092777229   633.27     20      0     0.00  0.00  0.00
B18665652          37370201511027501033955969  1067.11      3      0     0.00  0.00  0.00
B18665652          37370201511027501871721214   739.30     20      0     0.00  0.00  0.00
B18665652          37370201511027501324403223   510.00      2      0     0.00  0.00  0.00
B18665652          37370201511027501298234700   149.98      5      0     0.00  0.00  0.00
B18665652          37370201511027501298234809    72.36      5      0     0.00  0.00  0.00
B18665652          37370201511025034642032575   661.86      5      0     0.00  0.00  0.00
B18665652          37370201511027501298204994   553.24      5      0     0.00  0.00  0.00
B18665652          37370201511027501092760016   210.00     10      0     0.00  0.00  0.00
B18665652          37370201511027501089801166   295.49     10      0     0.00  0.00  0.00
B18665652          37370201511027501328979564   425.63     10      0     0.00  0.00  0.00
B18665652          37370201511027501082242041   332.03     10      0     0.00  0.00  0.00
B18665652          37370201511027501009071938  1099.47      2      0     0.00  0.00  0.00
B18665652          37370201511027501165001879   781.55      3      0     0.00  0.00  0.00
B18665652          37370201511023393370037385   634.65     10      0     0.00  0.00  0.00
B18665652          37370201511027501871730155  1060.64      3      0     0.00  0.00  0.00
B18665652          37370201511027501089808936   345.38     10      0     0.00  0.00  0.00
B18665652          37370201511027501089801173   576.72     15      0     0.00  0.00  0.00
B18665652          37370201511027501089802026   225.50     15      0     0.00  0.00  0.00
B18665652          37370201511027501089800077   181.44     10      0     0.00  0.00  0.00
B18665652          37370201511027501165001862  1521.98      3      0     0.00  0.00  0.00
B18665652          37370201511027501328979229   780.07     15      0     0.00  0.00  0.00
B18665652          37370201511027501328979267   619.93      5      0     0.00  0.00  0.00
B18665652          37370201511027501033952784   614.43     15      0     0.00  0.00  0.00
B18665652          37370201511027501037985085   657.78      5      0     0.00  0.00  0.00
B18665652          37370201511027501082212136   893.24     15      0     0.00  0.00  0.00
B18665652          37370201511027501082212167   562.17      5      0     0.00  0.00  0.00
B18665652          37370201511027501082212198   562.17      5      0     0.00  0.00  0.00
B18665652          37370201511027501082212037   755.40      2      0     0.00  0.00  0.00
B18665652          37370201511027501089803177   171.72     20      0     0.00  0.00  0.00
B18665652          37370201511027501871720668   157.78      5      0     0.00  0.00  0.00
B18665652          37370201511027501871720682   353.46      5      0     0.00  0.00  0.00
B18665652          37370201511027501871720590   719.62     40      0     0.00  0.00  0.00
B18665652          37370201511027501298269009   237.74      2      0     0.00  0.00  0.00
B18665652          37370201511027501298213040   380.22     10      0     0.00  0.00  0.00
B18665652          37370201511027501037980189   722.26     15      0     0.00  0.00  0.00
B18665652          37370201511027501033921759   286.35      5      0     0.00  0.00  0.00
B18665652          37370201511027501098624114   344.00      3      0     0.00  0.00  0.00
B18665652          37370201511025033439034211   250.51      3      0     0.00  0.00  0.00
B18665612          37372201511027501318600508  1179.68     13      0     0.00  0.00 10.00
B18665612          37372201511027501303443530   303.10      2      0     0.00  0.00 10.00
B18665612          37372201511027501318661530   449.60      5      0     0.00  0.00 10.00
B18665612          37372201511027503006698323   173.49     30      0    16.00  0.00 10.00
B18665613          37372201511027501289514460   253.51     90      0     0.00  0.00 15.00
B18665614          37372201511027501033920103    26.13     15      0     0.00  0.00 17.00
B18665615          37372201511027501326000864  1035.49     40      0     0.00  0.00 18.00
B18665615          37372201511027501287621009  1050.34      3      0     0.00  0.00 18.00
B18665615          37372201511027501326004060   486.26     45      0     0.00  0.00 18.00
B18665615          37372201511027501328977980   255.96     20      0     0.00  0.00 18.00
B18665615          37372201511027501287620507   482.43    150      0     0.00  0.00 18.00
B18665615          37372201511027501287613516   647.82     10      0     0.00  0.00 18.00
B18665615          37372201511027501287624512  1019.05      7      0     0.00  0.00 18.00
B18665615          37372201511027501201400659   431.46     30      0    16.00  0.00 18.00
B18665615          37372201511027501326004947   909.98     40      0     0.00  0.00 18.00
B18665615          37372201511027501326004954   962.53     10      0     0.00  0.00 18.00
B18665615          37372201511027501326001137   888.34     25      0     0.00  0.00 18.00
B18665615          37372201511027501287626103   404.11      5      0     0.00  0.00 18.00
B18665615          37372201511027501287670304   447.99     13      0     0.00  0.00 18.00
B18665615          37372201511027502224228787  1345.14     10      0    16.00  0.00 18.00
B18665615          37372201511027502216931848   508.82     10      0     0.00  0.00 18.00
B18665616          37372201511027501314701322   634.47     30      0     0.00  0.00 18.00
B18665616          37372201511027501314704958   152.27     10      0     0.00  0.00 18.00
B18665616          37372201511027501250810645   290.08     20      0     0.00  4.76 18.00
B18665616          37372201511027501124763022   353.66      7      0     0.00  0.00 18.00
B18665616          37372201511027501385494192   282.40     10      0     0.00  0.00 18.00
B18665616          37372201511027501385491085   181.86      7      0     0.00  9.09 18.00
B18665616          37372201511027501080912076   147.68     70      0    16.00  0.00 18.00
B18665616          37372201511027502209290099   278.25     10      0     0.00  0.00 18.00
B18665616          37372201511027501250813639   560.60      5      0     0.00  4.76 18.00
B18665616          37372201511027501314704828   313.01     30      0     0.00  0.00 18.00
B18665616          37372201511027501124855208   310.00     37      0     0.00  0.00 18.00
B18665616          37372201511027503008821019   154.29     20      0    16.00 16.66 18.00
B18665616          37372201511027501125100253    67.84    150      0     0.00  0.00 18.00
B18665616          3737220151102 786759213075    10.60    150      0     0.00  0.00 18.00
B18665616          37372201511027501088505126    84.74    100      0     0.00  0.00 18.00
B18665616          37372201511027501124813994  2097.31      5      0     0.00  0.00 18.00
B18665616          37372201511027501070903497   121.86     10      0     0.00  9.09 18.00
B18665616          37372201511027501088504808   443.26     45      0     0.00  0.00 18.00
B18665616          37372201511027501080912274   136.02     45      0    16.00  0.00 18.00
B18665616          37372201511027501070901059   408.50      5      0     0.00  0.00 18.00
B18665616          37372201511027501314704965   241.09     10      0     0.00  0.00 18.00
B18665616          37372201511027501124103118   203.11     30      0     0.00  0.00 18.00
B18665616          37372201511027501285600365   116.79     20      0     0.00  0.00 18.00
B18665616          3737220151102 786759213242    19.22     90      0     0.00  0.00 18.00
B18665616          37372201511027501314704569   134.44     75      0     0.00  0.00 18.00
B18665616          37372201511027501250813608   556.52      5      0     0.00  4.76 18.00
B18665616          37372201511027501125115585    56.28     65      0     0.00  0.00 18.00
B18665616          37372201511027501299307663   538.70     10      0     0.00  0.00 18.00
B18665616          37372201511027501125100857    44.82     40      0     0.00  0.00 18.00
B18665616          37372201511027501125124570   731.45     25      0     0.00  0.00 18.00
B18665616          37372201511027501385491146   105.10     20      0     0.00  0.00 18.00
B18665616          37372201511027501250813646  1016.90      7      0     0.00  0.00 18.00
B18665616          37372201511027501070903695   318.40     20      0     0.00  0.00 18.00
B18665616          3737220151102 736085280005   317.61     20      0    16.00  0.00 18.00
B18665616          37372201511027501258203234   697.87     10      0     0.00  0.00 18.00
B18665616          37372201511027501088604058   565.20     10      0     0.00  0.00 18.00
B18665616          37372201511027501124103378   209.32      7      0     0.00  0.00 18.00
B18665616          37372201511027501250813295   934.60     70      0     0.00  0.00 18.00
B18665616          37372201511027501091440117   500.25    140      0     0.00  0.00 18.00
B18665616          37372201511027501299303481   208.60     15      0     0.00  0.00 18.00
B18665616          37372201511027501299306833   202.21     20      0     0.00  0.00 18.00
B18665616          37372201511027501299307175   254.96      5      0     0.00  0.00 18.00
B18665617          37372201511027501385493850   354.58    130      0     0.00  9.09  5.00
B18665617          37372201511027501033954061    42.89     15      0    16.00  0.00  5.00
B18665617          37372201511027501033954078    42.89     60      0    16.00  0.00  5.00
B18665617          37372201511027501033956140    44.37     50      0    16.00  0.00  5.00
B18665618          37372201511027501871720590   719.62     80      0     0.00  0.00  0.00
B18665618          37372201511027501089809506   113.40     15      0     0.00  0.00  0.00
B18665618          37372201511027501871720774   161.92     20      0     0.00  0.00  0.00
B18665618          37372201511027501165001978    76.68     15      0     0.00  0.00  0.00
B18665618          37372201511027501871730339   336.77     20      0     0.00  0.00  0.00
B18665618          37372201511027501089809445   122.47     20      0     0.00  0.00  0.00
B18665618          37372201511027501871720668   157.78      7      0     0.00  0.00  0.00
B18665618          37372201511027501871720675   139.21     25      0     0.00  0.00  0.00
B18665618          37372201511027501871720682   353.46     20      0     0.00  0.00  0.00
B18665618          37372201511027501092777212   384.02     90      0     0.00  0.00  0.00
B18665618          37372201511027501324402981   862.00     10      0     0.00  0.00  0.00
B18665618          37372201511027501300409881   132.50      7      0     0.00  0.00  0.00
B18665618          37372201511027502009340147    60.59     20      0     0.00  0.00  0.00
B18665618          37372201511027501009071938  1099.47      2      0     0.00  0.00  0.00
B18665618          37372201511027501033953507   282.39      5      0     0.00  0.00  0.00
B18665618          37372201511027501033953057   173.89     20      0     0.00  0.00  0.00
B18665618          37372201511027501098611305   284.00     15      0     0.00  0.00  0.00
B18665618          37372201511027501098611329   405.00     90      0     0.00  0.00  0.00
B18665618          37372201511027501098604512   263.00      5      0     0.00  0.00  0.00
B18665618          37372201511027501098610803   183.00     10      0     0.00  0.00  0.00
B18665618          37372201511027501064550836   287.11      5      0     0.00  0.00  0.00
B18665618          37372201511027501098604383   236.00     45      0     0.00  0.00  0.00
B18665618          37372201511027501098633260   473.00     90      0     0.00  0.00  0.00
B18665618          37372201511027501165005563   107.12     10      0    16.00  0.00  0.00
B18665618          37372201511027501098605755   369.00     10      0     0.00  0.00  0.00
B18665618          37372201511027501009007425   456.27      5      0     0.00  0.00  0.00
B18665618          37372201511027501328979564   425.63     20      0     0.00  0.00  0.00
B18665618          37372201511027501328979601   949.87      5      0     0.00  0.00  0.00
B18665618          37372201511027501092743064   181.21     45      0     0.00  0.00  0.00
B18665618          37372201511027501092760016   210.00     20      0     0.00  0.00  0.00
B18665618          37372201511027501033952760   275.74     60      0     0.00  0.00  0.00
B18665618          37372201511027501037908541   161.60      7      0     0.00  0.00  0.00
B18665618          37372201511027501165000186   148.98     60      0     0.00  0.00  0.00
B18665618          37372201511027501092785019   249.90     33      0     0.00  0.00  0.00
B18665618          37372201511027501871721214   739.30     80      0     0.00  0.00  0.00
B18665618          37372201511027730979091374   160.45    150      0     0.00  0.00  0.00
B18665618          37372201511027501300407054    67.50     10      0     0.00  0.00  0.00
B18665618          37372201511027501300407009   143.13     30      0     0.00  0.00  0.00
B18665618          37372201511027501043101851   372.32     10      0     0.00  0.00  0.00
B18665619          37372201511027501188801531   143.62     12      0     0.00 15.00  8.00
B18665619          37372201511027501123011704   259.64     20      0     0.00 16.66  8.00
B18665619          37372201511027501122963707   200.81     20      0     0.00 16.66  8.00
B18664730          37373201511027501088507052  1246.27      2      0     0.00  0.00 10.00
B18665620          3737320151102 008400000774   123.41      3      0     0.00  0.00 18.00
B18665620          37373201511027501022110263   407.00     15      0     0.00  0.00 18.00
B18665620          37373201511027501088507625   291.66      2      0     0.00  0.00 18.00
B18665620          37373201511027501088507632   464.75      2      0     0.00  0.00 18.00
B18665620          37373201511027501293200649   171.28      3      0     0.00  0.00 18.00
B18665620          37373201511027501168810621   172.20      2      0     0.00  0.00 18.00
B18665620          37373201511027501168810713   482.98     10      0     0.00  0.00 18.00
B18665620          37373201511027501250813295   934.60     30      0     0.00  0.00 18.00
B18665620          37373201511027501168890180   334.56     10      0     0.00  0.00 18.00
B18665620          37373201511027501258203227   465.51      3      0     0.00  0.00 18.00
B18665620          37373201511027501070903695   318.40      5      0     0.00  0.00 18.00
B18665620          3737320151102 008400005489   408.75      3      0     0.00  0.00 18.00
B18665620          37373201511027501250810645   290.08     30      0     0.00  4.76 18.00
B18665620          37373201511027501250838212   404.97     20      0     0.00  4.76 18.00
B18665620          37373201511027501088507618   570.34      3      0     0.00  0.00 18.00
B18665620          37373201511027501070615277   352.36    100      0     0.00  9.09 18.00
B18665620          37373201511027501124855208   310.00      6      0     0.00  0.00 18.00
B18665620          37373201511027503007315021   234.36      5      0     0.00  0.00 18.00
B18665620          37373201511027503007315014   209.16      6      0     0.00  0.00 18.00
B18665620          37373201511027501299305386   397.23      2      0     0.00  0.00 18.00
B18665620          37373201511027501299307168   586.65     30      0     0.00  0.00 18.00
B18665620          37373201511027501258203234   697.87      5      0     0.00  0.00 18.00
B18665620          37373201511027501314701322   634.47      5      0     0.00  0.00 18.00
B18665620          37373201511027501250838311   946.01      5      0     0.00  4.76 18.00
B18665620          37373201511027501124810863   991.84      3      0     0.00  0.00 18.00
B18665620          3737320151102 008400004536   222.37     10      0     0.00  0.00 18.00
B18665620          37373201511027501273500073   171.49     10      0    16.00  0.00 18.00
B18665620          37373201511027501124855239   533.10     10      0     0.00  0.00 18.00
B18665620          37373201511027501088617959   461.28      2      0    16.00  0.00 18.00
B18665620          37373201511027501088504808   443.26     10      0     0.00  0.00 18.00
B18665620          37373201511027501250838786   528.82     30      0     0.00  0.00 18.00
B18665620          37373201511027501088504365   495.74      5      0     0.00  0.00 18.00
B18665620          37373201511027501088575396    87.42      5      0     0.00  0.00 18.00
B18665620          37373201511027501168810508   394.42      5      0     0.00  0.00 18.00
B18665620          37373201511027501070902384   325.67      5      0     0.00  0.00 18.00
B18665620          37373201511027502213142506   176.93      2      0     0.00  0.00 18.00
B18665620          37373201511027501088504501   272.61     15      0     0.00  0.00 18.00
B18665620          37373201511027503007704658   306.57      5      0     0.00  0.00 18.00
B18665620          37373201511027501088506727   978.38      2      0     0.00  0.00 18.00
B18665620          37373201511027502209290075   518.34     10      0     0.00  0.00 18.00
B18665620          37373201511027501250813363   535.34     10      0     0.00  0.00 18.00
B18665620          37373201511027501168810607    84.46      3      0     0.00  0.00 18.00
B18665620          37373201511027501273500417   223.15      2      0    16.00  0.00 18.00
B18665620          37373201511023282776432026   106.21      2      0    16.00  0.00 18.00
B18665620          37373201511020300651431681   362.57      2      0    16.00  0.00 18.00
B18665620          37373201511027501088507670  1025.37      5      0     0.00  0.00 18.00
B18665620          37373201511027501088507687  1875.99      5      0     0.00  0.00 18.00
B18665621          37373201511027703331157506   279.64      5      0     0.00  0.00 10.00
B18665621          37373201511027501390911035   268.14      5      0     0.00  0.00 10.00
B18665621          37373201511027502209290938   501.68      5      0     0.00  0.00 10.00
B18665621          37373201511027501390912209   232.88      2      0     0.00  0.00 10.00
B18665621          37373201511027501303433029   204.32      2      0     0.00 16.66 10.00
B18665621          37373201511027501390910991   296.84      3      0     0.00  0.00 10.00
B18665621          37373201511027501318685499  1651.88      5      0     0.00  0.00 10.00
B18665621          37373201511027501318610798   472.21      5      0     0.00  0.00 10.00
B18665621          37373201511027501318608191  1264.25      3      0     0.00  0.00 10.00
B18665622          37373201511023433422408227   260.54      3      0    16.00  0.00 14.00
B18665623          37373201511027501289514460   253.51     50      0     0.00  0.00 15.00
B18665623          37373201511027501101649097   671.79     10      0     0.00  0.00 15.00
B18665623          37373201511027501101654985   657.67     10      0     0.00  0.00 15.00
B18665623          37373201511027501101633348   209.26      1      0     0.00 10.00 15.00
B18665623          37373201511027501101612084   504.05     10      0     0.00  0.00 15.00
B18665623          37373201511027501101615856   499.90     10      0     0.00  0.00 15.00
B18665624          37373201511027501287619105   618.85     10      0     0.00  0.00 18.00
B18665624          37373201511027501326000383   734.45      5      0     0.00  0.00 18.00
B18665624          37373201511027501326004190   962.53     20      0     0.00  0.00 18.00
B18665624          37373201511027501201400659   431.46     10      0    16.00  0.00 18.00
B18665624          37373201511027501326001977  1187.82     85      0     0.00  0.00 18.00
B18665624          37373201511027501326000864  1035.49     20      0     0.00  0.00 18.00
B18665624          37373201511027501201400352   649.91      6      0     0.00  0.00 18.00
B18665624          37373201511027501201400406   469.75      5      0     0.00  0.00 18.00
B18665624          37373201511027501049721145   500.38      3      0     0.00  0.00 18.00
B18665624          37373201511027501049721176   269.55      3      0     0.00  0.00 18.00
B18665624          37373201511027501108767893  1279.72      2      0     0.00  0.00 18.00
B18665624          37373201511027502216930568   188.12      5      0     0.00  9.09 18.00
B18665624          37373201511027501326004947   909.98     50      0     0.00  0.00 18.00
B18665624          37373201511027502216931763   372.73      5      0     0.00  0.00 18.00
B18665624          37373201511027501201400833   637.76      6      0     0.00  0.00 18.00
B18665624          37373201511027501326004176   459.72     50      0     0.00  0.00 18.00
B18665624          37373201511027501201400437   458.71      3      0     0.00  0.00 18.00
B18665624          37373201511027501108712374   648.20      5      0     0.00  0.00 18.00
B18665624          37373201511027501287613516   647.82      6      0     0.00  0.00 18.00
B18665624          37373201511023700039500034   451.91      5      0     0.00  0.00 18.00
B18665624          37373201511027501326001137   888.34     10      0     0.00  0.00 18.00
B18665624          37373201511027501326003568   533.94     10      0     0.00  0.00 18.00
B18665624          37373201511027501328977980   255.96      5      0     0.00  0.00 18.00
B18665624          37373201511027501201400567   363.86     10      0     0.00  0.00 18.00
B18665624          37373201511027501201490797   494.46     15      0     0.00  0.00 18.00
B18665624          37373201511027501287613509   386.06      5      0     0.00 16.66 18.00
B18665624          37373201511027501326008402   975.88     20      0     0.00  0.00 18.00
B18665624          37373201511027501201400710   329.33     30      0    16.00  0.00 18.00
B18665624          37373201511027501108767923  1278.70      3      0     0.00  0.00 18.00
B18665624          37373201511027501326001151   888.34      5      0     0.00  0.00 18.00
B18665624          37373201511027501287652683   584.66      5      0     0.00  0.00 18.00
B18665624          37373201511027501049721114   321.98      3      0     0.00  0.00 18.00
B18665625          37373201511027501089808936   345.38      5      0     0.00  0.00  0.00
B18665625          37373201511027501089803160    90.07      5      0     0.00  0.00  0.00
B18665625          37373201511027501089803177   171.72     10      0     0.00  0.00  0.00
B18665625          37373201511027501871720668   157.78      5      0     0.00  0.00  0.00
B18665625          37373201511027501871720675   139.21      5      0     0.00  0.00  0.00
B18665625          37373201511027501871720682   353.46     10      0     0.00  0.00  0.00
B18665625          37373201511027501871720590   719.62     40      0     0.00  0.00  0.00
B18665625          37373201511027501082212136   893.24     20      0     0.00  0.00  0.00
B18665625          37373201511027501082212198   562.17      2      0     0.00  0.00  0.00
B18665625          37373201511027501082212228   867.52      5      0     0.00  0.00  0.00
B18665625          37373201511027501871720774   161.92     10      0     0.00  0.00  0.00
B18665625          37373201511027501082212297  1129.29      5      0     0.00  0.00  0.00
B18665625          37373201511027501098610810   240.00     10      0     0.00  0.00  0.00
B18665625          37373201511027501098611329   405.00    100      0     0.00  0.00  0.00
B18665625          37373201511027501098610803   183.00     10      0     0.00  0.00  0.00
B18665625          37373201511027501037980189   722.26      5      0     0.00  0.00  0.00
B18665625          37373201511027501082224214   969.30     40      0     0.00  0.00  0.00
B18665625          37373201511027501285600334   120.50      3      0     0.00  0.00  0.00
B18665625          37373201511023594456400103   341.00     70      0     0.00  0.00  0.00
B18665625          37373201511028430308624516   221.81      5      0     0.00  0.00  0.00
B18665625          37373201511027501298209067   282.18      5      0     0.00  0.00  0.00
B18665625          37373201511027501009071938  1099.47     25      0     0.00  0.00  0.00
B18665625          37373201511027501033952784   614.43      5      0     0.00  0.00  0.00
B18665625          37373201511027501033923234   281.70      3      0     0.00  0.00  0.00
B18665625          37373201511027501033954412   720.58     20      0     0.00  0.00  0.00
B18665625          37373201511027501098633260   473.00     50      0     0.00  0.00  0.00
B18665625          37373201511027501082242256   466.32     10      0     0.00  0.00  0.00
B18665625          37373201511027501092777212   384.02     15      0     0.00  0.00  0.00
B18665625          37373201511027501050625272    82.85     30      0    16.00  0.00  0.00
B18665625          37373201511027501871721214   739.30     40      0     0.00  0.00  0.00
B18665625          37373201511027501098605915   776.00      3      0     0.00  0.00  0.00
B18665625          37373201511027501037980226   698.20     10      0     0.00  0.00  0.00
B18665625          37373201511027501092776413   236.82     10      0     0.00  0.00  0.00
B18665625          37373201511027501037905588   489.91     20      0     0.00  0.00  0.00
B18665625          37373201511027501324402516   356.00      5      0     0.00  0.00  0.00
B18665625          37373201511027501033920356   614.57      5      0     0.00  0.00  0.00
B18665625          37373201511027501409201270   325.98     10      0     0.00  0.00  0.00
B18665625          37373201511027501082242041   332.03     10      0     0.00  0.00  0.00
B18665625          37373201511027501089800077   181.44      5      0     0.00  0.00  0.00
B18665625          37373201511027501089800268   198.94      3      0     0.00  0.00  0.00
B18665625          37373201511027501089800664   486.00      6      0     0.00  0.00  0.00
B18665625          37373201511027501089802071   231.98     10      0     0.00  0.00  0.00
B18665625          37373201511023393370037408   677.23      5      0     0.00  0.00  0.00
B18665625          37373201511027501037908671   714.88     10      0     0.00  0.00  0.00
B18665625          37373201511027502257270067   446.82      6      0     0.00  0.00  0.00
B18665625          37373201511027501037925579   771.26      3      0     0.00  0.00  0.00
B18665625          37373201511028020030091252   419.76      3      0     0.00  0.00  0.00
B18665625          37373201511028430308015901   480.27      5      0     0.00  0.00  0.00
B18665625          37373201511027501082242607   832.22     40      0     0.00  0.00  0.00
B18665625          37373201511027841141003436   255.61     80      0     0.00  0.00  0.00
B18665626          37373201511027501122969808   113.17     10      0     0.00  9.09  8.00
B18665626          37373201511027501122961901   260.60      6      0     0.00  9.09  8.00
B18665626          37373201511027501123014101   199.20      5      0     0.00  9.09  8.00
B18665627          37373201511027501098608398   318.00      3      0     0.00  0.00  0.00
B18665627          37373201511028901120004386   166.63      5      0     0.00  0.00  0.00
B18665627          37373201511023401053831356    59.66     10      0    16.00  0.00  0.00
B18665627          3737320151102 650240027789    50.92     10      0     0.00  0.00  0.00
B18665628          37374201511027501250818689   363.41     40      0     0.00  4.76 18.00
B18665628          37374201511027501094916671   949.22      8      0     0.00  0.00 18.00
B18665628          37374201511027501314705535   744.45      8      0     0.00  0.00 18.00
B18665628          37374201511027501094916688   955.07      5      0     0.00  0.00 18.00
B18665628          37374201511027501094913304   803.83      5      0     0.00  0.00 18.00
B18665628          37374201511027501094915223   821.38      5      0     0.00  0.00 18.00
B18665628          37374201511027501070615277   352.36     40      0     0.00  9.09 18.00
B18665628          3737420151102 736085905373   694.22      8      0     0.00  0.00 18.00
B18665628          3737420151102 008400004628   411.70      4      0     0.00  0.00 18.00
B18665628          37374201511027501250813530   748.01     30      0     0.00  4.76 18.00
B18665628          37374201511027501094915230  1491.51      3      0     0.00  0.00 18.00
B18665628          37374201511027501250838786   528.82     30      0     0.00  0.00 18.00
B18665628          37374201511027501314701360   668.31      8      0     0.00  0.00 18.00
B18665628          37374201511028470002456938   976.00      3      0    16.00  0.00 18.00
B18665628          37374201511027501094917012   987.66      2      0     0.00  0.00 18.00
B18665628          3737420151102 736085011937   115.72      2      0     0.00  0.00 18.00
B18665628          37374201511027501250810645   290.08     25      0     0.00  4.76 18.00
B18665628          37374201511027502209290488   646.13      8      0     0.00  0.00 18.00
B18665628          3737420151102 008400004611   396.39      4      0     0.00 16.66 18.00
B18665628          37374201511027501299307168   586.65     25      0     0.00  0.00 18.00
B18665628          37374201511027501314701353   511.80      8      0     0.00  0.00 18.00
B18665628          37374201511027501094914875  1234.99      3      0     0.00  0.00 18.00
B18665628          37374201511027503007704658   306.57     25      0     0.00  0.00 18.00
B18665628          37374201511027501250813363   535.34     15      0     0.00  0.00 18.00
B18665628          37374201511027501088617959   461.28      8      0    16.00  0.00 18.00
B18665628          37374201511027501168890180   334.56     15      0     0.00  0.00 18.00
B18665628          37374201511027501168810508   394.42      8      0     0.00  0.00 18.00
B18665628          37374201511027501088617058   565.20      5      0     0.00  0.00 18.00
B18665628          37374201511027501094913298   421.97      5      0     0.00  0.00 18.00
B18665628          3737420151102 736085405668   365.39      5      0     0.00  0.00 18.00
B18665628          37374201511027501070902384   325.67     15      0     0.00  0.00 18.00
B18665628          37374201511027501070903695   318.40     15      0     0.00  0.00 18.00
B18665628          37374201511027501124855208   310.00     12      0     0.00  0.00 18.00
B18665628          37374201511027501314703227   287.63      8      0     0.00  0.00 18.00
B18665628          3737420151102 736085280005   317.61     15      0    16.00  0.00 18.00
B18665628          37374201511027501168890166   244.36      8      0     0.00  0.00 18.00
B18665628          37374201511027501088504501   272.61     15      0     0.00  0.00 18.00
B18665628          37374201511027501273500509   239.64      8      0    16.00  0.00 18.00
B18665628          37374201511027501094913809   382.70      5      0     0.00  9.09 18.00
B18665628          37374201511027501094916558   289.95      5      0     0.00  0.00 18.00
B18665628          37374201511027501088507908   172.44      8      0     0.00  0.00 18.00
B18665628          3737420151102 736085126006   193.30     15      0     0.00  0.00 18.00
B18665628          37374201511027501273500073   171.49     10      0    16.00  0.00 18.00
B18665628          37374201511027501250838311   946.01     10      0     0.00  4.76 18.00
B18665628          37374201511027501314704552   118.14     10      0     0.00  0.00 18.00
B18665628          37374201511027501088504808   443.26     40      0     0.00  0.00 18.00
B18665628          37374201511027502209290082   456.82      4      0     0.00  0.00 18.00
B18665628          37374201511027503007704580   163.72      5      0     0.00  0.00 18.00
B18665628          37374201511027503007704573   152.81      5      0     0.00  0.00 18.00
B18665629          37374201511027501390910977   205.00      4      0     0.00  0.00  5.00
B18665629          37374201511027501385493850   354.58     40      0     0.00  9.09  5.00
B18665630          37374201511028020030000704   221.01      3      0     0.00  0.00  0.00
B18665630          37374201511027501037905588   489.91     25      0     0.00  0.00  0.00
B18665630          37374201511027501037908671   714.88      8      0     0.00  0.00  0.00
B18665630          37374201511027841141003436   255.61     60      0     0.00  0.00  0.00
B18665630          37374201511027501300408945   273.75      8      0     0.00  0.00  0.00
B18665630          37374201511028020030053090   205.91      5      0     0.00  0.00  0.00
B18665630          37374201511027502257270067   446.82      8      0     0.00  0.00  0.00
B18665630          37374201511027501361693038   490.42      5      0     0.00  0.00  0.00
B18665630          37374201511027501361693069   959.42      4      0     0.00  0.00  0.00
B18665630          37374201511027501361693021   588.92      5      0     0.00  0.00  0.00
B18665631          37374201511023499320002448   596.99      5      0     0.00  0.00  8.00
B18665631          37374201511027501122960317   276.17      5      0     0.00  9.09  8.00
B18665631          37374201511027501123011704   259.64      5      0     0.00 16.66  8.00
B18665631          37374201511027501122966203   171.02     15      0     0.00  9.09  8.00
B18665631          37374201511027501123016907   334.55      5      0     0.00  9.09  8.00
B18665631          37374201511027501122961901   260.60      8      0     0.00  9.09  8.00
B18665631          37374201511023499320002868   353.70      4      0     0.00  0.00  8.00
B18665631          37374201511025702191008098   205.65      4      0     0.00  0.00  8.00
B18665632          37374201511027501303443530   303.10      5      0     0.00  0.00 10.00
B18665632          37374201511027703281007616   552.00      5      0    16.00  0.00 10.00
B18665632          37374201511027703281009511   431.20      4      0    16.00  0.00 10.00
B18665632          37374201511027703331157506   279.64      5      0     0.00  0.00 10.00
B18665632          37374201511027501390912209   232.88      4      0     0.00  0.00 10.00
B18665632          37374201511027705849004013   319.20      5      0    16.00  0.00 10.00
B18665632          37374201511027896116861566   279.64      5      0     0.00  0.00 10.00
B18665632          3737420151102 891671002277   299.87      8      0     0.00  9.09 10.00
B18665632          37374201511027502209290921   489.80     10      0     0.00  0.00 10.00
B18665632          37374201511024019338605159   323.57      5      0     0.00  0.00 10.00
B18665633          37374201511027506334400026   228.00      8      0     0.00  0.00 12.00
B18665634          37374201511027501101615856   499.90     40      0     0.00  0.00 15.00
B18665634          37374201511027501289514460   253.51     40      0     0.00  0.00 15.00
B18665634          37374201511027501101649097   671.79     25      0     0.00  0.00 15.00
B18665634          37374201511027503006916724   423.12      5      0     0.00  0.00 15.00
B18665634          37374201511027501101606236   480.80      8      0     0.00  0.00 15.00
B18665635          37374201511027501201490797   494.46     10      0     0.00  0.00 18.00
B18665635          37374201511027501326000383   734.45     15      0     0.00  0.00 18.00
B18665635          37374201511027501326003162   601.55      5      0     0.00  0.00 18.00
B18665635          37374201511027501108712374   648.20      3      0     0.00  0.00 18.00
B18665635          37374201511027501287619105   618.85      8      0     0.00  0.00 18.00
B18665635          37374201511027501326008402   975.88     30      0     0.00  0.00 18.00
B18665635          37374201511027501142936286   747.33      8      0     0.00  0.00 18.00
B18665635          37374201511027501326001137   888.34     25      0     0.00  0.00 18.00
B18665635          37374201511027501326001977  1187.82      8      0     0.00  0.00 18.00
B18665635          37374201511027501326000864  1035.49     15      0     0.00  0.00 18.00
B18665635          37374201511027501287613516   647.82      8      0     0.00  0.00 18.00
B18665635          37374201511027501050600873   544.79      8      0     0.00  0.00 18.00
B18665635          37374201511027501201400635   751.62      8      0     0.00  0.00 18.00
B18665635          37374201511027501326004060   486.26     10      0     0.00  0.00 18.00
B18665635          37374201511027501326004176   459.72     71      0     0.00  0.00 18.00
B18665635          37374201511027501165001220   275.97      5      0     0.00  0.00 18.00
B18665635          37374201511027501201400659   431.46     30      0    16.00  0.00 18.00
B18665635          37374201511027501165001237   465.85      5      0     0.00  0.00 18.00
B18665635          37374201511027501287652683   584.66      8      0     0.00  0.00 18.00
B18665635          37374201511027501287624529  1260.51     25      0     0.00  0.00 18.00
B18665636          37374201511028430308624516   221.81      8      0     0.00  0.00  0.00
B18665636          37374201511027501324402868   422.00      5      0     0.00  0.00  0.00
B18665636          37374201511027501298204987   340.05      5      0     0.00  0.00  0.00
B18665636          37374201511027501298234700   149.98     10      0     0.00  0.00  0.00
B18665636          37374201511027501009071457   471.68      8      0     0.00  0.00  0.00
B18665636          37374201511027501009071471   137.35     10      0     0.00  0.00  0.00
B18665636          37374201511027501033952784   614.43      5      0     0.00  0.00  0.00
B18665636          37374201511027501043166522   705.24     10      0     0.00  0.00  0.00
B18665636          37374201511027501009071938  1099.47      3      0     0.00  0.00  0.00
B18665636          37374201511027501089802033   234.58      5      0     0.00  0.00  0.00
B18665636          37374201511027501089802057   236.52      5      0     0.00  0.00  0.00
B18665636          37374201511027501089800664   486.00      8      0     0.00  0.00  0.00
B18665636          37374201511027501089808936   345.38      5      0     0.00  0.00  0.00
B18665636          37374201511027501089803160    90.07     10      0     0.00  0.00  0.00
B18665636          37374201511027501089803177   171.72     25      0     0.00  0.00  0.00
B18665636          37374201511027501089802071   231.98     10      0     0.00  0.00  0.00
B18665636          37374201511023594456400103   341.00     40      0     0.00  0.00  0.00
B18665636          37374201511027501165001619   510.88      4      0     0.00  0.00  0.00
B18665636          37374201511027501298205038   411.87      5      0     0.00  0.00  0.00
B18665636          37374201511027501298209067   282.18      8      0     0.00  0.00  0.00
B18665636          37374201511027501082212181   562.17      5      0     0.00  0.00  0.00
B18665636          37374201511027501082212228   867.52      8      0     0.00  0.00  0.00
B18665636          37374201511027501871720590   719.62     60      0     0.00  0.00  0.00
B18665636          37374201511027501082212136   893.24     25      0     0.00  0.00  0.00
B18665636          37374201511027501037980189   722.26      8      0     0.00  0.00  0.00
B18665636          37374201511027501082224214   969.30      8      0     0.00  0.00  0.00
B18665636          37374201511027501098624114   344.00      4      0     0.00  0.00  0.00
B18665636          37374201511027501089803184   277.34      8      0     0.00  0.00  0.00
B18665636          37374201511027501871720774   161.92     10      0     0.00  0.00  0.00
B18665636          37374201511027501082212280   641.46     10      0     0.00  0.00  0.00
B18665636          37374201511027501098611329   405.00     60      0     0.00  0.00  0.00
B18665636          37374201511027501092773511   283.92      8      0     0.00  0.00  0.00
B18665636          37374201511027501328979564   425.63      5      0     0.00  0.00  0.00
B18665636          37374201511027501033923234   281.70      8      0     0.00  0.00  0.00
B18665636          37374201511027501328979656   705.84      5      0     0.00  0.00  0.00
B18665636          37374201511027501037950526   456.95     15      0     0.00  0.00  0.00
B18665636          37374201511027501033954412   720.58     15      0     0.00  0.00  0.00
B18665636          37374201511027501324402516   356.00      8      0     0.00  0.00  0.00
B18665636          37374201511027501328979229   780.07     20      0     0.00  0.00  0.00
B18665636          37374201511027501082242041   332.03     10      0     0.00  0.00  0.00
B18665636          37374201511027501871720668   157.78      8      0     0.00  0.00  0.00
B18665636          37374201511027501871720682   353.46     15      0     0.00  0.00  0.00
B18665636          37374201511027501871721214   739.30     60      0     0.00  0.00  0.00
B18665636          37374201511027501037980226   698.20      8      0     0.00  0.00  0.00
B18665636          37374201511027501022101681   118.47     10      0     0.00  6.00  0.00
B18665636          37374201511027501098633260   473.00     40      0     0.00  0.00  0.00
B18665636          37374201511027501092777212   384.02     25      0     0.00  0.00  0.00
B18665636          37374201511027502216930575   143.60      8      0     0.00  0.00  0.00
B18665636          37374201511027501050625272    82.85     40      0    16.00  0.00  0.00
B18665636          37374201511027501092776413   236.82     10      0     0.00  0.00  0.00
