B19578012           2766201604047501082242256   484.97      1      0     0.00  0.00  0.00
B19578012           2766201604047501037920161   778.69      1      0     0.00  0.00  0.00
B19578012           2766201604047501082242461   423.14      1      0     0.00  0.00  0.00
B19578012           2766201604047501037907643   677.45      1      0     0.00  0.00  0.00
B19578012           2766201604047501050612364   296.07      1      0     0.00  0.00  0.00
B19578012           2766201604047501098605212   605.00      1      0     0.00  0.00  0.00
B19578012           2766201604045000455019966   850.00      1      0     0.00  0.00  0.00
B19578012           2766201604047501061019008   197.32      1      0     0.00  0.00  0.00
B19578012           2766201604047501385410055   176.40      1      0     0.00  0.00  0.00
B19578012           2766201604047501082242409  1576.64      1      0     0.00  0.00  0.00
B19578012           2766201604047501092773511   283.92      1      0     0.00  0.00  0.00
B19578013           276620160404 736085278453   129.53      1      0     0.00  0.00 18.00
B19578013           2766201604047501088615009   457.67      1      0     0.00  0.00 18.00
B19578013           2766201604047501070903695   332.73      1      0     0.00  0.00 18.00
B19578014           2766201604047501050617161   611.01      1      0     0.00  0.00 18.00
B19578014           2766201604047501050617208   675.70      1      0     0.00  0.00 18.00
B19578014           2766201604047501050617611   884.75      1      0     0.00  0.00 18.00
B19578014           2766201604047501050631983   485.25      1      0     0.00  0.00 18.00
B19578014           2766201604047501050632003   485.25      1      0     0.00  0.00 18.00
B19578015           2766201604047503006916731   391.72      1      0     0.00  0.00 15.00
