B18918696           525720151211 736085400892   333.22      3      0     0.00  0.00 18.00
B18918696           5257201512117501088579707    91.63    100      0     0.00  0.00 18.00
B18918696           5257201512117501125109928   103.11     15      0     0.00  0.00 18.00
B18918696           5257201512117501299307380   235.78      3      0     0.00  0.00 18.00
B18918696           5257201512117501091440100   143.92      2      0     0.00  0.00 18.00
B18918696           5257201512117502213146665   234.99      2      0     0.00  0.00 18.00
B18918696           5257201512117501299307236    43.96     70      0     0.00  0.00 18.00
B18918696           5257201512117501125135125   227.87      5      0     0.00  0.00 18.00
B18918697           5257201512117501123014101   199.20      2      0     0.00  9.09  8.00
B18918697           5257201512117501123014521   191.48      2      0     0.00  0.00  8.00
B18918698           5257201512117501008433515    60.43      2      0     0.00  0.00  0.00
B18918698           5257201512117501037908084    65.89     30      0     0.00  9.09  0.00
B18918698           5257201512117501298281308    70.04      2      0     0.00  0.00  0.00
B18918698           5257201512117501070635718    83.57      3      0     0.00  0.00  0.00
B18918698           5257201512117501095409004    37.29     10      0     0.00  0.00  0.00
B18918698           5257201512117501095452505    63.21     20      0     0.00  0.00  0.00
B18918698           5257201512117501165000230    52.82      5      0     0.00  0.00  0.00
B18918698           5257201512117501298217130   225.08      4      0     0.00  0.00  0.00
