B19215963           2766201602047501050614641    36.95      1      0     0.00  0.00  0.00
B19215963           2766201602047501125116810    15.37      2      0     0.00  0.00  0.00
B19215963           2766201602047501008433676    28.53      3      0     0.00  0.00  0.00
B19215963           2766201602047501089810038   129.60      2      0     0.00  0.00  0.00
B19215963           2766201602047501050610018   136.97      1      0     0.00  0.00  0.00
B19215963           2766201602047501050617697    39.56      1      0     0.00  0.00  0.00
B19215964           2766201602047501070901059   408.50      1      0     0.00  0.00 18.00
B19215964           2766201602047501001248062   494.37      5      0     0.00  0.00 18.00
B19215965           2766201602047501009070450   493.92      4      0     0.00  0.00  0.00
B19220990           5257201602047501299307236    36.58    100      0     0.00  0.00  0.00
B19220990           5257201602047501318608900    59.48     30      0     0.00  0.00  0.00
B19220990           5257201602047501318609020    63.94     30      0     0.00  0.00  0.00
B19220990           5257201602047501299300763   103.74     30      0     0.00  0.00  0.00
B19220990           5257201602047501070635718    83.57      5      0     0.00  0.00  0.00
B19220990           5257201602047501299300787   106.40     60      0     0.00  0.00  0.00
B19220990           5257201602047501299300909    99.08     40      0     0.00  0.00  0.00
B19220990           5257201602047501050613460    39.02     20      0     0.00  0.00  0.00
B19220990           5257201602047501070634810   203.08      6      0     0.00  0.00  0.00
B19220990           5257201602047501008465677    52.59     20      0     0.00  0.00  0.00
B19220990           5257201602047501299301159    93.76    100      0     0.00  0.00  0.00
B19220990           5257201602047501034645067    69.13     30      0     0.00  9.09  0.00
B19220990           5257201602047501299301579   242.06     30      0     0.00  0.00  0.00
B19220990           5257201602047501299303481   180.88      2      0     0.00  0.00  0.00
B19220990           5257201602047501072340030   141.58      1      0     0.00  0.00  0.00
B19220990           5257201602047501385420238   137.20      2      0     0.00  0.00  0.00
B19220990           5257201602047501165002890    52.97      5      0     0.00  0.00  0.00
B19220990           5257201602047501088575396    77.60     30      0     0.00  0.00  0.00
B19220990           525720160204 041388284316   110.58     10      0     0.00  0.00  0.00
B19220990           5257201602047501098604710   546.00      2      0     0.00  0.00  0.00
B19220990           5257201602047501050610018   136.97     30      0     0.00  0.00  0.00
B19220990           5257201602047501070612368   103.68     40      0     0.00  0.00  0.00
B19220990           5257201602047501046491874   340.77      2      0     0.00  0.00  0.00
B19220990           5257201602047501089809490    79.70     10      0     0.00  0.00  0.00
B19220990           5257201602047501299308073   171.57     50      0     0.00  0.00  0.00
B19220990           5257201602047501037908084    65.89     20      0     0.00  9.09  0.00
B19220991           5257201602047501125118333   343.63     30      0     0.00 14.28 18.00
B19220991           5257201602047501293200069   124.77     30      0     0.00  0.00 18.00
B19220991           5257201602047501094916251   457.90      1      0     0.00  0.00 18.00
B19220991           5257201602047501125109928   103.11     15      0     0.00  0.00 18.00
B19220992           5257201602047501287650627   235.59      4      0     0.00  0.00 18.00
