B18677536           2766201511047501299307236    43.96      1      0     0.00  0.00 18.00
B18677536           2766201511047501314703623   477.96      2      0     0.00  0.00 18.00
B18677536           2766201511047501088507601   452.84      2      0     0.00  0.00 18.00
B18677536           2766201511047501094913304   803.83      3      0     0.00  0.00 18.00
B18677536           2766201511047501250810621   883.79      2      0     0.00  0.00 18.00
B18677536           2766201511047501250813295   934.60      3      0     0.00  0.00 18.00
B18677536           2766201511047501250818689   363.41      1      0     0.00  4.76 18.00
B18677536           2766201511047501293200649   171.28      2      0     0.00  0.00 18.00
B18677536           2766201511047501299305386   397.23      2      0     0.00  0.00 18.00
B18677536           2766201511047501299307168   586.65      1      0     0.00  0.00 18.00
B18677537           2766201511047501303458503   181.28      4      0     0.00  0.00  0.00
B18677537           2766201511047501318612655    55.76      1      0     0.00  0.00  0.00
B18677538           2766201511045034642032575   661.86      3      0     0.00  0.00  0.00
B18677538           2766201511047501092774761   118.41      1      0     0.00  0.00  0.00
B18677538           2766201511043594456400103   341.00      2      0     0.00  0.00  0.00
B18677538           2766201511047501089808943   673.92      4      0     0.00  0.00  0.00
B18677538           2766201511047501871720590   719.62      3      0     0.00  0.00  0.00
B18677538           2766201511047501082212136   893.24      1      0     0.00  0.00  0.00
B18677538           2766201511047501098633253   262.00      1      0     0.00  0.00  0.00
B18677538           2766201511047501082224214   969.30      1      0     0.00  0.00  0.00
B18677538           2766201511047501037946215   431.83      1      0     0.00  0.00  0.00
B18677538           2766201511047501082242256   466.32      6      0     0.00  0.00  0.00
B18677538           2766201511047841141003436   255.61      1      0     0.00  0.00  0.00
B18677538           2766201511047501361692987   617.05      1      0     0.00  0.00  0.00
B18677538           2766201511047502216930575   143.60      1      0     0.00  0.00  0.00
B18677538           2766201511047501871721214   739.30      1      0     0.00  0.00  0.00
B18677538           2766201511047501037935202   432.62      2      0     0.00  0.00  0.00
B18677538           2766201511047501033957871   541.35      1      0     0.00  0.00  0.00
B18677539           2766201511047501122900399   617.47      2      0     0.00 16.66  8.00
B18677540           2766201511047501101649097   671.79      1      0     0.00  0.00 15.00
B18677541           2766201511047501326007368  1085.76      1      0     0.00  0.00 18.00
B18677541           2766201511047501050615112   809.07      2      0     0.00  0.00 18.00
B18677541           2766201511047501326008402   975.88      2      0     0.00  0.00 18.00
B18677541           2766201511047501326000925   513.27      8      0     0.00  0.00 18.00
B18677541           2766201511047501326001137   888.34      3      0     0.00  0.00 18.00
B18677541           2766201511047501287652683   584.66      2      0     0.00  0.00 18.00
B18677541           2766201511047503003746119   668.00      1      0     0.00  0.00 18.00
B18677541           2766201511047501108767893  1279.72      2      0     0.00  0.00 18.00
B18677541           2766201511047501287640925  1028.33      1      0     0.00  0.00 18.00
B18677541           2766201511047501287640901  1028.33      1      0     0.00  0.00 18.00
B18677612           2766201511047501122963707   200.81      2      0     0.00 16.66  8.00
B18677613           2766201511047501326001137   888.34      1      0     0.00  0.00 18.00
B18677613           2766201511047501287678034   164.85      1      0     0.00  0.00 18.00
B18677613           2766201511047501049721145   500.38      1      0     0.00  0.00 18.00
B18677613           2766201511047502216931701   606.88      1      0     0.00  0.00 18.00
B18677614           2766201511047501043166522   705.24      1      0     0.00  0.00  0.00
B18677614           2766201511047501328979601   949.87      1      0     0.00  0.00  0.00
B18677614           2766201511047501165006683   310.14      1      0     0.00  0.00  0.00
B18677614           2766201511043594456400103   341.00      2      0     0.00  0.00  0.00
B18677614           2766201511047501098611329   405.00      2      0     0.00  0.00  0.00
B18677615           2766201511047501289514460   253.51      1      0     0.00  0.00 15.00
B18677616           2766201511047501250813295   934.60      1      0     0.00  0.00 18.00
B18677616           2766201511047502261160767   535.34      1      0     0.00  0.00 18.00
B18678911           5218201511047501088504501   272.61      3      0     0.00  0.00 18.00
B18678911           5218201511047501250818689   363.41      3      0     0.00  4.76 18.00
B18678911           5218201511043282776432026   106.21      1      0    16.00  0.00 18.00
B18678911           5218201511047503007704658   306.57      2      0     0.00  0.00 18.00
B18678912           5218201511047501089803351   152.28      1      0     0.00  0.00  0.00
B18678912           5218201511047501298210766   346.58      1      0     0.00  0.00  0.00
B18678912           5218201511047501324403612   728.00      1      0     0.00  0.00  0.00
B18678912           5218201511047501043166522   705.24      2      0     0.00  0.00  0.00
B18678912           5218201511047501033952791   327.67      4      0     0.00  0.00  0.00
B18678912           5218201511047501871720552   480.87      3      0     0.00  0.00  0.00
B18678913           5218201511047501050630160   647.78      1      0     0.00  0.00 18.00
B18678913           5218201511047501201400659   431.46      4      0    16.00  0.00 18.00
B18678913           5218201511047501326001977  1187.82      3      0     0.00  0.00 18.00
B18678913           5218201511047501201400352   649.91      5      0     0.00  0.00 18.00
B18678913           5218201511047501201400581   655.73      3      0     0.00  0.00 18.00
B18677940           5230201511047501125102790   229.01     10      0     0.00  0.00 18.00
B18678061           5230201511047501384502324   166.95     20      0     0.00  0.00  0.00
B18678061           5230201511047501384503215   238.50     19      0     0.00  0.00  0.00
B18678061           5230201511047501101630811   471.66      4      0     0.00  0.00  0.00
B18678061           5230201511047501328980249   373.58      8      0     0.00  0.00  0.00
B18678061           5230201511047501094910501   360.14      4      0     0.00  0.00  0.00
B18678061           5230201511047501361680748    50.97     20      0     0.00  0.00  0.00
B18678061           5230201511047501384503123   183.65     14      0     0.00  0.00  0.00
B18678061           5230201511047501384503253   961.95     12      0     0.00  0.00  0.00
B18678902           5230201511047502209290488   646.13      5      0     0.00  0.00 18.00
B18678902           5230201511047501314704828   313.01     10      0     0.00  0.00 18.00
B18678902           523020151104 736085905373   694.22      4      0     0.00  0.00 18.00
B18678902           5230201511047501293200205   194.38      3      0     0.00  0.00 18.00
B18678902           5230201511047501070903497   121.86      3      0     0.00  9.09 18.00
B18678902           5230201511047501250838939   469.34      5      0     0.00  4.76 18.00
B18678902           5230201511047501314701513   224.22      2      0     0.00  0.00 18.00
B18678902           5230201511047501070903695   318.40      8      0     0.00  0.00 18.00
B18678902           5230201511047503000883282   230.79      2      0     0.00  0.00 18.00
B18678902           5230201511047501314705542   406.06      2      0     0.00  0.00 18.00
B18678902           5230201511047501250810621   883.79      1      0     0.00  0.00 18.00
B18678902           5230201511047501299307168   586.65     10      0     0.00  0.00 18.00
B18678902           5230201511047501088504501   272.61     10      0     0.00  0.00 18.00
B18678902           5230201511047501088507625   291.66      2      0     0.00  0.00 18.00
B18678902           5230201511047501088507632   464.75      5      0     0.00  0.00 18.00
B18678902           5230201511047501250810645   290.08     10      0     0.00  4.76 18.00
B18678902           5230201511047503007704658   306.57      8      0     0.00  0.00 18.00
B18678902           5230201511047501088507502   334.30      2      0     0.00  9.09 18.00
B18678902           5230201511047501314704460   249.55      3      0     0.00  0.00 18.00
B18678902           5230201511047501088513527   665.72      5      0     0.00  0.00 18.00
B18678902           5230201511047501088507601   452.84      4      0     0.00  0.00 18.00
B18678902           5230201511047501022110263   407.00     15      0     0.00  0.00 18.00
B18678902           5230201511047502209290549   539.34      2      0     0.00  0.00 18.00
B18678902           5230201511047502209290075   518.34      4      0     0.00  0.00 18.00
B18678902           5230201511047501250838212   404.97      5      0     0.00  4.76 18.00
B18678902           5230201511047501250813363   535.34      5      0     0.00  0.00 18.00
B18678902           523020151104 008400001016   201.34      3      0     0.00 16.66 18.00
B18678902           5230201511047501273500134   138.51     25      0    16.00  0.00 18.00
B18678902           5230201511047501273500233   206.67      5      0    16.00  0.00 18.00
B18678902           523020151104 008400000446   215.74      3      0     0.00  9.09 18.00
B18678902           5230201511047501293200649   171.28      5      0     0.00  0.00 18.00
B18678902           5230201511047501250818689   363.41      5      0     0.00  4.76 18.00
B18678902           5230201511047501070615277   352.36     15      0     0.00  9.09 18.00
B18678902           5230201511047501168870625   527.26      1      0     0.00  0.00 18.00
B18678902           5230201511047501250813295   934.60      5      0     0.00  0.00 18.00
B18678902           5230201511047502213142100   554.18      5      0     0.00  0.00 18.00
B18678902           5230201511047501168810713   482.98      3      0     0.00  0.00 18.00
B18678902           5230201511047501088504808   443.26     20      0     0.00  0.00 18.00
B18678902           5230201511047501125154515   587.75      4      0     0.00  0.00 18.00
B18678902           5230201511047501094916558   289.95      5      0     0.00  0.00 18.00
B18678902           523020151104 736085402346   562.66      6      0     0.00  0.00 18.00
B18678902           5230201511047501088617959   461.28      4      0    16.00  0.00 18.00
B18678902           5230201511047501168890180   334.56      5      0     0.00  0.00 18.00
B18678902           5230201511047501299330012   373.25      5      0     0.00  0.00 18.00
B18678902           5230201511047501094910556   461.24      5      0     0.00  0.00 18.00
B18678902           5230201511047501384503260   137.54      3      0     0.00  0.00 18.00
B18678903           5230201511047501088507007   498.67      5      0     0.00  0.00  5.00
B18678903           5230201511047501033958717    50.79     30      0    16.00  0.00  5.00
B18678904           5230201511047503006916571  1074.67      2      0     0.00  0.00 15.00
B18678904           5230201511047501101606236   480.80      5      0     0.00  0.00 15.00
B18678904           5230201511047501101615856   499.90     10      0     0.00  0.00 15.00
B18678904           5230201511047501289514460   253.51     15      0     0.00  0.00 15.00
B18678904           5230201511047501101649035   500.73      4      0     0.00  0.00 15.00
B18678904           5230201511047501101654985   657.67      8      0     0.00  0.00 15.00
B18678904           5230201511047501101698453   480.80      3      0     0.00  0.00 15.00
B18678905           5230201511047501318620186   699.65      2      0     0.00  0.00  0.00
B18678905           5230201511047703331157506   248.60      5      0     0.00  0.00  0.00
B18678905           5230201511047501318600508  1047.53      1      0     0.00  0.00  0.00
B18678905           5230201511047501318685499  1466.84      4      0     0.00  0.00  0.00
B18678906           5230201511043499320001335   196.35      3      0     0.00  0.00  8.00
B18678906           5230201511043499320002394   168.16      3      0     0.00  0.00  8.00
B18678906           5230201511043499320002448   635.71      4      0     0.00  0.00  8.00
B18678906           5230201511047501122969808   113.17      1      0     0.00  9.09  8.00
B18678906           5230201511047501122961901   260.60      5      0     0.00  9.09  8.00
B18678907           5230201511047501326004947   909.98     15      0     0.00  0.00 18.00
B18678907           5230201511047501326007368  1085.76      5      0     0.00  0.00 18.00
B18678907           5230201511047501326008396   932.20      2      0     0.00  0.00 18.00
B18678907           5230201511047501142936286   747.33      5      0     0.00  0.00 18.00
B18678907           5230201511047501326008402   975.88     10      0     0.00  0.00 18.00
B18678907           5230201511047501326000925   513.27      3      0     0.00  0.00 18.00
B18678907           5230201511047501326000864  1035.49      5      0     0.00  0.00 18.00
B18678907           5230201511047501326000888   685.70      4      0     0.00  0.00 18.00
B18678907           5230201511047501326004176   459.72     10      0     0.00  0.00 18.00
B18678907           5230201511047501559601333  2633.18      2      0     0.00  0.00 18.00
B18678907           5230201511047501201400635   751.62      2      0     0.00  0.00 18.00
B18678907           5230201511047502216931701   606.88      2      0     0.00  0.00 18.00
B18678907           5230201511047501201400659   431.46     10      0    16.00  0.00 18.00
B18678907           5230201511047502216931848   508.82      2      0     0.00  0.00 18.00
B18678907           5230201511047502216931831   508.82      5      0     0.00  0.00 18.00
B18678907           5230201511047501050629201   703.90      2      0     0.00  0.00 18.00
B18678907           523020151104 300093116016   264.89      4      0     0.00  0.00 18.00
B18678907           5230201511047503003746348  2067.20      2      0     0.00  0.00 18.00
B18678907           5230201511047501201400710   329.33      5      0    16.00  0.00 18.00
B18678907           5230201511047501108767923  1278.70      2      0     0.00  0.00 18.00
B18678907           5230201511047501287652683   584.66      5      0     0.00  0.00 18.00
B18678907           5230201511047501201400581   655.73      4      0     0.00  0.00 18.00
B18678907           5230201511047501201490797   494.46      5      0     0.00  0.00 18.00
B18678907           523020151104 300090275051   305.77      2      0     0.00  0.00 18.00
B18678907           5230201511047501287678096    84.56      2      0     0.00  0.00 18.00
B18678907           5230201511047501287668325   375.09      1      0     0.00  0.00 18.00
B18678907           5230201511047501287688743   432.69      5      0     0.00  0.00 18.00
B18678907           5230201511047501287613509   386.06      2      0     0.00 16.66 18.00
B18678908           5230201511047730979092883   278.00      3      0     0.00  0.00  0.00
B18678908           523020151104 650240027789    50.92      5      0     0.00  0.00  0.00
B18678908           5230201511047841141003801   279.14     10      0     0.00  0.00  0.00
B18678909           5230201511047501390910182   163.18      8      0     0.00  0.00 10.00
B18678909           5230201511047501390912551   266.50      5      0    16.00  0.00 10.00
B18678909           5230201511047501390917099   219.76      3      0     0.00  0.00 10.00
B18678909           5230201511047501287609977   669.47      5      0     0.00  0.00 10.00
B18678909           5230201511047502209290914   817.59      2      0     0.00  0.00 10.00
B18678909           5230201511047502209290938   501.68      4      0     0.00  0.00 10.00
B18678909           5230201511047502209290921   489.80      2      0     0.00  0.00 10.00
B18678909           5230201511047501142924030   932.33     10      0     0.00  0.00 10.00
B18678910           5230201511047501037905588   489.91      5      0     0.00  0.00  0.00
B18678910           5230201511047501298234601   215.18     10      0     0.00  0.00  0.00
B18678910           5230201511047501098605229  1161.00      4      0     0.00  0.00  0.00
B18678910           5230201511047501082242256   466.32      4      0     0.00  0.00  0.00
B18678910           5230201511047501092777212   384.02      8      0     0.00  0.00  0.00
B18678910           5230201511047502216930575   143.60      5      0     0.00  0.00  0.00
B18678910           5230201511047501298215891   439.39      2      0     0.00  0.00  0.00
B18678910           5230201511047501037946246   762.43     10      0     0.00  0.00  0.00
B18678910           5230201511047501037908671   714.88      4      0     0.00  0.00  0.00
B18678910           5230201511047502257270067   446.82      5      0     0.00  0.00  0.00
B18678910           5230201511047501037925579   771.26      4      0     0.00  0.00  0.00
B18678910           5230201511047501098607841   815.00      1      0     0.00  0.00  0.00
B18678910           5230201511047501082242607   832.22      3      0     0.00  0.00  0.00
B18678910           5230201511047501300407177   254.38      8      0     0.00  0.00  0.00
B18678910           5230201511047501298209067   282.18      5      0     0.00  0.00  0.00
B18678910           5230201511047501092793045   121.03     10      0     0.00  0.00  0.00
B18678910           5230201511047501409201270   325.98      5      0     0.00  0.00  0.00
B18678910           5230201511047501328979564   425.63      8      0     0.00  0.00  0.00
B18678910           5230201511047501298234700   149.98      5      0     0.00  0.00  0.00
B18678910           5230201511047501298234908   112.92      5      0     0.00  0.00  0.00
B18678910           5230201511047501033953057   173.89      4      0     0.00  0.00  0.00
B18678910           5230201511047501037910063   268.91      2      0     0.00  0.00  0.00
B18678910           5230201511047501037908534   258.85      2      0     0.00  0.00  0.00
B18678910           5230201511047501092772385   149.16     10      0     0.00  0.00  0.00
B18678910           5230201511043594456400103   341.00     25      0     0.00  0.00  0.00
B18678910           5230201511047501165001213   467.74      2      0     0.00  0.00  0.00
B18678910           5230201511047501871720880   638.68      3      0     0.00  0.00  0.00
B18678910           5230201511047501092743064   181.21      6      0     0.00  0.00  0.00
B18678910           5230201511047501092779278   271.49      4      0     0.00  0.00  0.00
B18678910           5230201511047501328980119   248.44     10      0     0.00  0.00  0.00
B18678910           5230201511047501089800077   181.44      5      0     0.00  0.00  0.00
B18678910           5230201511047501082212228   867.52      3      0     0.00  0.00  0.00
B18678910           5230201511047501089804099   255.96      3      0     0.00  0.00  0.00
B18678910           5230201511047501089808936   345.38      2      0     0.00  0.00  0.00
B18678910           5230201511047501089808943   673.92      4      0     0.00  0.00  0.00
B18678910           5230201511047501089804310   210.60      2      0     0.00  0.00  0.00
B18678910           5230201511047501089809506   113.40      5      0     0.00  0.00  0.00
B18678910           5230201511047501082212037   755.40      2      0     0.00  0.00  0.00
B18678910           5230201511047501089809445   122.47      2      0     0.00  0.00  0.00
B18678910           5230201511047501082212297  1129.29      5      0     0.00  0.00  0.00
B18678910           5230201511047501098610810   240.00      4      0     0.00  0.00  0.00
B18678910           5230201511047501098603690   223.00      2      0     0.00  0.00  0.00
B18678910           5230201511047501037980189   722.26      5      0     0.00  0.00  0.00
B18678910           5230201511047501098611305   284.00      5      0     0.00  0.00  0.00
B18678910           5230201511047501098611329   405.00     10      0     0.00  0.00  0.00
B18678910           5230201511047501098604529   517.00      4      0     0.00  0.00  0.00
B18678910           5230201511047501082224214   969.30      5      0     0.00  0.00  0.00
B18678910           5230201511047501174600827   136.87      4      0     0.00  0.00  0.00
B18679152           5230201511047501082208733   429.01     10      0     0.00  0.00  0.00
B18679152           5230201511047501082208108   364.41      5      0     0.00  0.00  0.00
