B18559582           5214201510157501009007111   267.33      2      0     0.00  0.00  0.00
B18559699           5214201510157501088507670  1025.37      2      0     0.00  0.00 18.00
B18559699           5214201510157501095435027   355.89      4      0     0.00  0.00 18.00
B18559700           5214201510157501089802071   231.98      2      0     0.00  0.00  0.00
B18559701           5218201510153282776432026   106.21      1      0    16.00  0.00 18.00
B18559701           5218201510157501094916701   498.84      1      0     0.00  0.00 18.00
B18559701           5218201510157501250818689   363.41      1      0     0.00  4.76 18.00
B18559701           5218201510157501250838212   404.97      1      0     0.00  4.76 18.00
B18559701           5218201510157501314704934   313.01      3      0     0.00  0.00 18.00
B18559701           5218201510157501022110263   407.00      2      0     0.00  0.00 18.00
B18559702           5218201510157501142936286   747.33      1      0     0.00  0.00 18.00
B18559702           5218201510157501050630160   647.78      1      0     0.00  0.00 18.00
B18559702           5218201510157501201400659   431.46      3      0    16.00  0.00 18.00
B18559703           5218201510153499320002868   353.70      1      0     0.00  0.00  8.00
B18559704           5218201510157501318685499  1651.88      1      0     0.00  0.00 10.00
B18559704           5218201510157501318626522   334.07      1      0     0.00  0.00 10.00
B18559705           5218201510157501385493850   354.58      6      0     0.00  9.09  5.00
B18559706           5218201510157501037950526   456.95      1      0     0.00  0.00  0.00
B18559706           5218201510157501871720590   719.62      2      0     0.00  0.00  0.00
B18559706           5218201510157501082212136   893.24      1      0     0.00  0.00  0.00
B18559706           5218201510158430308413516   225.96      3      0     0.00  0.00  0.00
B18559706           5218201510157501324403612   728.00      1      0     0.00  0.00  0.00
B18559706           5218201510157501043166522   705.24      1      0     0.00  0.00  0.00
B18559706           5218201510157501098611329   405.00      1      0     0.00  0.00  0.00
B18559706           5218201510157501033952869   595.71      1      0     0.00  0.00  0.00
B18559706           5218201510157501082242256   466.32      2      0     0.00  0.00  0.00
B18559706           5218201510157501089803351   152.28      1      0     0.00  0.00  0.00
B18559706           5218201510157841141003436   255.61      2      0     0.00  0.00  0.00
B18559580           5228201510157501287619235   335.73      3      0     0.00  0.00  0.00
B18559580           522820151015 300090017125   785.69      3      0     0.00  0.00  0.00
B18559580           5228201510157501384502065   259.17     25      0     0.00  0.00  0.00
B18559580           5228201510157501384502010   204.32      3      0     0.00  0.00  0.00
B18559580           5228201510157501101630811   471.66      6      0     0.00  0.00  0.00
B18559580           5228201510157501384502171   167.75      3      0     0.00  0.00  0.00
B18559580           5228201510157501384502201   220.22      3      0     0.00  0.00  0.00
B18559580           5228201510157501384502324   166.95     25      0     0.00  0.00  0.00
B18559580           5228201510157501009004561   259.96      5      0     0.00  0.00  0.00
B18559580           5228201510157501009004585   416.74      5      0     0.00  0.00  0.00
B18559580           5228201510157501258205801   572.03      5      0     0.00  0.00  0.00
B18559580           5228201510157501258205818  1019.60      5      0     0.00  0.00  0.00
B18559580           5228201510157501089800718   244.80      2      0     0.00  0.00  0.00
B18559580           5228201510157501384502133   213.06      2      0     0.00  0.00  0.00
B18559580           5228201510157501009007074   397.98     10      0     0.00  0.00  0.00
B18559580           5228201510157501009007111   267.33     10      0     0.00  0.00  0.00
B18559580           5228201510157501300406651   278.13      5      0     0.00  0.00  0.00
B18559580           522820151015 300090029081   245.27      2      0     0.00  0.00  0.00
B18559580           5228201510157501050610001   437.66      6      0     0.00  0.00  0.00
B18559580           5228201510157501050612463   455.23      3      0     0.00  0.00  0.00
B18559580           5228201510157502209290532   720.74      3      0     0.00  0.00  0.00
B18559580           5228201510157502209290518  1821.39      5      0     0.00  0.00  0.00
B18559580           5228201510157501328980249   373.58      2      0     0.00  0.00  0.00
B18559580           5228201510157501384503123   183.65     15      0     0.00  0.00  0.00
B18559580           5228201510157501384503116   151.05      5      0     0.00  0.00  0.00
B18559580           5228201510157501384503215   238.50     20      0     0.00  0.00  0.00
B18559581           5230201510157501300406651   278.13      5      0     0.00  0.00  0.00
B18559581           5230201510157502209290518  1821.39     10      0     0.00  0.00  0.00
B18559581           5230201510157502209290532   720.74     10      0     0.00  0.00  0.00
B18559581           5230201510157501384502201   220.22     15      0     0.00  0.00  0.00
B18559581           5230201510157501384502324   166.95     30      0     0.00  0.00  0.00
B18559581           5230201510157501384503116   151.05     30      0     0.00  0.00  0.00
B18559581           5230201510157501384503215   238.50     30      0     0.00  0.00  0.00
B18559581           5230201510157501384502027   506.42      5      0     0.00  0.00  0.00
B18559581           5230201510157501384502065   259.17     30      0     0.00  0.00  0.00
B18559581           5230201510157501384502171   167.75     10      0     0.00  0.00  0.00
B18559581           5230201510157501094914493  1029.44      5      0     0.00  0.00  0.00
B18559581           5230201510157501050612463   455.23      5      0     0.00  0.00  0.00
B18559581           5230201510157501384502010   204.32     10      0     0.00  0.00  0.00
B18559581           5230201510157501094913922   886.55      5      0     0.00  0.00  0.00
B18559581           5230201510157501009009269   209.71      2      0     0.00  0.00  0.00
B18559581           5230201510157501009004578   696.80      2      0     0.00  0.00  0.00
B18559581           5230201510157501385420221   447.58      4      0     0.00  0.00  0.00
B18559581           5230201510157501328979106   911.77     10      0     0.00  0.00  0.00
B18559581           5230201510157501094910501   360.14     10      0     0.00  0.00  0.00
B18559581           5230201510157501009007074   397.98     15      0     0.00  0.00  0.00
B18559581           5230201510157501009007081   968.15      3      0     0.00  0.00  0.00
B18559581           5230201510157501009007111   267.33     15      0     0.00  0.00  0.00
B18559581           5230201510157501089800800   319.01     10      0     0.00  0.00  0.00
B18559581           5230201510157501089800992   435.29      6      0     0.00  0.00  0.00
B18559581           5230201510157501089801098   746.64      5      0     0.00  0.00  0.00
B18559581           523020151015 300090090074   519.13      7      0     0.00  0.00  0.00
B18559581           5230201510157501293200595   685.52      5      0     0.00  0.00  0.00
B18559581           5230201510157501050610001   437.66     20      0     0.00  0.00  0.00
B18559581           5230201510157501871720736   371.37      4      0     0.00  0.00  0.00
B18559581           5230201510157501258205818  1019.60     10      0     0.00  0.00  0.00
B18559581           5230201510157501293200304   768.71      5      0     0.00  0.00  0.00
B18559581           5230201510157501258205801   572.03     10      0     0.00  0.00  0.00
B18559581           523020151015 300090017125   785.69      6      0     0.00  0.00  0.00
B18559581           523020151015 300090029326   568.52      3      0     0.00  0.00  0.00
B18559581           5230201510157501033920363   224.09      3      0     0.00  0.00  0.00
B18559581           5230201510157501089800770   201.96      5      0     0.00  0.00  0.00
B18559581           5230201510157501009004585   416.74     10      0     0.00  0.00  0.00
B18559581           5230201510157501384503192   239.30      6      0     0.00  0.00  0.00
B18559581           5230201510157501094912437   698.55      5      0     0.00  0.00  0.00
B18559581           5230201510157501125133183   142.03     10      0     0.00  0.00  0.00
B18559581           5230201510157501384502133   213.06     15      0     0.00  0.00  0.00
B18559581           5230201510157501384503123   183.65     30      0     0.00  0.00  0.00
B18559581           5230201510157501384502355   454.74     10      0     0.00  0.00  0.00
B18559581           5230201510157501287619204   571.19      5      0     0.00  0.00  0.00
B18559581           5230201510157501125152627   185.81     10      0     0.00  0.00  0.00
B18559581           5230201510157501384502263   519.93      5      0     0.00  0.00  0.00
B18559581           5230201510157501384502232   385.58     10      0     0.00  0.00  0.00
B18559581           5230201510157501287619211   641.88      8      0     0.00  0.00  0.00
B18559581           5230201510157501287619235   335.73     10      0     0.00  0.00  0.00
B18559692           5230201510157501289511292  1299.88      5      0     0.00  0.00 15.00
B18559692           5230201510157501201340016   250.78      2      0     0.00  0.00 15.00
B18559692           5230201510157501101654985   657.67      4      0     0.00  0.00 15.00
B18559693           5230201510157502209290051   327.65      2      0     0.00  0.00 18.00
B18559693           5230201510157501258203227   465.51      2      0     0.00  0.00 18.00
B18559693           5230201510157502213142100   554.18      4      0     0.00  0.00 18.00
B18559693           5230201510154035710006628   167.01      3      0    16.00 16.66 18.00
B18559693           5230201510157501384541224   193.19      2      0     0.00  0.00 18.00
B18559693           5230201510157501094914875  1234.99      2      0     0.00  0.00 18.00
B18559693           5230201510157501273500066   239.64      2      0    16.00  0.00 18.00
B18559693           5230201510157501314705535   744.45      5      0     0.00  0.00 18.00
B18559693           5230201510157501088507502   334.30      2      0     0.00  9.09 18.00
B18559693           523020151015 736085405668   365.39      5      0     0.00  0.00 18.00
B18559693           5230201510157501250829890   722.75      5      0     0.00  0.00 18.00
B18559693           5230201510157501250810645   290.08     10      0     0.00  4.76 18.00
B18559693           523020151015 736085905373   694.22      5      0     0.00  0.00 18.00
B18559694           5230201510157501033958717    50.79     40      0    16.00  0.00  5.00
B18559695           5230201510157501072350213   357.07      1      0     0.00  0.00  0.00
B18559695           5230201510157501037905588   489.91      5      0     0.00  0.00  0.00
B18559695           5230201510157502257270067   446.82      5      0     0.00  0.00  0.00
B18559695           5230201510157501871730155  1060.64      1      0     0.00  0.00  0.00
B18559695           5230201510157501082212297  1129.29      5      0     0.00  0.00  0.00
B18559695           5230201510157501098611329   405.00     10      0     0.00  0.00  0.00
B18559695           5230201510157501033952869   595.71      5      0     0.00  0.00  0.00
B18559695           5230201510157841141003733   450.82      5      0     0.00  0.00  0.00
B18559695           5230201510157841141003726   460.28      5      0     0.00  0.00  0.00
B18559696           5230201510157501326000406   875.90      4      0     0.00  0.00 18.00
B18559696           5230201510157501326004947   909.98      5      0     0.00  0.00 18.00
B18559696           5230201510157501326000925   513.27      2      0     0.00  0.00 18.00
B18559696           5230201510157501326001977  1187.82     10      0     0.00  0.00 18.00
B18559696           5230201510157501326000864  1035.49      5      0     0.00  0.00 18.00
B18559696           5230201510157501287624529  1260.51      5      0     0.00  0.00 18.00
B18559696           5230201510157503003746065  1132.00      2      0     0.00  0.00 18.00
B18559696           5230201510157502216931701   606.88      2      0     0.00  0.00 18.00
B18559697           5230201510153499320001526   323.60      2      0     0.00  0.00  8.00
B18559698           5230201510157703332003550   189.60      1      0    16.00  0.00 10.00
B18559698           5230201510157501318608788  1267.59      1      0     0.00  0.00 10.00
B18559792           523020151015 300092960030   664.87      3      0     0.00  0.00 18.00
B18564787           5257201510157501318608900    66.99     50      0     0.00  0.00 10.00
B18564788           5257201510157501034645067    69.13     30      0     0.00  0.00  0.00
B18564788           5257201510157501871720668   157.78     60      0     0.00  0.00  0.00
B18564788           5257201510157501092778226    95.51     30      0     0.00  0.00  0.00
B18564788           5257201510157501361693007   877.80      2      0     0.00  0.00  0.00
B18564789           5257201510157501088575396    87.42     30      0     0.00  0.00 18.00
B18564789           5257201510157501088579707    91.63    150      0     0.00  0.00 18.00
B18564789           5257201510157501299301159   107.10     30      0     0.00  0.00 18.00
B18564789           5257201510157501125118333   343.63     40      0     0.00 14.28 18.00
B18564789           5257201510157502213146665   234.99      2      0     0.00  0.00 18.00
B18564789           5257201510157501125109935    60.11     15      0     0.00  0.00 18.00
B18564789           5257201510157501293200069   124.77     30      0     0.00  0.00 18.00
B18564789           5257201510157501299307236    43.96    150      0     0.00  0.00 18.00
B18564789           525720151015 020800790253   134.63      5      0     0.00  0.00 18.00
B18564789           5257201510157501299301999   159.85     10      0     0.00  0.00 18.00
B18564789           5257201510157501070903497   121.86     15      0     0.00  9.09 18.00
B18564789           5257201510157501070903800   219.96     15      0     0.00  0.00 18.00
B18564789           5257201510157501094916251   444.53      2      0     0.00  0.00 18.00
B18564789           5257201510157501299300763   118.29     30      0     0.00  0.00 18.00
B18564790           5257201510157501287650627   220.18      3      0     0.00  9.09 18.00
B18566108          27844201510158429420062313   440.00      1      0    16.00  0.00 18.00
B18566108          27844201510157501124816674    92.26      1      0     0.00  0.00 18.00
B18566108          27844201510157501168890166   244.36      3      0     0.00  0.00 18.00
B18566108          27844201510157501314701766   362.59      2      0     0.00  0.00 18.00
B18566108          27844201510158470003450829   293.00      1      0    16.00  0.00 18.00
B18566108          27844201510158470002438330   325.00      1      0    16.00  0.00 18.00
B18566108          27844201510157503007704597   171.91      1      0     0.00  0.00 18.00
B18566108          27844201510157501250838786   528.82      1      0     0.00  0.00 18.00
B18566108          2784420151015 736085405668   365.39      1      0     0.00  0.00 18.00
B18566108          27844201510157503007704658   306.57      2      0     0.00  0.00 18.00
B18566108          27844201510157501094916855   991.00      3      0     0.00  0.00 18.00
B18566109          27844201510153499320004237   519.17      1      0     0.00  0.00  8.00
B18566109          27844201510157501123000920   146.60      2      0     0.00  9.09  8.00
B18566110          27844201510157501289514460   253.51      4      0     0.00  0.00 15.00
B18566111          27844201510157501390912582   273.88      2      0     0.00  0.00 10.00
B18566112          27844201510157501201401557   574.10      2      0     0.00  0.00 18.00
B18566113          27844201510157501086310418   138.75      1      0     0.00  0.00  0.00
B18566113          27844201510157501300408808   221.88      2      0     0.00  0.00  0.00
B18566113          27844201510157501318697409   108.32      1      0     0.00  0.00  0.00
B18566113          27844201510157501037935219   832.84      1      0     0.00  0.00  0.00
B18566113          27844201510155050278003543   318.85      7      0     0.00  9.09  0.00
B18566113          27844201510157501159580014   113.80      2      0     0.00  0.00  0.00
B18566113          27844201510157501328979229   780.07      1      0     0.00  0.00  0.00
B18566113          27844201510157501328979267   619.93      2      0     0.00  0.00  0.00
B18566113          27844201510157501328979380    70.31      1      0     0.00  0.00  0.00
B18566113          27844201510157501082212150   562.17      1      0     0.00  0.00  0.00
B18566113          27844201510157501098621175   171.00      2      0     0.00  0.00  0.00
B18566114          27844201510153337872411922   274.07      1      0    16.00  0.00 14.00
B18559733          37369201510157501070648022   694.00      2      0     0.00  9.09 18.00
B18559733          37369201510157501384541224   193.19      2      0     0.00  0.00 18.00
B18559733          37369201510157503000883282   230.79      1      0     0.00  0.00 18.00
B18559733          3736920151015 736085278507    45.48      1      0     0.00  0.00 18.00
B18559733          37369201510157501088504853   626.60      2      0     0.00  0.00 18.00
B18559733          37369201510157501385420238   158.61      2      0     0.00  9.09 18.00
B18559733          37369201510157501094916893  1219.12      2      0     0.00  0.00 18.00
B18559733          37369201510157501094916909  1219.12      2      0     0.00  0.00 18.00
B18559733          37369201510157501124815844   577.39      2      0     0.00  0.00 18.00
B18559733          37369201510157501124815561   494.66      2      0     0.00  0.00 18.00
B18559733          37369201510157501314706228   175.18      5      0     0.00  0.00 18.00
B18559733          37369201510157501124815554   911.63      1      0     0.00  0.00 18.00
B18559733          37369201510157501124855239   533.10      1      0     0.00  0.00 18.00
B18559733          37369201510157501385491085   181.86      5      0     0.00  9.09 18.00
B18559733          37369201510157501080911185   161.22      5      0    16.00  0.00 18.00
B18559733          37369201510157501314704552   118.14      5      0     0.00  0.00 18.00
B18559733          37369201510153282776432026   106.21      5      0    16.00  0.00 18.00
B18559733          37369201510157501094914875  1234.99      4      0     0.00  0.00 18.00
B18559733          37369201510157501124813192   422.80      4      0     0.00  0.00 18.00
B18559733          3736920151015     75004088   129.08      4      0     0.00  0.00 18.00
B18559733          37369201510157501094917012   987.66      3      0     0.00  0.00 18.00
B18559733          37369201510157501299302927    46.37      3      0     0.00  0.00 18.00
B18559733          37369201510157501124815899  1341.11      2      0     0.00  0.00 18.00
B18559733          37369201510157501094914882  1234.99      2      0     0.00  0.00 18.00
B18559733          37369201510157501124818272  1234.99      2      0     0.00  0.00 18.00
B18559733          37369201510157501094914899  1234.99      2      0     0.00  0.00 18.00
B18559733          37369201510157501124815790  1234.99      2      0     0.00  0.00 18.00
B18559733          3736920151015 736085103168   129.96      2      0     0.00  0.00 18.00
B18559733          37369201510157501124815851  1076.23      2      0     0.00  0.00 18.00
B18559733          3736920151015 736085400984   440.60      2      0     0.00  0.00 18.00
B18559733          37369201510157501299304051   123.08      2      0     0.00  0.00 18.00
B18559733          37369201510157501285600365   116.79      1      0     0.00  0.00 18.00
B18559734          37369201510157501287613516   647.82      5      0     0.00  0.00 18.00
B18559734          37369201510157501142915755   312.62      1      0     0.00  0.00 18.00
B18559734          37369201510157501108767916   745.47      8      0     0.00  0.00 18.00
B18559734          37369201510157501050600873   544.79     10      0     0.00  0.00 18.00
B18559734          37369201510157501287652683   584.66     10      0     0.00  0.00 18.00
B18559734          37369201510157501201400352   649.91     10      0     0.00  0.00 18.00
B18559734          37369201510157501201400710   329.33     15      0    16.00  0.00 18.00
B18559734          37369201510157501287688361   667.51      5      0     0.00  0.00 18.00
B18559734          37369201510157501108767923  1278.70      5      0     0.00  0.00 18.00
B18559734          37369201510157501108767886   746.51      8      0     0.00  0.00 18.00
B18559734          37369201510157501201400567   363.86     10      0     0.00  0.00 18.00
B18559734          37369201510157501201400581   655.73     10      0     0.00  0.00 18.00
B18559734          37369201510157502216931701   606.88     10      0     0.00  0.00 18.00
B18559734          37369201510157501201400680   305.76      6      0     0.00  0.00 18.00
B18559734          37369201510157501201400659   431.46     10      0    16.00  0.00 18.00
B18559734          37369201510157501201400833   637.76      5      0     0.00  0.00 18.00
B18559734          37369201510157501201490797   494.46     10      0     0.00  0.00 18.00
B18559734          37369201510157501108713487   948.95      5      0     0.00  0.00 18.00
B18559734          37369201510153282779369077   303.45      6      0    16.00  0.00 18.00
B18559734          37369201510157501108718147  1066.40      5      0     0.00  0.00 18.00
B18559734          37369201510157501326003162   601.55     10      0     0.00  0.00 18.00
B18559734          37369201510157501326004947   909.98     15      0     0.00  0.00 18.00
B18559734          37369201510157501049721176   269.55      2      0     0.00  0.00 18.00
B18559734          37369201510157501287688743   432.69      2      0     0.00  0.00 18.00
B18559734          37369201510157501326000383   734.45      4      0     0.00  0.00 18.00
B18559734          37369201510157501326007368  1085.76     10      0     0.00  0.00 18.00
B18559734          37369201510157503003746065  1132.00      4      0     0.00  0.00 18.00
B18559734          37369201510157501201401014   633.34      5      0     0.00  0.00 18.00
B18559734          37369201510157503003746140   628.00      2      0     0.00  0.00 18.00
B18559734          37369201510153700039500034   451.91      1      0     0.00  0.00 18.00
B18559734          37369201510157501142936286   747.33      8      0     0.00  0.00 18.00
B18559734          37369201510157501142911306   272.36     10      0     0.00  0.00 18.00
B18559734          37369201510157501108712374   648.20      5      0     0.00  0.00 18.00
B18559734          37369201510157501326008402   975.88     15      0     0.00  0.00 18.00
B18559734          37369201510157501287613509   386.06      5      0     0.00 16.66 18.00
B18559734          37369201510157501326000925   513.27      5      0     0.00  0.00 18.00
B18559734          37369201510157501326001137   888.34     25      0     0.00  0.00 18.00
B18559734          37369201510157501287619105   618.85     10      0     0.00  0.00 18.00
B18559734          37369201510157501326001977  1187.82     25      0     0.00  0.00 18.00
B18559734          37369201510157501108767893  1279.72      5      0     0.00  0.00 18.00
B18559734          37369201510157503003746287  1080.00      2      0     0.00  0.00 18.00
B18559734          37369201510157501326000864  1035.49     25      0     0.00  0.00 18.00
B18559734          37369201510157501326000871   928.41      8      0     0.00  0.00 18.00
B18559734          37369201510157502216930551   329.20     10      0     0.00  5.00 18.00
B18559734          37369201510157501326004060   486.26     10      0     0.00  0.00 18.00
B18559734          37369201510157502216930568   188.12      5      0     0.00  9.09 18.00
B18559734          37369201510157501326004176   459.72     15      0     0.00  0.00 18.00
B18559734          37369201510157501326003568   533.94      5      0     0.00  0.00 18.00
B18559735          37369201510157501033954078    42.89     95      0    16.00  0.00  5.00
B18559735          37369201510157501088507007   498.67      5      0     0.00  0.00  5.00
B18559735          37369201510157501033956140    44.37    120      0    16.00  0.00  5.00
B18559735          37369201510157503013040863   187.52      5      0     0.00  0.00  5.00
B18559735          37369201510157503013040894   171.18      5      0     0.00  0.00  5.00
B18559735          37369201510157506205802690   228.00      5      0     0.00  0.00  5.00
B18559735          37369201510157501033958717    50.79     15      0    16.00  0.00  5.00
B18559736          37369201510157501022101681   118.47      3      0     0.00  6.00  0.00
B18559736          37369201510157501089803351   152.28     10      0     0.00  0.00  0.00
B18559736          37369201510158430308015901   480.27      5      0     0.00  0.00  0.00
B18559736          37369201510157501165007956   573.66      2      0    16.00  0.00  0.00
B18559736          37369201510157501092778226    95.51      5      0     0.00  0.00  0.00
B18559736          37369201510157501092776413   236.82      5      0     0.00  0.00  0.00
B18559736          37369201510157501037905588   489.91     10      0     0.00  0.00  0.00
B18559736          37369201510157501037908671   714.88      8      0     0.00  0.00  0.00
B18559736          37369201510158020030053090   205.91     10      0     0.00  0.00  0.00
B18559736          37369201510157730979093026   288.60      5      0     0.00  0.00  0.00
B18559736          37369201510157501033958854   526.66      5      0     0.00  0.00  0.00
B18559736          37369201510157501033958632   333.56      2      0     0.00  0.00  0.00
B18559736          37369201510158430308130031  1239.88      2      0     0.00  0.00  0.00
B18559736          37369201510157730979095464   281.59      4      0     0.00  0.00  0.00
B18559736          37369201510157501050625272    82.85     40      0    16.00  0.00  0.00
B18559736          37369201510157501098602587   454.00      2      0     0.00  0.00  0.00
B18559736          37369201510157501098633260   473.00     20      0     0.00  0.00  0.00
B18559736          37369201510157501324402356   134.00      5      0     0.00  0.00  0.00
B18559736          37369201510157501871721214   739.30     25      0     0.00  0.00  0.00
B18559736          37369201510157501298213569   220.79      5      0     0.00  0.00  0.00
B18559736          37369201510157501092777212   384.02     15      0     0.00  0.00  0.00
B18559736          37369201510157502216930575   143.60     10      0     0.00  0.00  0.00
B18559737          37369201510153499320002448   596.99     10      0     0.00  0.00  8.00
B18559737          37369201510153499320002738   127.59      2      0    16.00  0.00  8.00
B18559737          37369201510157501033950636    58.81     95      0     0.00  0.00  8.00
B18559737          37369201510157501122966203   171.02     12      0     0.00  9.09  8.00
B18559737          37369201510157501122967019   301.07      5      0     0.00  9.09  8.00
B18559737          37369201510157501123015405   117.12     30      0     0.00  9.09  8.00
B18559737          37369201510157501122961901   260.60     10      0     0.00  9.09  8.00
B18559737          37369201510153499320000215   248.87     10      0     0.00  0.00  8.00
B18559737          37369201510157501123010608   254.76     15      0     0.00  9.09  8.00
B18559737          37369201510155702191008098   205.65      5      0     0.00  0.00  8.00
B18559737          37369201510157501122900801   177.26      3      0     0.00  9.09  8.00
B18559738          37369201510157501318610798   472.21     10      0     0.00  0.00 10.00
B18559738          37369201510157501318600508  1179.68      5      0     0.00  0.00 10.00
B18559738          37369201510154019338605159   323.57     15      0     0.00  0.00 10.00
B18559738          37369201510157501318620186   787.00      4      0     0.00  0.00 10.00
B18559738          37369201510157703331157506   279.64     10      0     0.00  0.00 10.00
B18559738          3736920151015 891671002277   299.87      7      0     0.00  9.09 10.00
B18559738          37369201510157501318685499  1651.88      8      0     0.00  0.00 10.00
B18559738          37369201510157501390917099   219.76      5      0     0.00  0.00 10.00
B18559738          37369201510157501318634732    84.55     10      0     0.00  0.00 10.00
B18559738          37369201510157703281004325   159.20      1      0    16.00  0.00 10.00
B18559738          37369201510157501287609977   669.47      5      0     0.00  0.00 10.00
B18559738          37369201510157501318643482   580.21     10      0     0.00  0.00 10.00
B18559738          37369201510157501318626522   334.07      4      0     0.00  0.00 10.00
B18559738          37369201510157501390912209   232.88      5      0     0.00  0.00 10.00
B18559738          37369201510157705849004013   319.20      3      0    16.00  0.00 10.00
B18559738          37369201510157501142974172   376.03     15      0     0.00  0.00 10.00
B18559738          37369201510157501142924030   932.33     30      0     0.00  0.00 10.00
B18559738          37369201510157703281001454   263.20      5      0    16.00  0.00 10.00
B18559739          37369201510157501101606236   480.80      8      0     0.00  0.00 15.00
B18559739          37369201510157501101612084   504.05      6      0     0.00  0.00 15.00
B18559739          37369201510157501101615856   499.90     10      0     0.00  0.00 15.00
B18559739          37369201510157501289514460   253.51     70      0     0.00  0.00 15.00
B18559739          37369201510157501101649097   671.79     10      0     0.00  0.00 15.00
B18559739          37369201510157501101649035   500.73     10      0     0.00  0.00 15.00
B18559739          37369201510157501101654985   657.67      5      0     0.00  0.00 15.00
B18559739          37369201510157501101698453   480.80      5      0     0.00  0.00 15.00
B18559739          37369201510157501324482129   343.82      3      0     0.00  0.00 15.00
B18559739          37369201510157503006916724   423.12      5      0     0.00  0.00 15.00
B18559739          37369201510157501324403520   343.82      3      0     0.00  0.00 15.00
B18559740          37369201510153337872414527   280.84     10      0    16.00  0.00 14.00
B18559740          37369201510153433422404533   104.89      2      0    16.00  0.00 14.00
B18559740          37369201510153337872418587   260.54      3      0    16.00  0.00 14.00
B18559741          37369201510157501384541248   876.09      8      0     0.00  0.00 18.00
B18559741          37369201510157501250838267   104.30      8      0     0.00  0.00 18.00
B18559741          37369201510157501258203234   697.87      8      0     0.00  0.00 18.00
B18559741          3736920151015 736085905373   694.22     10      0     0.00  0.00 18.00
B18559741          37369201510157501088507601   452.84      7      0     0.00  0.00 18.00
B18559741          37369201510157501094916701   498.84      6      0     0.00  0.00 18.00
B18559741          37369201510157501299307168   586.65     10      0     0.00  0.00 18.00
B18559741          37369201510157501124810863   991.84      5      0     0.00  0.00 18.00
B18559741          37369201510157501088507618   570.34     10      0     0.00  0.00 18.00
B18559741          37369201510157501094914196   542.29     10      0     0.00  0.00 18.00
B18559741          37369201510157501088507755   951.18      5      0     0.00  0.00 18.00
B18559741          37369201510157501250838311   946.01      5      0     0.00  4.76 18.00
B18559741          37369201510157501250838786   528.82     10      0     0.00  0.00 18.00
B18559741          37369201510157501124814052   824.72      5      0     0.00  0.00 18.00
B18559741          37369201510157501168810713   482.98     10      0     0.00  0.00 18.00
B18559741          37369201510157501258203227   465.51     10      0     0.00  0.00 18.00
B18559741          37369201510157501088513510   665.72      5      0     0.00  0.00 18.00
B18559741          37369201510157501088513527   665.72      5      0     0.00  0.00 18.00
B18559741          37369201510157501168810508   394.42     10      0     0.00  0.00 18.00
B18559741          37369201510157501070903695   318.40      5      0     0.00  0.00 18.00
B18559741          37369201510157501088504808   443.26     25      0     0.00  0.00 18.00
B18559741          37369201510157501088504501   272.61     25      0     0.00  0.00 18.00
B18559741          37369201510157501168890180   334.56     10      0     0.00  0.00 18.00
B18559741          37369201510157501124855208   310.00     10      0     0.00  0.00 18.00
B18559741          37369201510157501384541217   317.21      5      0     0.00  0.00 18.00
B18559741          37369201510157501168870502   308.32      5      0     0.00  0.00 18.00
B18559741          37369201510157501088507670  1025.37     15      0     0.00  0.00 18.00
B18559741          37369201510157501124103118   203.11     10      0     0.00  0.00 18.00
B18559741          37369201510157501094910204   305.82      5      0     0.00  0.00 18.00
B18559741          37369201510157502261160767   535.34     15      0     0.00  0.00 18.00
B18559741          37369201510157501022110263   407.00     15      0     0.00  0.00 18.00
B18559741          37369201510157501273500073   171.49     10      0    16.00  0.00 18.00
B18559741          37369201510157501314705535   744.45      8      0     0.00  0.00 18.00
B18559741          37369201510157501088507625   291.66      5      0     0.00  0.00 18.00
B18559741          37369201510157501273500509   239.64      5      0    16.00  0.00 18.00
B18559741          37369201510157501250810645   290.08     15      0     0.00  4.76 18.00
B18559741          37369201510157501314701322   634.47      8      0     0.00  0.00 18.00
B18559741          37369201510157501273500417   223.15      5      0    16.00  0.00 18.00
B18559741          37369201510157501250813295   934.60     10      0     0.00  0.00 18.00
B18559741          37369201510157501088604058   565.20      8      0     0.00  0.00 18.00
B18559741          37369201510157501299307175   254.96      8      0     0.00  0.00 18.00
B18559741          37369201510157501314704927   203.03      5      0     0.00  0.00 18.00
B18559741          37369201510157501250838939   469.34     10      0     0.00  4.76 18.00
B18559741          3736920151015 736085401226   252.69      8      0     0.00  0.00 18.00
B18559741          37369201510157501250818689   363.41     10      0     0.00  4.76 18.00
B18559741          37369201510153582186000731   145.80      8      0     0.00  0.00 18.00
B18559741          37369201510154035710006628   167.01      8      0    16.00 16.66 18.00
B18559741          3736920151015 736085280005   317.61     10      0    16.00  0.00 18.00
B18559741          37369201510157501273500387   206.67     10      0    16.00  0.00 18.00
B18559741          37369201510157503007704658   306.57     10      0     0.00  0.00 18.00
B18559742          37369201510157501082212297  1129.29      8      0     0.00  0.00  0.00
B18559742          37369201510157501098610810   240.00     10      0     0.00  0.00  0.00
B18559742          37369201510157501098611305   284.00     15      0     0.00  0.00  0.00
B18559742          37369201510157501871720668   157.78     10      0     0.00  0.00  0.00
B18559742          37369201510157501871720682   353.46     10      0     0.00  0.00  0.00
B18559742          37369201510157501082212136   893.24     15      0     0.00  0.00  0.00
B18559742          37369201510157501089804327   210.60      5      0     0.00  0.00  0.00
B18559742          37369201510157501871720774   161.92     10      0     0.00  0.00  0.00
B18559742          37369201510157501082212280   641.46      4      0     0.00  0.00  0.00
B18559742          37369201510157501098611329   405.00     78      0     0.00  0.00  0.00
B18559742          37369201510157501098604505   395.00      5      0     0.00  0.00  0.00
B18559742          37369201510157501054530107   132.05     10      0    16.00  0.00  0.00
B18559742          37369201510157501054530114    82.29     10      0    16.00  0.00  0.00
B18559742          37369201510157501037980189   722.26      8      0     0.00  0.00  0.00
B18559742          37369201510157501082224214   969.30      6      0     0.00  0.00  0.00
B18559742          37369201510157501050612364   271.68      5      0     0.00  0.00  0.00
B18559742          37369201510157501324403223   510.00      2      0     0.00  0.00  0.00
B18559742          37369201510157501061019008   191.58      3      0     0.00  0.00  0.00
B18559742          37369201510157501054530398   104.36      1      0    16.00  0.00  0.00
B18559742          37369201510157501033953057   173.89      2      0     0.00  0.00  0.00
B18559742          37369201510158430308624516   221.81      5      0     0.00  0.00  0.00
B18559742          37369201510157501324402868   422.00      2      0     0.00  0.00  0.00
B18559742          37369201510157501298204987   340.05      3      0     0.00  0.00  0.00
B18559742          37369201510157501037980165   394.15      8      0     0.00  0.00  0.00
B18559742          37369201510157501009005414   733.65      2      0     0.00  0.00  0.00
B18559742          37369201510157501328979229   780.07      8      0     0.00  0.00  0.00
B18559742          37369201510157501092773511   283.92      5      0     0.00  0.00  0.00
B18559742          37369201510157501009071471   137.35     10      0     0.00  0.00  0.00
B18559742          37369201510157501033952784   614.43      5      0     0.00  0.00  0.00
B18559742          37369201510157501033923234   281.70     10      0     0.00  0.00  0.00
B18559742          37369201510157501033954412   720.58     10      0     0.00  0.00  0.00
B18559742          37369201510157501092743064   181.21     40      0     0.00  0.00  0.00
B18559742          37369201510157501089801166   295.49     10      0     0.00  0.00  0.00
B18559742          37369201510157501089801173   576.72      8      0     0.00  0.00  0.00
B18559742          37369201510157501082221084   496.49      5      0     0.00  0.00  0.00
B18559742          37369201510157501092701033    77.20     10      0     0.00  0.00  0.00
B18559742          37369201510157501328979564   425.63     15      0     0.00  0.00  0.00
B18559742          37369201510157501328979601   949.87      5      0     0.00  0.00  0.00
B18559742          37369201510157501328979656   705.84      4      0     0.00  0.00  0.00
B18559742          37369201510157501082242041   332.03     10      0     0.00  0.00  0.00
B18559742          37369201510157501165001879   781.55     10      0     0.00  0.00  0.00
B18559742          37369201510157501871720934   329.20      3      0     0.00  0.00  0.00
B18559742          37369201510157501871720941   939.99      3      0     0.00  0.00  0.00
B18559742          37369201510157501871720217   113.85      7      0     0.00  0.00  0.00
B18559742          37369201510157501092779278   271.49     10      0     0.00  0.00  0.00
B18559742          37369201510157501328980119   248.44     10      0     0.00  0.00  0.00
B18559742          37369201510157501328979113   342.63      2      0     0.00  0.00  0.00
B18559742          37369201510157501092772385   149.16      3      0     0.00  0.00  0.00
B18559742          37369201510157501165001862  1521.98      8      0     0.00  0.00  0.00
B18564885          37369201510157501088507755   951.18      2      0     0.00  0.00 18.00
B18564885          37369201510157501088604058   565.20      4      0     0.00  0.00 18.00
B18564885          37369201510157501088507687  1875.99      4      0     0.00  0.00 18.00
B18564885          37369201510157501314701322   634.47      4      0     0.00  0.00 18.00
B18564885          37369201510157501088617553   634.64      4      0     0.00  0.00 18.00
B18564885          37369201510157501094917005   499.68      2      0     0.00  0.00 18.00
B18564886          37369201510157501201400680   305.76      3      0     0.00  0.00 18.00
B18564887          37369201510153499320002448   596.99      4      0     0.00  0.00  8.00
B18564887          37369201510157501406870097    84.42      1      0    16.00  0.00  8.00
B18564888          37369201510157501033957505   365.59      2      0     0.00  0.00  0.00
B18564888          37369201510157501037908930   365.20      1      0     0.00  0.00  0.00
B18564888          37369201510157501037901030   519.49      1      0     0.00  0.00  0.00
B18564888          37369201510157501033921292   400.12      2      0     0.00  0.00  0.00
B18564888          37369201510157501092760016   210.00      4      0     0.00  0.00  0.00
B18564888          37369201510157501089804310   210.60      3      0     0.00  0.00  0.00
B18564888          37369201510157501046491874   296.32      2      0     0.00  0.00  0.00
B18564888          37369201510157501033921759   286.35      3      0     0.00  0.00  0.00
B18564889          37369201510157502209290921   489.80      4      0     0.00  0.00 10.00
B18564889          37369201510157703281001454   263.20      4      0    16.00  0.00 10.00
B18559560          37370201510158430308020561   603.00      8      0     0.00  0.00  0.00
B18559743          37370201510153499320001755   325.61      1      0     0.00  0.00  8.00
B18559743          37370201510157501123013807   241.16      2      0     0.00 16.66  8.00
B18559743          37370201510157501123015405   117.12     20      0     0.00  9.09  8.00
B18559743          37370201510157501406885206   245.16      2      0    16.00  0.00  8.00
B18559743          37370201510157501122961901   260.60      8      0     0.00  9.09  8.00
B18559743          37370201510153499320001205   249.66      4      0     0.00  0.00  8.00
B18559743          37370201510153499320003056   504.00      1      0     0.00  0.00  8.00
B18559743          37370201510157502003560572   221.52      1      0    16.00  0.00  8.00
B18559743          37370201510155702191008074   616.95      4      0     0.00  0.00  8.00
B18559743          37370201510155702191008067   625.76      4      0     0.00  0.00  8.00
B18559744          37370201510157501088507106   514.99      2      0     0.00  9.09 18.00
B18559744          37370201510157501080911185   161.22      2      0    16.00  0.00 18.00
B18559744          37370201510157501124813994  2097.31      1      0     0.00  0.00 18.00
B18559744          37370201510157501273500509   239.64      2      0    16.00  0.00 18.00
B18559744          37370201510157501273500530   154.47      2      0    16.00  0.00 18.00
B18559744          37370201510157501293200946  1189.33      2      0     0.00  0.00 18.00
B18559744          37370201510157501094913939   404.90      1      0    16.00 16.66 18.00
B18559744          37370201510157501088507632   464.75      1      0     0.00  0.00 18.00
B18559744          3737020151015 008400004628   411.70      1      0     0.00  0.00 18.00
B18559744          37370201510157501094914882  1234.99      1      0     0.00  0.00 18.00
B18559744          37370201510157501124810863   991.84      1      0     0.00  0.00 18.00
B18559744          37370201510157502209290549   539.34      1      0     0.00  0.00 18.00
B18559744          3737020151015 736085135015    85.81      1      0     0.00  0.00 18.00
B18559744          37370201510157501250840178   400.08      1      0    16.00  0.00 18.00
B18559744          37370201510157501314705542   406.06      1      0     0.00  0.00 18.00
B18559744          37370201510153282776129131   261.72      1      0    16.00  0.00 18.00
B18559745          37370201510157501318685499  1651.88      8      0     0.00  0.00 10.00
B18559745          37370201510157501390917099   219.76      4      0     0.00  0.00 10.00
B18559745          37370201510157703281001454   263.20      4      0    16.00  0.00 10.00
B18559745          37370201510157501303451573  1561.46      4      0     0.00  0.00 10.00
B18559745          37370201510157501318643482   580.21      4      0     0.00  0.00 10.00
B18559745          37370201510157501318610798   472.21      1      0     0.00  0.00 10.00
B18559745          37370201510157501318620186   787.00      1      0     0.00  0.00 10.00
B18559745          37370201510157703281007616   552.00      1      0    16.00  0.00 10.00
B18559745          37370201510157703331157506   279.64     15      0     0.00  0.00 10.00
B18559745          37370201510157501390912209   232.88      4      0     0.00  0.00 10.00
B18559745          37370201510157501390910991   296.84      4      0     0.00  0.00 10.00
B18559745          37370201510157703333007601   159.20      1      0    16.00  0.00 10.00
B18559745          37370201510157501318600508  1179.68      4      0     0.00  0.00 10.00
B18559745          37370201510157501390912551   266.50      8      0    16.00  0.00 10.00
B18559746          37370201510153433422408227   260.54      1      0    16.00  0.00 14.00
B18559746          37370201510157899026437449    84.59      3      0    16.00  0.00 14.00
B18559747          37370201510157501324403520   343.82      4      0     0.00  0.00 15.00
B18559747          37370201510157501101606236   480.80     15      0     0.00  0.00 15.00
B18559747          37370201510157501101615856   499.90     10      0     0.00  0.00 15.00
B18559747          37370201510157503006916465   368.95      4      0     0.00  0.00 15.00
B18559747          37370201510157503006916472   701.79      8      0     0.00  0.00 15.00
B18559747          37370201510157501289514460   253.51     60      0     0.00  0.00 15.00
B18559747          37370201510157501101649035   500.73     10      0     0.00  0.00 15.00
B18559747          37370201510157501101649097   671.79     10      0     0.00  0.00 15.00
B18559747          37370201510157501101654985   657.67     10      0     0.00  0.00 15.00
B18559747          37370201510157501101649660   421.01      2      0     0.00  0.00 15.00
B18559748          37370201510157501287688347   562.06      4      0     0.00  0.00 18.00
B18559748          37370201510157501050617611   846.65      4      0     0.00  0.00 18.00
B18559748          37370201510157501049721145   500.38      4      0     0.00  0.00 18.00
B18559748          37370201510157501228300291   405.00      2      0     0.00  0.00 18.00
B18559748          37370201510157501326003568   533.94      4      0     0.00  0.00 18.00
B18559748          37370201510157501201401656   308.26      2      0     0.00  0.00 18.00
B18559748          37370201510157501287669001   137.77      4      0     0.00  0.00 18.00
B18559748          37370201510157501201400406   469.75      1      0     0.00  0.00 18.00
B18559748          37370201510157501201490797   494.46     10      0     0.00  0.00 18.00
B18559748          37370201510157501050608718   819.60      1      0     0.00  0.00 18.00
B18559748          37370201510157501287624512  1019.05     15      0     0.00  0.00 18.00
B18559748          37370201510157501287624529  1260.51     40      0     0.00  0.00 18.00
B18559748          37370201510157501050617208   646.60      4      0     0.00  0.00 18.00
B18559748          37370201510157501326000383   734.45      8      0     0.00  0.00 18.00
B18559748          37370201510157501326004947   909.98     20      0     0.00  0.00 18.00
B18559748          37370201510157501287688361   667.51      4      0     0.00  0.00 18.00
B18559748          37370201510157501287688576   620.90      2      0     0.00  0.00 18.00
B18559748          37370201510157501326007368  1085.76      8      0     0.00  0.00 18.00
B18559748          37370201510157502216930551   329.20      2      0     0.00  5.00 18.00
B18559748          37370201510157501287613516   647.82      4      0     0.00  0.00 18.00
B18559748          37370201510157501201400710   329.33     20      0    16.00  0.00 18.00
B18559748          37370201510157501108767923  1278.70      8      0     0.00  0.00 18.00
B18559748          37370201510157501201400635   751.62      8      0     0.00  0.00 18.00
B18559748          37370201510157501201400659   431.46     20      0    16.00  0.00 18.00
B18559748          37370201510157501326008402   975.88     10      0     0.00  0.00 18.00
B18559748          37370201510157501326000925   513.27      8      0     0.00  0.00 18.00
B18559748          37370201510157501326001137   888.34     20      0     0.00  0.00 18.00
B18559748          37370201510157501326001977  1187.82     62      0     0.00  0.00 18.00
B18559748          37370201510157501326000864  1035.49     20      0     0.00  0.00 18.00
B18559748          37370201510157501326004176   459.72     30      0     0.00  0.00 18.00
B18559748          37370201510153282779369084   314.83      4      0    16.00  0.00 18.00
B18559748          37370201510157503003746188  1266.40      1      0     0.00  0.00 18.00
B18559748          3737020151015 300093116016   264.89      1      0     0.00  0.00 18.00
B18559748          37370201510157501201400727   968.37      8      0     0.00  0.00 18.00
B18559748          37370201510157502216930599   186.87      1      0     0.00  0.00 18.00
B18559749          37370201510157501094916848  1020.25      4      0     0.00  0.00 18.00
B18559749          37370201510157501385494192   282.40      8      0     0.00  0.00 18.00
B18559749          37370201510157501273500387   206.67     10      0    16.00  0.00 18.00
B18559749          37370201510157501250822174   506.82      4      0     0.00  4.76 18.00
B18559749          37370201510157501088507670  1025.37     10      0     0.00  0.00 18.00
B18559749          37370201510157501273500417   223.15     10      0    16.00  0.00 18.00
B18559749          37370201510157501088507625   291.66      4      0     0.00  0.00 18.00
B18559749          37370201510157501250838915   767.56     10      0     0.00  4.76 18.00
B18559749          37370201510157503000883404   669.61      4      0     0.00  2.00 18.00
B18559749          37370201510157502261160767   535.34     10      0     0.00  0.00 18.00
B18559749          37370201510157501124816520   219.76      8      0     0.00  0.00 18.00
B18559749          37370201510157501258203234   697.87      8      0     0.00  0.00 18.00
B18559749          37370201510157501070902384   325.67      8      0     0.00  0.00 18.00
B18559749          37370201510157501250810645   290.08      8      0     0.00  4.76 18.00
B18559749          37370201510157501094916671   949.22      4      0     0.00  0.00 18.00
B18559749          37370201510157501314701773   350.37      4      0     0.00  0.00 18.00
B18559749          37370201510157501250818689   363.41     50      0     0.00  4.76 18.00
B18559749          37370201510157501168810508   394.42      8      0     0.00  0.00 18.00
B18559749          37370201510157501314701766   362.59      4      0     0.00  0.00 18.00
B18559749          37370201510157501088504808   443.26     30      0     0.00  0.00 18.00
B18559749          3737020151015 736085126006   193.30      8      0     0.00  0.00 18.00
B18559749          37370201510157501088618451   440.27      8      0     0.00  0.00 18.00
B18559749          37370201510157501088617553   634.64      4      0     0.00  0.00 18.00
B18559749          37370201510157501384541248   876.09      4      0     0.00  0.00 18.00
B18559749          37370201510157501250838939   469.34     30      0     0.00  4.76 18.00
B18559749          37370201510157502209290488   646.13      8      0     0.00  0.00 18.00
B18559749          37370201510157501384541217   317.21      4      0     0.00  0.00 18.00
B18559749          37370201510157501250813295   934.60     40      0     0.00  0.00 18.00
B18559749          37370201510157501124815851  1076.23      8      0     0.00  0.00 18.00
B18559749          37370201510157501314704934   313.01      8      0     0.00  0.00 18.00
B18559749          37370201510157501088619458   525.87      4      0     0.00  9.09 18.00
B18559749          37370201510157501088504501   272.61     40      0     0.00  0.00 18.00
B18559749          37370201510157501080912076   147.68     20      0    16.00  0.00 18.00
B18559749          37370201510157501250839233   598.08      8      0     0.00  4.76 18.00
B18559749          37370201510153282776432026   106.21      4      0    16.00  0.00 18.00
B18559749          37370201510157501299307168   586.65     20      0     0.00  0.00 18.00
B18559749          3737020151015 736085409833   440.21      8      0     0.00  0.00 18.00
B18559749          3737020151015 008400004277   352.57      2      0     0.00  0.00 18.00
B18559749          37370201510154030571000389   318.47      2      0    16.00 16.66 18.00
B18559749          37370201510157501168890180   334.56     15      0     0.00  0.00 18.00
B18559749          3737020151015 736085280005   317.61     15      0    16.00  0.00 18.00
B18559749          37370201510157501124103118   203.11      8      0     0.00  0.00 18.00
B18559749          37370201510157501088507755   951.18      8      0     0.00  0.00 18.00
B18559749          37370201510157503007704658   306.57     15      0     0.00  0.00 18.00
B18559749          37370201510157501088507618   570.34      8      0     0.00  0.00 18.00
B18559749          37370201510157501124855208   310.00     10      0     0.00  0.00 18.00
B18559749          37370201510157501314704828   313.01     10      0     0.00  0.00 18.00
B18559749          37370201510157502209290075   518.34      8      0     0.00  0.00 18.00
B18559749          37370201510157501070903695   318.40      8      0     0.00  0.00 18.00
B18559749          37370201510157501168810713   482.98      4      0     0.00  0.00 18.00
B18559750          37370201510157501108762942   557.50      1      0     0.00  0.00  5.00
B18559751          37370201510157501037920154   778.76      1      0     0.00  0.00  0.00
B18559751          37370201510157841141003528   191.05     73      0     0.00  0.00  0.00
B18559751          37370201510158027950210497   714.00      8      0     0.00  0.00  0.00
B18559751          37370201510157502257270067   446.82      4      0     0.00  0.00  0.00
B18559751          37370201510157502257270036   276.07      4      0     0.00  0.00  0.00
B18559751          37370201510157501089803351   152.28      4      0     0.00  0.00  0.00
B18559751          37370201510158430308015901   480.27      1      0     0.00  0.00  0.00
B18559751          37370201510157501033957871   541.35      8      0     0.00  0.00  0.00
B18559751          37370201510157501033958861   893.57      4      0     0.00  0.00  0.00
B18559752          37370201510157501871730315   336.77      4      0     0.00  0.00  0.00
B18559752          37370201510157501871720446   588.65      4      0     0.00  0.00  0.00
B18559752          37370201510157501089803177   171.72     30      0     0.00  0.00  0.00
B18559752          37370201510157501089800077   181.44      8      0     0.00  0.00  0.00
B18559752          37370201510157501089800473   311.69     15      0     0.00  0.00  0.00
B18559752          37370201510157501124723170   244.90      1      0     0.00  0.00  0.00
B18559752          37370201510157501871720941   939.99      8      0     0.00  0.00  0.00
B18559752          37370201510157501089809445   122.47      4      0     0.00  0.00  0.00
B18559752          37370201510157501871730155  1060.64      1      0     0.00  0.00  0.00
B18559752          37370201510157501871720668   157.78      8      0     0.00  0.00  0.00
B18559752          37370201510157501871720682   353.46     10      0     0.00  0.00  0.00
B18559752          37370201510157501871720590   719.62     35      0     0.00  0.00  0.00
B18559752          37370201510157501089809506   113.40      4      0     0.00  0.00  0.00
B18559752          37370201510157501082212297  1129.29     15      0     0.00  0.00  0.00
B18559752          37370201510157501289501613   207.34      1      0     0.00  0.00  0.00
B18559752          37370201510157501082212136   893.24     10      0     0.00  0.00  0.00
B18559752          37370201510157501082212181   562.17      8      0     0.00  0.00  0.00
B18559752          37370201510157501089804099   255.96      8      0     0.00  0.00  0.00
B18559752          37370201510157501098610810   240.00      1      0     0.00  0.00  0.00
B18559752          37370201510157501098611329   405.00     70      0     0.00  0.00  0.00
B18559752          37370201510157501098610803   183.00      4      0     0.00  0.00  0.00
B18559752          37370201510157501089803047   314.28      2      0     0.00  0.00  0.00
B18559752          37370201510157501298234601   215.18      4      0     0.00  0.00  0.00
B18559752          37370201510157501298213040   380.22      1      0     0.00  0.00  0.00
B18559752          37370201510157501064551673   498.28      4      0     0.00  0.00  0.00
B18559752          37370201510157501037980189   722.26      8      0     0.00  0.00  0.00
B18559752          37370201510157501082224214   969.30      1      0     0.00  0.00  0.00
B18559752          37370201510157501037908671   714.88     15      0     0.00  0.00  0.00
B18559752          37370201510158020030053106   380.01      4      0     0.00  0.00  0.00
B18559752          37370201510157501165006683   310.14      4      0     0.00  0.00  0.00
B18559752          37370201510157501165006386   261.31      1      0     0.00  0.00  0.00
B18559752          37370201510155033439034211   250.51      1      0     0.00  0.00  0.00
B18559752          37370201510157501871721214   739.30     30      0     0.00  0.00  0.00
B18559752          37370201510157501037946246   762.43     10      0     0.00  0.00  0.00
B18559752          37370201510157501043166522   705.24     15      0     0.00  0.00  0.00
B18559752          37370201510157501009071938  1099.47      1      0     0.00  0.00  0.00
B18559752          37370201510157501009071471   137.35      8      0     0.00  0.00  0.00
B18559752          37370201510157501089802033   234.58      4      0     0.00  0.00  0.00
B18559752          37370201510157501324402851   257.00      1      0     0.00  0.00  0.00
B18559752          37370201510157501324402868   422.00      1      0     0.00  0.00  0.00
B18559752          37370201510157501324403612   728.00      8      0     0.00  0.00  0.00
B18559752          37370201510157501082221084   496.49      8      0     0.00  0.00  0.00
B18559752          37370201510157501082242041   332.03     10      0     0.00  0.00  0.00
B18559752          37370201510157501092760016   210.00      8      0     0.00  0.00  0.00
B18559752          37370201510157501033952784   614.43      4      0     0.00  0.00  0.00
B18559752          37370201510157501034630070    88.82      1      0     0.00  0.00  0.00
B18559752          37370201510157501324402516   356.00      1      0     0.00  0.00  0.00
B18559752          37370201510157501033920356   614.57      8      0     0.00  0.00  0.00
B18559752          37370201510157501328979229   780.07     10      0     0.00  0.00  0.00
B18559752          37370201510157501092793038   140.65      1      0     0.00  0.00  0.00
B18559710          37372201510157501101615856   499.90      8      0     0.00  0.00 15.00
B18559710          37372201510157501289514460   253.51     45      0     0.00  0.00 15.00
B18559710          37372201510157501101649097   671.79      8      0     0.00  0.00 15.00
B18559711          37372201510157501326004947   909.98     70      0     0.00  0.00 18.00
B18559711          37372201510157501094914431   464.08     45      0     0.00  0.00 18.00
B18559711          37372201510157501326008402   975.88     15      0     0.00  0.00 18.00
B18559711          37372201510157501326001137   888.34     10      0     0.00  0.00 18.00
B18559711          37372201510157501326001977  1187.82     70      0     0.00  0.00 18.00
B18559711          37372201510157501326000864  1035.49     21      0     0.00  0.00 18.00
B18559711          37372201510157501228300291   405.00      4      0     0.00  0.00 18.00
B18559711          37372201510157501287624529  1260.51     60      0     0.00  0.00 18.00
B18559711          37372201510157501201400567   363.86     15      0     0.00  0.00 18.00
B18559711          3737220151015 300090887018   362.49     45      0     0.00  0.00 18.00
B18559711          37372201510157501287620507   482.43     90      0     0.00  0.00 18.00
B18559711          37372201510157501287613516   647.82      3      0     0.00  0.00 18.00
B18559711          37372201510157501287652362   582.61      4      0     0.00  9.09 18.00
B18559711          37372201510157501201400659   431.46     15      0    16.00  0.00 18.00
B18559711          37372201510157502224228763   554.38      4      0    16.00  0.00 18.00
B18559711          37372201510157502216931848   508.82      2      0     0.00  0.00 18.00
B18559712          37372201510157501088504808   443.26     90      0     0.00  0.00 18.00
B18559712          37372201510157501091440117   500.25     90      0     0.00  0.00 18.00
B18559712          37372201510157501070901059   408.50     15      0     0.00  0.00 18.00
B18559712          37372201510157501250838212   404.97     15      0     0.00  4.76 18.00
B18559712          37372201510157501385494215   375.20      8      0     0.00  0.00 18.00
B18559712          37372201510157501124760076   350.20      8      0     0.00  0.00 18.00
B18559712          37372201510157501250818689   363.41     90      0     0.00  4.76 18.00
B18559712          3737220151015 736085280005   317.61     15      0    16.00  0.00 18.00
B18559712          37372201510157501124855208   310.00     15      0     0.00  0.00 18.00
B18559712          37372201510154030571000389   318.47      8      0    16.00 16.66 18.00
B18559712          37372201510157503007315021   234.36      4      0     0.00  0.00 18.00
B18559712          37372201510157501124103118   203.11     15      0     0.00  0.00 18.00
B18559712          37372201510157501299302330   202.21      7      0     0.00  0.00 18.00
B18559712          37372201510157501080912076   147.68     45      0    16.00  0.00 18.00
B18559712          37372201510154035710006628   167.01      1      0    16.00 16.66 18.00
B18559712          37372201510157501088507670  1025.37      4      0     0.00  0.00 18.00
B18559712          37372201510157501080912274   136.02     15      0    16.00  0.00 18.00
B18559712          37372201510157501088507755   951.18      4      0     0.00  0.00 18.00
B18559712          37372201510157501250813295   934.60     70      0     0.00  0.00 18.00
B18559712          37372201510157501125110702    29.60     90      0     0.00  0.00 18.00
B18559712          3737220151015 786759200877    10.60     70      0     0.00  0.00 18.00
B18559712          37372201510157501299307168   586.65      5      0     0.00  0.00 18.00
B18559712          3737220151015 786759213068     9.47     90      0     0.00  0.00 18.00
B18559712          37372201510157501088604058   565.20      2      0     0.00  0.00 18.00
B18559712          37372201510157501250813363   535.34     15      0     0.00  0.00 18.00
B18559712          37372201510157501168870625   527.26      5      0     0.00  0.00 18.00
B18559713          37372201510157503013040313   287.55      1      0     0.00  0.00  5.00
B18559714          37372201510157501033921292   400.12      4      0     0.00  0.00  0.00
B18559714          37372201510157501328979564   425.63      8      0     0.00  0.00  0.00
B18559714          37372201510157501092743064   181.21     90      0     0.00  0.00  0.00
B18559714          37372201510157501092760016   210.00      4      0     0.00  0.00  0.00
B18559714          37372201510157501092771975   215.23     45      0     0.00  0.00  0.00
B18559714          37372201510157501033923166   509.81      4      0     0.00  0.00  0.00
B18559714          37372201510157501089808936   345.38      8      0     0.00  0.00  0.00
B18559714          37372201510157501098611329   405.00    180      0     0.00  0.00  0.00
B18559714          37372201510157501050606578   208.75      4      0     0.00  0.00  0.00
B18559714          37372201510157501098602594   389.00      4      0     0.00  0.00  0.00
B18559714          37372201510157501089808943   673.92      8      0     0.00  0.00  0.00
B18559714          37372201510157501089809445   122.47      4      0     0.00  0.00  0.00
B18559714          37372201510157501871720590   719.62     46      0     0.00  0.00  0.00
B18559714          37372201510157501098633260   473.00     70      0     0.00  0.00  0.00
B18559714          37372201510157501089804310   210.60      8      0     0.00  0.00  0.00
B18559714          37372201510157501098605755   369.00      4      0     0.00  0.00  0.00
B18559714          37372201510157501092777212   384.02      8      0     0.00  0.00  0.00
B18559714          37372201510157501871721214   739.30     40      0     0.00  0.00  0.00
B18559714          3737220151015 768455106974   463.19      1      0    16.00  0.00  0.00
B18559714          37372201510157501037905588   489.91     10      0     0.00  0.00  0.00
B18559714          37372201510157501300407054    67.50     30      0     0.00  0.00  0.00
B18559714          37372201510157841141003436   255.61     90      0     0.00  0.00  0.00
B18559714          37372201510157502009340147    60.59      8      0     0.00  0.00  0.00
B18559714          37372201510157501008427330    72.80      2      0     0.00  0.00  0.00
B18559714          37372201510157501033952760   275.74     30      0     0.00  0.00  0.00
B18559714          37372201510157501033952784   614.43      4      0     0.00  0.00  0.00
B18559714          37372201510157502009340130    30.80     15      0     0.00  0.00  0.00
B18559714          37372201510157501033950827   486.91     10      0     0.00  0.00  0.00
B18559715          37372201510157501318610798   472.21      8      0     0.00  0.00 10.00
B18559715          37372201510157703331157506   279.64     30      0     0.00  0.00 10.00
B18559715          37372201510157503006698323   173.49     15      0    16.00  0.00 10.00
B18559715          37372201510157501318685499  1651.88      8      0     0.00  0.00 10.00
B18559558          37373201510157501088507052  1246.27      2      0     0.00  0.00 10.00
B18559716          37373201510157501108762942   557.50     10      0     0.00  0.00  5.00
B18559716          37373201510157501088507007   498.67     10      0     0.00  0.00  5.00
B18559717          37373201510157501287688552   620.74      2      0     0.00  0.00 18.00
B18559717          37373201510157501287624529  1260.51     10      0     0.00  0.00 18.00
B18559717          37373201510157501201400567   363.86     15      0     0.00  0.00 18.00
B18559717          37373201510157501201400680   305.76      5      0     0.00  0.00 18.00
B18559717          37373201510157501050617185   761.96      3      0     0.00  0.00 18.00
B18559717          37373201510157501287669001   137.77      5      0     0.00  0.00 18.00
B18559717          37373201510157501287669032   168.97      5      0     0.00  0.00 18.00
B18559717          37373201510157501287619105   618.85     10      0     0.00  0.00 18.00
B18559717          37373201510157501201400710   329.33     25      0    16.00  0.00 18.00
B18559717          37373201510157501326000383   734.45      5      0     0.00  0.00 18.00
B18559717          37373201510157501108767923  1278.70      5      0     0.00  0.00 18.00
B18559717          37373201510157501201400635   751.62      5      0     0.00  0.00 18.00
B18559717          37373201510157501201400833   637.76     10      0     0.00  0.00 18.00
B18559717          37373201510157502216930865   270.19      5      0     0.00  0.00 18.00
B18559717          37373201510157501326004947   909.98     40      0     0.00  0.00 18.00
B18559717          37373201510157501326007368  1085.76      3      0     0.00  0.00 18.00
B18559717          37373201510157501326008396   932.20      6      0     0.00  0.00 18.00
B18559717          37373201510157501326008402   975.88     15      0     0.00  0.00 18.00
B18559717          37373201510157501326001137   888.34     15      0     0.00  0.00 18.00
B18559717          37373201510157501326001977  1187.82     60      0     0.00  0.00 18.00
B18559717          37373201510157501326000864  1035.49     25      0     0.00  0.00 18.00
B18559717          37373201510157501326004176   459.72     30      0     0.00  0.00 18.00
B18559717          37373201510157501326003476   293.96      3      0     0.00  0.00 18.00
B18559717          37373201510157501201400352   649.91      5      0     0.00  0.00 18.00
B18559718          37373201510157501089803351   152.28      6      0     0.00  0.00  0.00
B18559718          37373201510157501043100137   602.93      3      0     0.00  0.00  0.00
B18559718          37373201510157501098607834   421.00      2      0     0.00  0.00  0.00
B18559718          37373201510158902220117020   502.22      3      0     0.00  0.00  0.00
B18559718          37373201510157501300407177   254.38     10      0     0.00  0.00  0.00
B18559718          37373201510157841141003436   255.61     40      0     0.00  0.00  0.00
B18559718          37373201510157501088505485   106.75      3      0     0.00  0.00  0.00
B18559718          37373201510153401053831356    59.66      9      0    16.00  0.00  0.00
B18559718          37373201510157501037980226   698.20      5      0     0.00  0.00  0.00
B18559718          37373201510157501037905588   489.91     15      0     0.00  0.00  0.00
B18559718          37373201510157501300409799   191.88     10      0     0.00  0.00  0.00
B18559718          37373201510157501037908671   714.88      5      0     0.00  0.00  0.00
B18559718          37373201510157501871721214   739.30     30      0     0.00  0.00  0.00
B18559718          37373201510157501098605915   776.00     10      0     0.00  0.00  0.00
B18559718          37373201510157501037946246   762.43     10      0     0.00  0.00  0.00
B18559718          37373201510157502257270067   446.82     10      0     0.00  0.00  0.00
B18559718          37373201510157502257270036   276.07     10      0     0.00  0.00  0.00
B18559719          37373201510153499320002448   596.99     10      0     0.00  0.00  8.00
B18559719          37373201510157501188801272   238.60      5      0     0.00  9.00  8.00
B18559719          37373201510157501123015405   117.12     10      0     0.00  9.09  8.00
B18559719          37373201510157501123010608   254.76      6      0     0.00  9.09  8.00
B18559719          37373201510157501122960317   276.17      3      0     0.00  9.09  8.00
B18559719          37373201510157501123010738   231.71      2      0     0.00  9.09  8.00
B18559720          37373201510157501250838533   418.00     10      0     0.00  4.76 18.00
B18559720          37373201510157502209290075   518.34      9      0     0.00  0.00 18.00
B18559720          37373201510157501168810508   394.42     10      0     0.00  0.00 18.00
B18559720          37373201510157501250838359   395.19      9      0     0.00  4.76 18.00
B18559720          3737320151015 008400004536   222.37     10      0     0.00  0.00 18.00
B18559720          37373201510157501250838311   946.01      8      0     0.00  4.76 18.00
B18559720          37373201510157501094916855   991.00      9      0     0.00  0.00 18.00
B18559720          37373201510157501088617553   634.64      8      0     0.00  0.00 18.00
B18559720          37373201510157501094916848  1020.25      9      0     0.00  0.00 18.00
B18559720          37373201510157501124814052   824.72     10      0     0.00  0.00 18.00
B18559720          37373201510157501088507670  1025.37      7      0     0.00  0.00 18.00
B18559720          37373201510157501088507687  1875.99      7      0     0.00  0.00 18.00
B18559720          37373201510157501070900243   287.98     10      0     0.00  0.00 18.00
B18559720          37373201510157501094914103   186.33      6      0     0.00  0.00 18.00
B18559720          37373201510157501250813530   748.01     10      0     0.00  4.76 18.00
B18559720          3737320151015 008400005489   408.75      5      0     0.00  0.00 18.00
B18559720          37373201510157501314701322   634.47      5      0     0.00  0.00 18.00
B18559720          37373201510157501314705535   744.45     10      0     0.00  0.00 18.00
B18559720          37373201510157503007315021   234.36      5      0     0.00  0.00 18.00
B18559720          37373201510157501385494192   282.40     10      0     0.00  0.00 18.00
B18559720          37373201510157501070903695   318.40     10      0     0.00  0.00 18.00
B18559720          3737320151015 736085405668   365.39      5      0     0.00  0.00 18.00
B18559720          3737320151015 736085126006   193.30      5      0     0.00  0.00 18.00
B18559720          37373201510157501088504501   272.61     10      0     0.00  0.00 18.00
B18559720          37373201510157501088617058   565.20      5      0     0.00  0.00 18.00
B18559720          37373201510157501314704552   118.14     10      0     0.00  0.00 18.00
B18559720          37373201510157501088513510   665.72     10      0     0.00  0.00 18.00
B18559720          37373201510157501088604058   565.20      5      0     0.00  0.00 18.00
B18559720          37373201510157501088513527   665.72     10      0     0.00  0.00 18.00
B18559720          37373201510157501092780014   143.02     10      0     0.00 13.04 18.00
B18559720          37373201510157501088504822   479.93     10      0     0.00  0.00 18.00
B18559720          37373201510157501314703227   287.63     10      0     0.00  0.00 18.00
B18559720          37373201510157501124855208   310.00     10      0     0.00  0.00 18.00
B18559720          37373201510157501168890180   334.56     10      0     0.00  0.00 18.00
B18559720          37373201510157501022110263   407.00     10      0     0.00  0.00 18.00
B18559720          37373201510157501250838939   469.34     10      0     0.00  4.76 18.00
B18559720          37373201510157502209290211   759.83     10      0     0.00  0.00 18.00
B18559720          37373201510157502209290082   456.82     10      0     0.00  0.00 18.00
B18559720          37373201510157501250838212   404.97     15      0     0.00  4.76 18.00
B18559720          37373201510157501250818689   363.41     20      0     0.00  4.76 18.00
B18559720          37373201510157501250813363   535.34     10      0     0.00  0.00 18.00
B18559720          37373201510157501070615277   352.36     60      0     0.00  9.09 18.00
B18559720          37373201510157501088504808   443.26     15      0     0.00  0.00 18.00
B18559720          37373201510157503007704658   306.57     10      0     0.00  0.00 18.00
B18559720          3737320151015 736085905373   694.22     10      0     0.00  0.00 18.00
B18559720          37373201510157501250810645   290.08     25      0     0.00  4.76 18.00
B18559720          37373201510157501250813295   934.60     25      0     0.00  0.00 18.00
B18559720          37373201510157501299307168   586.65     15      0     0.00  0.00 18.00
B18559720          37373201510157501088504365   495.74     15      0     0.00  0.00 18.00
B18559720          37373201510157501250838786   528.82     25      0     0.00  0.00 18.00
B18559721          37373201510157501318600508  1179.68      5      0     0.00  0.00 10.00
B18559721          37373201510157501303457513   292.20      2      0     0.00  0.00 10.00
B18559721          37373201510157502246642820   909.82      2      0     0.00  0.00 10.00
B18559721          37373201510157501293201660   323.57     10      0     0.00  0.00 10.00
B18559721          37373201510157502209290938   501.68      5      0     0.00  0.00 10.00
B18559721          37373201510157502209290921   489.80      5      0     0.00  0.00 10.00
B18559721          37373201510157501318643482   580.21      2      0     0.00  0.00 10.00
B18559721          37373201510157501318610798   472.21      3      0     0.00  0.00 10.00
B18559721          37373201510157703281004325   159.20      5      0    16.00  0.00 10.00
B18559721          37373201510157703331157506   279.64     10      0     0.00  0.00 10.00
B18559721          37373201510157501390911028   482.98      5      0     0.00  0.00 10.00
B18559721          37373201510157501390911035   268.14      5      0     0.00  0.00 10.00
B18559721          37373201510157705849004037   559.20      2      0    16.00  0.00 10.00
B18559722          37373201510157501101615856   499.90     15      0     0.00  0.00 15.00
B18559722          37373201510157501289514460   253.51     40      0     0.00  0.00 15.00
B18559722          37373201510157501101649097   671.79     15      0     0.00  0.00 15.00
B18559723          3737320151015 736085207842   437.11      3      0    16.00  0.00 18.00
B18559723          37373201510157501384541248   876.09      3      0     0.00  0.00 18.00
B18559723          37373201510157501385491085   181.86      3      0     0.00  9.09 18.00
B18559723          37373201510157503000883404   669.61      3      0     0.00  2.00 18.00
B18559723          37373201510157501293200946  1189.33      3      0     0.00  0.00 18.00
B18559723          37373201510157503007315014   209.16      2      0     0.00  0.00 18.00
B18559723          37373201510157502209290181   438.71      2      0     0.00  0.00 18.00
B18559723          37373201510158470003504546   257.00      2      0    16.00  0.00 18.00
B18559723          37373201510157501095435027   355.89      5      0     0.00  0.00 18.00
B18559723          37373201510157501168810713   482.98      5      0     0.00  0.00 18.00
B18559723          3737320151015 736085280098   241.04      2      0     0.00  0.00 18.00
B18559723          37373201510157501088542756    85.56      2      0     0.00  0.00 18.00
B18559723          37373201510157501314704934   313.01      5      0     0.00  0.00 18.00
B18559723          37373201510157501168810621   172.20      1      0     0.00  0.00 18.00
B18559723          37373201510157501088506680   260.46      1      0     0.00  0.00 18.00
B18559723          37373201510157501070635756   297.90      5      0     0.00  9.09 18.00
B18559723          37373201510157501088579615    88.28      5      0     0.00  0.00 18.00
B18559723          3737320151015 736085156096   175.90      2      0     0.00  0.00 18.00
B18559723          37373201510157501258203234   697.87      5      0     0.00  0.00 18.00
B18559723          37373201510157501250838946   879.19      5      0     0.00  0.00 18.00
B18559723          3737320151015 008400005229   268.94      5      0     0.00 16.66 18.00
B18559723          37373201510157501299307205   398.21      3      0     0.00  0.00 18.00
B18559723          37373201510157501258200028   160.14      2      0     0.00  0.00 18.00
B18559723          37373201510157501070902384   325.67      3      0     0.00  0.00 18.00
B18559723          37373201510158470002358201   540.00      1      0    16.00 15.00 18.00
B18559723          3737320151015 008400000767   121.61      3      0     0.00  0.00 18.00
B18559723          3737320151015 008400000774   123.41      3      0     0.00  0.00 18.00
B18559724          37373201510157501033954412   720.58     15      0     0.00  0.00  0.00
B18559724          37373201510157501092773511   283.92      5      0     0.00  0.00  0.00
B18559724          37373201510157501409201270   325.98     10      0     0.00  0.00  0.00
B18559724          37373201510157501082242096  1255.87      2      0     0.00  0.00  0.00
B18559724          37373201510157501082242072   735.63      2      0     0.00  0.00  0.00
B18559724          37373201510157501089801265   266.98      3      0     0.00  0.00  0.00
B18559724          37373201510157501089800268   198.94      3      0     0.00  0.00  0.00
B18559724          37373201510157501089800664   486.00      6      0     0.00  0.00  0.00
B18559724          37373201510153393370037408   677.23      5      0     0.00  0.00  0.00
B18559724          37373201510157501871720668   157.78     10      0     0.00  0.00  0.00
B18559724          37373201510157501871720675   139.21     10      0     0.00  0.00  0.00
B18559724          37373201510157501871720682   353.46     15      0     0.00  0.00  0.00
B18559724          37373201510157501871720590   719.62     30      0     0.00  0.00  0.00
B18559724          37373201510157501082212136   893.24     15      0     0.00  0.00  0.00
B18559724          37373201510157501082212198   562.17      5      0     0.00  0.00  0.00
B18559724          37373201510157501871720217   113.85      3      0     0.00  0.00  0.00
B18559724          37373201510157501089803160    90.07      5      0     0.00  0.00  0.00
B18559724          37373201510157501089803177   171.72     15      0     0.00  0.00  0.00
B18559724          37373201510157501091440629   657.00      3      0     0.00  0.00  0.00
B18559724          37373201510157501050625272    82.85     25      0    16.00  0.00  0.00
B18559724          37373201510157501298269009   237.74      3      0     0.00  0.00  0.00
B18559724          37373201510157501037980172   612.08      5      0     0.00  0.00  0.00
B18559724          37373201510157501098605229  1161.00      3      0     0.00  0.00  0.00
B18559724          37373201510157501089801180   304.56      3      0     0.00  0.00  0.00
B18559724          37373201510157501298213040   380.22      5      0     0.00  0.00  0.00
B18559724          37373201510157501089804136   174.96      2      0     0.00  0.00  0.00
B18559724          37373201510157501089804327   210.60      2      0     0.00  0.00  0.00
B18559724          37373201510157501871720750   352.60      5      0     0.00  0.00  0.00
B18559724          37373201510157501098610810   240.00      5      0     0.00  0.00  0.00
B18559724          37373201510157501098611305   284.00     25      0     0.00  0.00  0.00
B18559724          37373201510157501098611329   405.00     70      0     0.00  0.00  0.00
B18559724          37373201510157501082212228   867.52      5      0     0.00  0.00  0.00
B18559724          37373201510157501098610803   183.00     10      0     0.00  0.00  0.00
B18559724          37373201510157501089804013   174.96      2      0     0.00  0.00  0.00
B18559724          37373201510157501324402868   422.00      3      0     0.00  0.00  0.00
B18559724          37373201510157501298209067   282.18     10      0     0.00  0.00  0.00
B18559724          37373201510155034642021753   620.96      5      0     0.00  0.00  0.00
B18559724          37373201510155034642032575   661.86      5      0     0.00  0.00  0.00
B18559724          37373201510157501009071938  1099.47     15      0     0.00  0.00  0.00
B18559724          37373201510157501009071471   137.35     10      0     0.00  0.00  0.00
B18559724          37373201510157501324403711  2417.00      2      0     0.00  0.00  0.00
B18559724          37373201510157501098621175   171.00      5      0     0.00  0.00  0.00
B18559724          37373201510157501098624114   344.00      5      0     0.00  0.00  0.00
B18559724          37373201510157501098633253   262.00      2      0     0.00  0.00  0.00
B18559724          37373201510157501098633260   473.00     30      0     0.00  0.00  0.00
B18559724          37373201510157501037980189   722.26      5      0     0.00  0.00  0.00
B18559724          37373201510157501033921759   286.35     10      0     0.00  0.00  0.00
B18559724          37373201510157501082224214   969.30     30      0     0.00  0.00  0.00
B18559724          37373201510157501098602587   454.00      3      0     0.00  0.00  0.00
B18559724          37373201510157501098621151   249.00      3      0     0.00  0.00  0.00
B18559559          37374201510158430308020561   603.00      4      0     0.00  0.00  0.00
B18559725          37374201510157501250813530   748.01     30      0     0.00  4.76 18.00
B18559725          37374201510157501250818689   363.41     30      0     0.00  4.76 18.00
B18559725          37374201510157501088504808   443.26     30      0     0.00  0.00 18.00
B18559725          37374201510157503007704658   306.57     20      0     0.00  0.00 18.00
B18559725          37374201510157501250838786   528.82     25      0     0.00  0.00 18.00
B18559725          37374201510157501070903695   318.40     20      0     0.00  0.00 18.00
B18559725          3737420151015 736085905373   694.22     10      0     0.00  0.00 18.00
B18559725          37374201510157501168810706   200.90     13      0     0.00  0.00 18.00
B18559725          37374201510157501314705535   744.45      8      0     0.00  0.00 18.00
B18559725          37374201510157501070902384   325.67     20      0     0.00  0.00 18.00
B18559725          37374201510157501168890166   244.36     13      0     0.00  0.00 18.00
B18559725          37374201510157501094916855   991.00      8      0     0.00  0.00 18.00
B18559725          37374201510157503000883404   669.61      8      0     0.00  2.00 18.00
B18559725          37374201510157501273500073   171.49      8      0    16.00  0.00 18.00
B18559725          37374201510154035710006628   167.01      8      0    16.00 16.66 18.00
B18559725          37374201510157501088617058   565.20      8      0     0.00  0.00 18.00
B18559725          37374201510157501088604058   565.20      8      0     0.00  0.00 18.00
B18559725          37374201510157501124815899  1341.11      8      0     0.00  0.00 18.00
B18559725          37374201510157501094916558   289.95      4      0     0.00  0.00 18.00
B18559725          37374201510154030571000389   318.47      4      0    16.00 16.66 18.00
B18559725          37374201510157501094917081   364.21      4      0    16.00  0.00 18.00
B18559725          37374201510157501094917012   987.66      4      0     0.00  0.00 18.00
B18559725          37374201510157501094916688   955.07      4      0     0.00  0.00 18.00
B18559725          37374201510157501094916671   949.22      4      0     0.00  0.00 18.00
B18559725          37374201510157501124814007  2097.31      4      0     0.00  0.00 18.00
B18559725          3737420151015 736085011937   115.72      2      0     0.00  0.00 18.00
B18559725          37374201510157501168890180   334.56      8      0     0.00  0.00 18.00
B18559725          37374201510157501088504501   272.61     20      0     0.00  0.00 18.00
B18559725          37374201510157501250810645   290.08     20      0     0.00  4.76 18.00
B18559725          37374201510157501088507670  1025.37     13      0     0.00  0.00 18.00
B18559725          3737420151015 736085126006   193.30     13      0     0.00  0.00 18.00
B18559725          3737420151015 736085280005   317.61     10      0    16.00  0.00 18.00
B18559725          37374201510157501250813363   535.34     20      0     0.00  0.00 18.00
B18559725          37374201510157501088617959   461.28     13      0    16.00  0.00 18.00
B18559725          37374201510157501124855208   310.00     10      0     0.00  0.00 18.00
B18559725          37374201510157501250838915   767.56     13      0     0.00  4.76 18.00
B18559725          37374201510157502209290471   484.87      8      0     0.00  0.00 18.00
B18559725          37374201510157502209290488   646.13      8      0     0.00  0.00 18.00
B18559725          37374201510157501094916848  1020.25      8      0     0.00  0.00 18.00
B18559725          37374201510157501314703227   287.63     16      0     0.00  0.00 18.00
B18559726          37374201510157501043100137   602.93      8      0     0.00  0.00  0.00
B18559727          37374201510157501122969808   113.17      4      0     0.00  9.09  8.00
B18559727          37374201510157501123016907   334.55      4      0     0.00  9.09  8.00
B18559727          37374201510157501122961901   260.60     13      0     0.00  9.09  8.00
B18559727          37374201510153499320002868   353.70      4      0     0.00  0.00  8.00
B18559727          37374201510157501390912766   496.10      8      0    16.00  0.00  8.00
B18559727          37374201510157501122960317   276.17      4      0     0.00  9.09  8.00
B18559727          37374201510157501123011704   259.64      8      0     0.00 16.66  8.00
B18559727          37374201510157501123013807   241.16      4      0     0.00 16.66  8.00
B18559728          37374201510157703331157506   279.64     15      0     0.00  0.00 10.00
B18559728          37374201510157705849004013   319.20      4      0    16.00  0.00 10.00
B18559728          3737420151015 891671002277   299.87     10      0     0.00  9.09 10.00
B18559728          37374201510157502209290921   489.80     13      0     0.00  0.00 10.00
B18559728          37374201510154019338605159   323.57     10      0     0.00  0.00 10.00
B18559728          37374201510157501303433029   204.32      4      0     0.00 16.66 10.00
B18559729          37374201510157501101615856   499.90     30      0     0.00  0.00 15.00
B18559729          37374201510157501289514460   253.51     30      0     0.00  0.00 15.00
B18559729          37374201510157501101649097   671.79     30      0     0.00  0.00 15.00
B18559730          37374201510157501326000864  1035.49     20      0     0.00  0.00 18.00
B18559730          37374201510157501326004176   459.72     63      0     0.00  0.00 18.00
B18559730          37374201510157501326004060   486.26     20      0     0.00  0.00 18.00
B18559730          37374201510157501165001220   275.97      8      0     0.00  0.00 18.00
B18559730          37374201510157501165001237   465.85      8      0     0.00  0.00 18.00
B18559730          37374201510157501287624529  1260.51     20      0     0.00  0.00 18.00
B18559730          37374201510157501201490797   494.46     20      0     0.00  0.00 18.00
B18559730          37374201510157501287619105   618.85     15      0     0.00  0.00 18.00
B18559730          37374201510157501201400727   968.37     13      0     0.00  0.00 18.00
B18559730          37374201510157501050600873   544.79     20      0     0.00  0.00 18.00
B18559730          37374201510157501201400659   431.46     30      0    16.00  0.00 18.00
B18559730          37374201510157501201400635   751.62      8      0     0.00  0.00 18.00
B18559730          37374201510157501326000383   734.45     10      0     0.00  0.00 18.00
B18559730          37374201510157501326003162   601.55     23      0     0.00  0.00 18.00
B18559730          37374201510157501326007368  1085.76     10      0     0.00  0.00 18.00
B18559730          37374201510157501326008402   975.88     25      0     0.00  0.00 18.00
B18559730          37374201510157501326001137   888.34     30      0     0.00  0.00 18.00
B18559730          37374201510157501326001977  1187.82     20      0     0.00  0.00 18.00
B18559731          37374201510157501043166522   705.24     13      0     0.00  0.00  0.00
B18559731          37374201510155034642032575   661.86     13      0     0.00  0.00  0.00
B18559731          37374201510157501009071938  1099.47      4      0     0.00  0.00  0.00
B18559731          37374201510157501009071457   471.68     13      0     0.00  0.00  0.00
B18559731          37374201510157501009071471   137.35     10      0     0.00  0.00  0.00
B18559731          37374201510158430308413516   225.96      4      0     0.00  0.00  0.00
B18559731          37374201510157501324402868   422.00      8      0     0.00  0.00  0.00
B18559731          37374201510157501033952784   614.43      8      0     0.00  0.00  0.00
B18559731          37374201510157501037950526   456.95     15      0     0.00  0.00  0.00
B18559731          37374201510157501033954412   720.58     20      0     0.00  0.00  0.00
B18559731          37374201510157501328979229   780.07     20      0     0.00  0.00  0.00
B18559731          37374201510157501092701033    77.20     10      0     0.00  0.00  0.00
B18559731          37374201510157501328979564   425.63      4      0     0.00  0.00  0.00
B18559731          37374201510157501328979656   705.84      6      0     0.00  0.00  0.00
B18559731          37374201510157501082242041   332.03     20      0     0.00  0.00  0.00
B18559731          37374201510157501089800664   486.00     10      0     0.00  0.00  0.00
B18559731          37374201510157501089802071   231.98     10      0     0.00  0.00  0.00
B18559731          37374201510157501089808936   345.38      4      0     0.00  0.00  0.00
B18559731          37374201510157501089803177   171.72     30      0     0.00  0.00  0.00
B18559731          37374201510157501871720682   353.46     20      0     0.00  0.00  0.00
B18559731          37374201510157501871720590   719.62     40      0     0.00  0.00  0.00
B18559731          37374201510157501082212136   893.24     20      0     0.00  0.00  0.00
B18559731          37374201510157501082212181   562.17      6      0     0.00  0.00  0.00
B18559731          37374201510157501871720774   161.92     25      0     0.00  0.00  0.00
B18559731          37374201510157501082212280   641.46     10      0     0.00  0.00  0.00
B18559731          37374201510157501098633260   473.00     30      0     0.00  0.00  0.00
B18559731          37374201510157501089803245   274.10      4      0     0.00  0.00  0.00
B18559731          37374201510157501092777212   384.02     30      0     0.00  0.00  0.00
B18559731          37374201510157501289501613   207.34     20      0     0.00  0.00  0.00
B18559731          37374201510157501098611329   405.00     40      0     0.00  0.00  0.00
B18559731          37374201510157501037980189   722.26     10      0     0.00  0.00  0.00
B18559731          37374201510157501033921759   286.35      4      0     0.00  0.00  0.00
B18559731          37374201510157501082224214   969.30      8      0     0.00  0.00  0.00
B18559731          37374201510157501098624114   344.00      2      0     0.00  0.00  0.00
B18559731          37374201510157501050625272    82.85     30      0    16.00  0.00  0.00
B18559731          37374201510157501871721214   739.30     40      0     0.00  0.00  0.00
B18559731          37374201510157501298216812   633.71      8      0     0.00  0.00  0.00
B18559731          37374201510157501037980226   698.20      8      0     0.00  0.00  0.00
B18559731          37374201510157501022101681   118.47     20      0     0.00  6.00  0.00
B18559731          37374201510157502257270036   276.07      8      0     0.00  0.00  0.00
B18559731          37374201510157841141003436   255.61     63      0     0.00  0.00  0.00
B18559731          37374201510157501092776413   236.82      8      0     0.00  0.00  0.00
B18559731          37374201510157501037905588   489.91     20      0     0.00  0.00  0.00
B18559731          37374201510157501037908671   714.88      8      0     0.00  0.00  0.00
B18559731          37374201510158020030053090   205.91      8      0     0.00  0.00  0.00
B18559731          37374201510157502257270067   446.82     20      0     0.00  0.00  0.00
B18559731          37374201510157501361693038   490.42      6      0     0.00  0.00  0.00
B18559731          37374201510157501361693021   588.92      6      0     0.00  0.00  0.00
B18559731          37374201510158027950210497   714.00      8      0     0.00  0.00  0.00
B18559732          37374201510157503013040863   187.52      6      0     0.00  0.00  5.00
