B18585712           2766201510207501094915988  7754.05      3      0     0.00  0.00  0.00
B18585843           2766201510207501094916268 10491.64      3      0     0.00  0.00  0.00
B18590330           2766201510207501258205818  1019.60      1      0     0.00  0.00  0.00
B18590566           2766201510207501250813295   934.60      1      0     0.00  0.00 18.00
B18590566           2766201510207501070903435   400.89      2      0     0.00  0.00 18.00
B18590566           2766201510207501250818689   363.41      2      0     0.00  4.76 18.00
B18590567           2766201510203337872411922   274.07      2      0    16.00  0.00 14.00
B18590568           2766201510207501326001977  1187.82      2      0     0.00  0.00 18.00
B18590568           2766201510207502224228916   202.22      2      0    16.00  0.00 18.00
B18590569           2766201510203499320001526   323.60      2      0     0.00  0.00  8.00
B18590570           2766201510207501098611329   405.00      4      0     0.00  0.00  0.00
B18590626           2766201510207501082208733   429.01      2      0     0.00  0.00  0.00
B18591961          27844201510207501124815851  1076.23      2      0     0.00  0.00 18.00
B18591961          2784420151020 008400004574   232.18      2      0     0.00  0.00 18.00
B18591961          2784420151020 736085405668   365.39      2      0     0.00  0.00 18.00
B18591961          27844201510207501299307380   214.20      1      0     0.00  0.00 18.00
B18591961          27844201510207501384503307   192.39      2      0     0.00  0.00 18.00
B18591961          27844201510207501088617959   461.28      4      0    16.00  0.00 18.00
B18591961          27844201510207501070648022   694.00      3      0     0.00  9.09 18.00
B18591961          27844201510207501258203234   697.87      2      0     0.00  0.00 18.00
B18591961          27844201510207501250838939   469.34      1      0     0.00  4.76 18.00
B18591961          27844201510203282779405485   314.83      2      0    16.00  0.00 18.00
B18591961          2784420151020 008400000767   121.61      2      0     0.00  0.00 18.00
B18591961          2784420151020 736085011937   115.72      2      0     0.00  0.00 18.00
B18591961          2784420151020 736085400984   440.60      2      0     0.00  0.00 18.00
B18591961          27844201510204030571000389   318.47      2      0    16.00 16.66 18.00
B18591962          27844201510207501298234700   149.98      1      0     0.00  0.00  0.00
B18591962          27844201510207501298234908   112.92      1      0     0.00  0.00  0.00
B18591962          27844201510207501409201270   325.98      2      0     0.00  0.00  0.00
B18591962          27844201510207501165001862  1521.98      1      0     0.00  0.00  0.00
B18591962          27844201510207501089803160    90.07      1      0     0.00  0.00  0.00
B18591962          27844201510207501098605212   575.00      1      0     0.00  0.00  0.00
B18591962          27844201510207501098605229  1161.00      2      0     0.00  0.00  0.00
B18591962          27844201510207501043120807   524.90      1      0     0.00 23.08  0.00
B18591962          27844201510207841141003528   191.05      5      0     0.00  0.00  0.00
B18591963          27844201510203499320001205   249.66      1      0     0.00  0.00  8.00
B18591963          27844201510203499320001328   164.21      1      0     0.00  0.00  8.00
B18591964          27844201510207501088507007   498.67      4      0     0.00  0.00  5.00
B18591965          27844201510203700028501509   424.79      4      0    16.00  0.00 15.00
B18591966          27844201510207501287670045   725.73      2      0     0.00  0.00 18.00
