B19291422           5214201602167501400800625    38.97      2      0     0.00  0.00 18.00
B19291422           5214201602167501001147563    16.97      2      0     0.00  0.00 18.00
B19291422           521420160216 714706901508    20.22      2      0     0.00  0.00 18.00
B19291422           5214201602167501001258030    62.23      2      0     0.00  0.00 18.00
B19291422           5214201602167501094911249    99.38      2      0     0.00  0.00 18.00
B19291422           5214201602167501094915353   107.43      2      0     0.00  0.00 18.00
B19291422           5214201602167501124815486    53.08      2      0     0.00  0.00 18.00
B19291422           5214201602167501125103520    26.82      2      0     0.00  0.00 18.00
B19291422           5214201602167501125104794    45.68      2      0     0.00  0.00 18.00
B19291423           5214201602167501289512749    48.50      2      0    16.00  0.00 15.00
B19291424           5214201602167501298205205   156.83      3      0     0.00  0.00  0.00
B19291424           5214201602167501314707645    23.65      5      0     0.00  0.00  0.00
B19291424           5214201602167501095409004    38.70      5      0     0.00  0.00  0.00
B19291424           5214201602167501035911567     9.99      3      0    16.00  0.00  0.00
B19291424           5214201602167501165000278    86.95      2      0     0.00  0.00  0.00
B19291424           5214201602167501314704170    31.55      2      0     0.00  0.00  0.00
B19291424           5214201602167501314702114    64.53      2      0     0.00  0.00  0.00
B19291424           5214201602167501050623766    49.72      2      0     0.00  0.00  0.00
B19291424           5214201602167501008453780    72.37      2      0     0.00  0.00  0.00
B19291424           5214201602167501065045225    24.00      2      0    16.00  0.00  0.00
B19291424           521420160216 650240028335    37.18      3      0    16.00  0.00  0.00
B19291424           5214201602167501054503576    28.07      2      0    16.00  0.00  0.00
B19291424           5214201602167501165009486    56.02      3      0    16.00  0.00  0.00
B19291424           5214201602167501008497340   135.29      6      0     0.00  0.00  0.00
B19291424           521420160216 650240012525    35.76      2      0    16.00  0.00  0.00
B19291424           521420160216 650240019999    75.62      2      0     0.00  0.00  0.00
B19291424           5214201602167501086453221   127.23      2      0    16.00  0.00  0.00
B19291424           5214201602167501086494262    20.26      3      0    16.00  0.00  0.00
B19291424           5214201602167501086494286    20.26      3      0    16.00  0.00  0.00
B19291424           5214201602167501088509766    54.20      8      0     0.00  0.00  0.00
B19291424           521420160216     75000950     8.07      8      0    16.00  0.00  0.00
B19291424           5214201602167501054503095    27.01      3      0    16.00  0.00  0.00
B19291424           5214201602167501064560194    32.02      2      0     0.00  0.00  0.00
B19291424           5214201602167501054500063    16.15      2      0    16.00  0.00  0.00
B19291424           5214201602167501050613453    37.50      3      0     0.00  0.00  0.00
B19291424           5214201602165900273001566    15.14      5      0    16.00  0.00  0.00
B19291424           5214201602167501061002550    29.30      2      0     0.00  0.00  0.00
B19291424           5214201602167501008486504    16.64      2      0    16.00  0.00  0.00
B19291424           5214201602167501035915121    13.95      3      0    16.00  0.00  0.00
B19291424           5214201602167501022105207    10.86      2      0    16.00  0.00  0.00
B19291424           5214201602167501022105191     8.11      6      0    16.00  2.00  0.00
B19291424           5214201602167501022105276    12.78      3      0    16.00  0.00  0.00
B19291424           5214201602167501022103166    37.09      2      0    16.00  0.00  0.00
B19291424           5214201602164005808829675    39.43      2      0    16.00  0.00  0.00
B19291424           5214201602164005808225958    31.44      2      0    16.00  0.00  0.00
B19291424           5214201602164005808225941    31.44      2      0    16.00  0.00  0.00
B19291424           5214201602167501035909007    27.20      5      0    16.00  0.00  0.00
B19291424           5214201602167891024123485    39.05      2      0    16.00  0.00  0.00
B19291424           5214201602167509546000985    11.04      3      0    16.00  0.00  0.00
B19291424           5214201602167509546000343    15.55      6      0    16.00  0.00  0.00
B19291424           521420160216     75001865    16.16      2      0    16.00  0.00  0.00
B19291424           521420160216  37000394969    30.72      3      0    16.00  0.00  0.00
B19291424           5214201602167509546009179    14.22      2      0    16.00  0.00  0.00
B19291424           521420160216     75001858    23.11      2      0    16.00  0.00  0.00
B19291424           5214201602167501022105078     9.73      2      0    16.00  0.00  0.00
B19291424           5214201602167501035908147    32.23      2      0    16.00  0.00  0.00
B19291424           521420160216     75010690     7.64      5      0    16.00  0.00  0.00
B19291424           5214201602167501037907124    94.48      2      0     0.00  0.00  0.00
B19291425           5214201602167501583300325   442.45      2      0     0.00  0.00 18.00
B19291426           5214201602167501033920110    26.13      2      0     0.00  0.00 17.00
B19292979           5215201602167501125118562    26.82      6      0     0.00  0.00 18.00
B19292979           521520160216 008400002198    54.17      2      0     0.00  0.00 18.00
B19292979           521520160216 736085401226   252.69      2      0     0.00  0.00 18.00
B19292979           5215201602167501400800403    57.76      2      0     0.00  0.00 18.00
B19292980           521520160216 354312625018    40.74      2      0     0.00  0.00 11.00
B19292981           5215201602167501299307236    36.58      5      0     0.00  0.00  0.00
B19292981           5215201602167501300409584   183.75      2      0     0.00  0.00  0.00
B19292981           5215201602167702003469282     8.93      2      0    16.00  0.00  0.00
B19292981           5215201602167501035911567     9.99      5      0    16.00  0.00  0.00
B19292981           521520160216     75000950     8.07      6      0    16.00  0.00  0.00
B19292981           5215201602167501050612364   296.07      2      0     0.00  0.00  0.00
B19292981           521520160216  99176369141    12.37      5      0    16.00  0.00  0.00
B19292981           5215201602164005808225958    31.44      2      0    16.00  0.00  0.00
B19292981           5215201602167501008486504    16.64      2      0    16.00  0.00  0.00
B19292981           5215201602167501035915121    13.95      2      0    16.00  0.00  0.00
B19292981           5215201602167501022107027    14.34      3      0    16.00  0.00  0.00
B19292981           5215201602167501022103166    37.09      2      0    16.00  0.00  0.00
B19292981           5215201602167896009400148    72.08      3      0    16.00  0.00  0.00
B19292981           5215201602167501035911079    27.78      3      0    16.00  0.00  0.00
B19292981           5215201602164005808829675    39.43      2      0    16.00  0.00  0.00
B19292981           5215201602164005808225941    31.44      2      0    16.00  0.00  0.00
B19292981           5215201602167501035909007    27.20      3      0    16.00  0.00  0.00
B19292981           5215201602167501037908084    65.89      2      0     0.00  9.09  0.00
B19292981           5215201602167509546000985    11.04      2      0    16.00  0.00  0.00
B19292981           521520160216  37000394969    30.72      8      0    16.00  0.00  0.00
B19292981           5215201602167509546009179    14.22      5      0    16.00  0.00  0.00
B19292981           521520160216     75001872     9.59      3      0    16.00  0.00  0.00
B19292981           521520160216     75001865    16.16      3      0    16.00  0.00  0.00
B19292981           5215201602167501035908239    10.28      3      0    16.00  0.00  0.00
B19292981           5215201602167501050624022    38.84      2      0    16.00  0.00  0.00
B19292981           521520160216     75010690     7.64      3      0    16.00  0.00  0.00
B19292981           521520160216 650240027789    51.77      2      0     0.00  0.00  0.00
B19292981           5215201602167702018913640    34.70      3      0    16.00  0.00  0.00
B19293150           5223201602167501124814588   103.65      2      0     0.00  0.00 18.00
B19293150           5223201602167501001147587    16.97      2      0     0.00  0.00 18.00
B19293150           5223201602167501001147600    16.97      2      0     0.00  0.00 18.00
B19293151           5223201602167501037911152   118.72      2      0     0.00  0.00  0.00
B19293151           5223201602167501035916265    35.03      3      0    16.00  0.00  0.00
B19293151           5223201602167501035909007    27.20      3      0    16.00  0.00  0.00
B19293151           522320160216     75001858    23.11      3      0    16.00  0.00  0.00
B19293151           5223201602167501022105078     9.73      2      0    16.00  0.00  0.00
B19293152           5224201602167501289512749    48.50      2      0    16.00  0.00 15.00
B19293153           522420160216 650240004643    14.83      2      0    16.00  0.00  0.00
B19293153           5224201602167501035911031    19.03      2      0    16.00  0.00  0.00
B19293153           5224201602167509546009179    14.22      2      0    16.00  0.00  0.00
B19293153           5224201602167509546000343    15.55      2      0    16.00  0.00  0.00
B19293153           5224201602167501008409503    88.26      3      0     0.00  0.00  0.00
B19293153           5224201602167501035908239    10.28      2      0    16.00  0.00  0.00
B19293153           5224201602167501050624015    25.99      2      0    16.00  0.00  0.00
B19293153           5224201602167501035908727    23.42      2      0    16.00  0.00  0.00
B19293153           5224201602167501050630023    57.59      2      0     0.00  0.00  0.00
B19293153           522420160216     75010690     7.64      3      0    16.00  0.00  0.00
B19293153           5224201602167702018913640    34.70      3      0    16.00  0.00  0.00
B19293153           5224201602167506309898889    34.30      2      0    16.00  0.00  0.00
B19293153           5224201602167501080950139    31.58      3      0    16.00  0.00  0.00
B19293153           5224201602167501054503095    27.01      2      0    16.00  0.00  0.00
B19293153           5224201602167501086472048    17.38      2      0    16.00  0.00  0.00
B19293153           5224201602167896009400148    72.08      2      0    16.00  0.00  0.00
B19293153           5224201602167501035911062    10.77      2      0    16.00  0.00  0.00
B19293153           5224201602164005808837472    23.60      2      0    16.00  0.00  0.00
B19293153           5224201602167501035916586    35.03      2      0    16.00  0.00  0.00
B19293153           5224201602167501035916265    35.03      2      0    16.00  0.00  0.00
B19293153           5224201602167501035909007    27.20      2      0    16.00  0.00  0.00
B19293153           5224201602167501035911567     9.99      2      0    16.00  0.00  0.00
B19293154           5227201602167501070903688   203.90      2      0     0.00  0.00 18.00
B19293154           5227201602167501124815486    53.08      2      0     0.00  0.00 18.00
B19293154           5227201602167501125104794    45.68      2      0     0.00  0.00 18.00
B19293155           5227201602167702003469282     8.93     15      0    16.00  0.00  0.00
B19293155           5227201602167501050615617    28.98      2      0    16.00  0.00  0.00
B19293155           5227201602167501095452130    74.18      2      0     0.00  0.00  0.00
B19293155           5227201602167501159514026   145.17      2      0     0.00  0.00  0.00
B19293155           5227201602167501008493007   179.23      2      0     0.00  0.00  0.00
B19293155           5227201602167800005082024    39.24      2      0    16.00  0.00  0.00
B19293155           5227201602167501054503095    27.01      5      0    16.00  0.00  0.00
B19293155           5227201602167501165006386   261.31      2      0     0.00  0.00  0.00
B19293155           5227201602167501022105191     8.11      5      0    16.00  2.00  0.00
B19293155           522720160216 650240028335    37.18      2      0    16.00  0.00  0.00
B19293155           5227201602167702018913640    34.70      3      0    16.00  0.00  0.00
B19293155           5227201602167896009400148    72.08      2      0    16.00  0.00  0.00
B19293155           5227201602167501035916265    35.03      5      0    16.00  0.00  0.00
B19293155           522720160216     75010690     7.64      9      0    16.00  0.00  0.00
B19293155           5227201602167501299355039    47.22      2      0     0.00  0.00  0.00
B19293155           5227201602167501037935226    77.60      2      0     0.00  0.00  0.00
B19293156           5227201602167501123018031   166.93      2      0     0.00  9.09  8.00
B19293128           5228201602167800005082024    39.24      3      0    16.00  0.00  0.00
B19293128           5228201602167800005082123    39.24      3      0    16.00  0.00  0.00
B19293128           5228201602167501089804013   174.96      2      0     0.00  0.00  0.00
B19293128           522820160216     75000950     8.07     15      0    16.00  0.00  0.00
B19293128           5228201602167501054503095    27.01      8      0    16.00  0.00  0.00
B19293128           5228201602167501088509766    54.20      8      0     0.00  0.00  0.00
B19293128           5228201602167501054504535    41.69      1      0    16.00  0.00  0.00
B19293128           5228201602167501043149921   197.22      2      0     0.00  0.00  0.00
B19293128           5228201602167501050693530    35.83      2      0     0.00  0.00  0.00
B19293128           5228201602167501070600730    61.44      5      0     0.00  0.00  0.00
B19293128           5228201602167501050624640    56.15      2      0     0.00  0.00  0.00
B19293128           5228201602167501054500063    16.15      6      0    16.00  0.00  0.00
B19293128           5228201602167501001164003    29.01      8      0    16.00  0.00  0.00
B19293128           5228201602167501086472048    17.38      3      0    16.00  0.00  0.00
B19293128           5228201602167501300408754   234.38      2      0     0.00  0.00  0.00
B19293128           5228201602167702003469282     8.93     33      0    16.00  0.00  0.00
B19293128           522820160216 310158077046    49.65      5      0    16.00  0.00  0.00
B19293128           5228201602167501035915121    13.95      3      0    16.00  0.00  0.00
B19293128           5228201602167501022103111    16.94      2      0    16.00  0.00  0.00
B19293128           5228201602167501022103166    37.09      2      0    16.00  0.00  0.00
B19293128           5228201602167501008448243   167.68      2      0     0.00  0.00  0.00
B19293128           5228201602167896009400148    72.08      5      0    16.00  0.00  0.00
B19293128           5228201602164005808837472    23.60     12      0    16.00  0.00  0.00
B19293128           5228201602164005808225958    31.44      5      0    16.00  0.00  0.00
B19293128           5228201602164005808225941    31.44      5      0    16.00  0.00  0.00
B19293128           5228201602167501086472017    17.38      5      0    16.00  0.00  0.00
B19293128           5228201602167501035916586    35.03      3      0    16.00  0.00  0.00
B19293128           522820160216  37000394969    30.72      8      0    16.00  0.00  0.00
B19293128           522820160216  37000394945    29.64     45      0    16.00  0.00  0.00
B19293128           5228201602167501035916265    35.03      3      0    16.00  0.00  0.00
B19293128           5228201602167501035909007    27.20      8      0    16.00  0.00  0.00
B19293128           5228201602167509546000985    11.04     15      0    16.00  0.00  0.00
B19293128           5228201602167501001157296    14.29      9      0    16.00  0.00  0.00
B19293128           5228201602167509546000343    15.55     14      0    16.00  0.00  0.00
B19293128           5228201602167501300408136   295.00      2      0     0.00  0.00  0.00
B19293128           522820160216     75001872     9.59      2      0    16.00  0.00  0.00
B19293128           522820160216     75001858    23.11      2      0    16.00  0.00  0.00
B19293128           5228201602167501035908239    10.28      5      0    16.00  0.00  0.00
B19293128           5228201602167509546009179    14.22     23      0    16.00  0.00  0.00
B19293128           5228201602167501080950146    34.12      2      0    16.00  0.00  0.00
B19293128           5228201602167501299307236    36.58      8      0     0.00  0.00  0.00
B19293128           5228201602167501035908246    14.80      6      0    16.00  0.00  0.00
B19293128           5228201602167501035911567     9.99     24      0    16.00  0.00  0.00
B19293128           5228201602167501299303085    44.56      8      0     0.00  0.00  0.00
B19293128           5228201602167501086453221   127.23      3      0    16.00  0.00  0.00
B19293128           5228201602167501086494262    20.26     11      0    16.00  0.00  0.00
B19293128           5228201602167501328979502    80.70      3      0     0.00  0.00  0.00
B19293128           5228201602167501072310392    55.65      2      0     0.00  0.00  0.00
B19293128           5228201602167501088575396    77.60      2      0     0.00  0.00  0.00
B19293128           5228201602167501328980119   248.44      2      0     0.00  0.00  0.00
B19293129           522820160216 354312425403    18.81      2      0     0.00  0.00 11.00
B19293130           5228201602167501289511438    57.63      2      0     0.00  0.00 15.00
B19293130           5228201602167501289511421    26.68      3      0     0.00  0.00 15.00
B19293131           5228201602167501033956775    27.92      2      0     0.00  0.00 17.00
B19293132           5228201602167501094915353   107.43      2      0     0.00  0.00 18.00
B19293132           5228201602167501109761944     7.68      2      0     0.00  0.00 18.00
B19293132           5228201602167501124812874    80.21      2      0     0.00  0.00 18.00
B19293132           5228201602167501124815486    53.08      2      0     0.00  0.00 18.00
B19293132           5228201602167501124817947    36.53      2      0     0.00  0.00 18.00
B19293132           5228201602167590002037843    44.57      2      0     0.00  0.00 18.00
B19293132           522820160216 714706100307    51.66      2      0     0.00  0.00 18.00
B19293132           5228201602167501001147600    16.97      2      0     0.00  0.00 18.00
B19293132           5228201602167501070981518   301.90      2      0     0.00  0.00 18.00
B19293133           5228201602167501590211232    83.90     11      0     0.00  0.00  5.00
B19293134           522820160216     75010690     7.64     15      0    16.00  0.00  0.00
B19293134           5228201602167501008497340   135.29      2      0     0.00  0.00  0.00
B19293134           522820160216 650240007750    29.73      2      0    16.00  0.00  0.00
B19293134           5228201602167501035908116    17.54      2      0    16.00  0.00  0.00
B19293134           522820160216 650240011818   154.69      2      0     0.00  0.00  0.00
B19293134           522820160216 650240012525    35.76      2      0    16.00  0.00  0.00
B19293134           522820160216 650240028335    37.18      5      0    16.00  0.00  0.00
B19293134           5228201602167702018913640    34.70      5      0    16.00  0.00  0.00
B19293134           522820160216 650240029028    69.05      2      0     0.00  0.00  0.00
B19293134           5228201602167501299355060    49.20      2      0     0.00  0.00  0.00
B19293134           5228201602167501088505447   124.50      2      0     0.00  0.00  0.00
B19293134           5228201602167501041941848    64.23      2      0     0.00  0.00  0.00
B19293134           5228201602167506309898872    34.30      3      0    16.00  0.00  0.00
B19293134           5228201602167506309898889    34.30      3      0    16.00  0.00  0.00
B19293134           5228201602167506309839110    34.31      8      0    16.00  0.00  0.00
B19293134           5228201602167501065041012    22.43      3      0    16.00  0.00  0.00
B19293135           5228201602163499320002448   635.71      2      0     0.00  0.00  8.00
B19293136           5228201602167501108767947   107.26      2      0     0.00  0.00 18.00
B19293137           5230201602167501122963028   167.10      2      0     0.00  0.00  8.00
B19293138           5230201602167501299302866   171.57      2      0     0.00  0.00  0.00
B19293138           5230201602167501008486559    34.73      2      0    16.00  0.00  0.00
B19293138           5230201602167501086494262    20.26      5      0    16.00  0.00  0.00
B19293138           5230201602167501299306130    94.43      2      0     0.00  0.00  0.00
B19293138           5230201602167501299307236    36.58      6      0     0.00  0.00  0.00
B19293138           5230201602167501035911567     9.99     15      0    16.00  0.00  0.00
B19293138           5230201602167501054503095    27.01      5      0    16.00  0.00  0.00
B19293138           523020160216  99176369141    12.37     17      0    16.00  0.00  0.00
B19293138           5230201602165900273001566    15.14      8      0    16.00  0.00  0.00
B19293138           5230201602167501086494286    20.26      3      0    16.00  0.00  0.00
B19293138           5230201602167501165002906    38.53      9      0     0.00  0.00  0.00
B19293138           5230201602167800005082024    39.24      6      0    16.00  0.00  0.00
B19293138           523020160216 650240007828    14.83      3      0    16.00  0.00  0.00
B19293138           5230201602167800005082123    39.24      5      0    16.00  0.00  0.00
B19293138           523020160216     75000950     8.07     30      0    16.00  0.00  0.00
B19293138           5230201602167501035911062    10.77      8      0    16.00  0.00  0.00
B19293138           5230201602164005808225941    31.44      2      0    16.00  0.00  0.00
B19293138           5230201602167501035916586    35.03      3      0    16.00  0.00  0.00
B19293138           5230201602167501035915121    13.95      3      0    16.00  0.00  0.00
B19293138           5230201602167501022105337    11.72      3      0    16.00  0.00  0.00
B19293138           5230201602167501022105207    10.86      3      0    16.00  0.00  0.00
B19293138           5230201602167501022105191     8.11     12      0    16.00  2.00  0.00
B19293138           5230201602167896009400148    72.08      6      0    16.00  0.00  0.00
B19293138           5230201602167501035909007    27.20      3      0    16.00  0.00  0.00
B19293138           5230201602167501001157296    14.29     27      0    16.00  0.00  0.00
B19293138           523020160216 650240009556    66.98      2      0    16.00  0.00  0.00
B19293138           5230201602167509546009179    14.22     18      0    16.00  0.00  0.00
B19293138           523020160216 650240009563    14.83      3      0    16.00  0.00  0.00
B19293138           5230201602167501037451054    35.69      6      0    16.00  0.00  0.00
B19293138           5230201602168430206280296   183.19      2      0    16.00  0.00  0.00
B19293138           5230201602167501035900264    20.43      6      0    16.00  0.00  0.00
B19293138           5230201602167509546000985    11.04     27      0    16.00  0.00  0.00
B19293138           5230201602167501037935226    77.60      2      0     0.00  0.00  0.00
B19293138           523020160216 650240029028    69.05      2      0     0.00  0.00  0.00
B19293138           5230201602167702018992195    34.31      3      0    16.00  0.00  0.00
B19293138           5230201602167501035908727    23.42      2      0    16.00  0.00  0.00
B19293138           523020160216     75010690     7.64     18      0    16.00  0.00  0.00
B19293138           5230201602167501165008120    19.79      5      0    16.00  0.00  0.00
B19293138           523020160216 650240017100    47.10      2      0     0.00  0.00  0.00
B19293138           5230201602167501037908619   120.09      3      0     0.00  0.00  0.00
B19293138           5230201602167501065045225    24.00      5      0    16.00  0.00  0.00
B19293138           5230201602167501065041012    22.43      5      0    16.00  0.00  0.00
B19293138           523020160216  37000394945    29.64      6      0    16.00  0.00  0.00
B19293139           523020160216 020800755719    55.76      5      0     0.00  0.00 18.00
B19293139           5230201602167501001116187    88.07      5      0     0.00  0.00 18.00
B19293139           5230201602167501001258030    62.23      3      0     0.00  0.00 18.00
B19293139           523020160216 736085401530   605.23      2      0     0.00  0.00 18.00
B19293139           523020160216 736085405040    70.54      2      0     0.00  0.00 18.00
B19293140           5230201602167502224228916   202.22      2      0    16.00  0.00 18.00
B19293140           5230201602167501108762157   129.20      5      0     0.00  0.00 18.00
B19293141           5235201602167501289512749    48.50      2      0    16.00  0.00 15.00
B19293142           5235201602167501022103166    37.09      2      0    16.00  0.00  0.00
B19293142           5235201602167896009400148    72.08      5      0    16.00  0.00  0.00
B19293142           5235201602167501035916586    35.03      2      0    16.00  0.00  0.00
B19293142           5235201602167501035916265    35.03      5      0    16.00  0.00  0.00
B19293142           5235201602167501035909007    27.20      5      0    16.00  0.00  0.00
B19293142           5235201602168430206280296   183.19      2      0    16.00  0.00  0.00
B19293142           5235201602167891024123485    39.05      2      0    16.00  0.00  0.00
B19293142           5235201602167501299306352    86.45      2      0     0.00  0.00  0.00
B19293142           5235201602167501035911567     9.99     12      0    16.00  0.00  0.00
B19293142           5235201602167501086453221   127.23      2      0    16.00  0.00  0.00
B19293142           5235201602167800005082024    39.24      3      0    16.00  0.00  0.00
B19293142           523520160216     75000950     8.07      9      0    16.00  0.00  0.00
B19293142           5235201602167501054503095    27.01      3      0    16.00  0.00  0.00
B19293142           5235201602167501001164003    29.01      9      0    16.00  0.00  0.00
B19293142           5235201602167501022105337    11.72      2      0    16.00  0.00  0.00
B19293142           523520160216 650240028335    37.18      2      0    16.00  0.00  0.00
B19293142           5235201602167702018913640    34.70      2      0    16.00  0.00  0.00
B19293142           5235201602167501065041012    22.43      3      0    16.00  0.00  0.00
B19293142           5235201602167501022105207    10.86      3      0    16.00  0.00  0.00
B19293142           5235201602167501022105191     8.11     12      0    16.00  2.00  0.00
B19293142           5235201602167501001157296    14.29      6      0    16.00  0.00  0.00
B19293142           523520160216     75001858    23.11      2      0    16.00  0.00  0.00
B19293142           5235201602167501035908727    23.42      2      0    16.00  0.00  0.00
B19293142           5235201602167501035908116    17.54      2      0    16.00  0.00  0.00
B19293142           523520160216     75010690     7.64      8      0    16.00  0.00  0.00
B19291420           5236201602167501299302866   171.57      2      0     0.00  0.00  0.00
B19291420           5236201602167501086453221   127.23      2      0    16.00  0.00  0.00
B19291420           5236201602167501086494262    20.26      2      0    16.00  0.00  0.00
B19291420           5236201602167501086494286    20.26      2      0    16.00  0.00  0.00
B19291420           5236201602167896009400148    72.08      2      0    16.00  0.00  0.00
B19291420           5236201602167501035911062    10.77      2      0    16.00  0.00  0.00
B19291420           5236201602164005808837472    23.60      2      0    16.00  0.00  0.00
B19291420           5236201602167501086472017    17.38      2      0    16.00  0.00  0.00
B19291420           5236201602167501035916265    35.03      2      0    16.00  0.00  0.00
B19291420           5236201602167501080950139    31.58      2      0    16.00  0.00  0.00
B19291420           5236201602165900273001566    15.14      2      0    16.00  0.00  0.00
B19291420           5236201602167501022105276    12.78      2      0    16.00  0.00  0.00
B19291420           5236201602167501088575495    72.00      2      0     0.00  0.00  0.00
B19291420           523620160216 650240009549    66.98      2      0    16.00  0.00  0.00
B19291420           5236201602167501035911376    41.80      2      0    16.00  0.00  0.00
B19291420           5236201602167509546009179    14.22      2      0    16.00  0.00  0.00
B19291420           5236201602167501035908239    10.28      2      0    16.00  0.00  0.00
B19291420           523620160216 650240028335    37.18      2      0    16.00  0.00  0.00
B19291420           5236201602167501048333202    16.09      2      0    16.00  0.00  0.00
B19291420           523620160216 310158077046    49.65      5      0    16.00  0.00  0.00
B19291420           5236201602167501035908246    14.80      2      0    16.00  0.00  0.00
B19291420           5236201602167501035911567     9.99      2      0    16.00  0.00  0.00
B19291421           5236201602167501094915353   107.43      2      0     0.00  0.00 18.00
B19293143           5237201602167501287622402    71.41      2      0     0.00  0.00 18.00
B19293144           5237201602167501001258030    62.23      2      0     0.00  0.00 18.00
B19293144           5237201602167501124855208   325.88      2      0     0.00  9.09 18.00
B19293145           5237201602167501289511421    26.68      2      0     0.00  0.00 15.00
B19293146           5237201602167501086494262    20.26      6      0    16.00  0.00  0.00
B19293146           5237201602167501314705542   344.19      2      0     0.00  0.00  0.00
B19293146           5237201602167501035911567     9.99     14      0    16.00  0.00  0.00
B19293146           5237201602167501328979502    80.70      5      0     0.00  0.00  0.00
B19293146           5237201602167800005082024    39.24      3      0    16.00  0.00  0.00
B19293146           5237201602167501089809438   116.64      2      0     0.00  0.00  0.00
B19293146           5237201602167501080920842    71.02      6      0    16.00  0.00  0.00
B19293146           5237201602167501050624640    56.15      3      0     0.00  0.00  0.00
B19293146           5237201602167501035908116    17.54      2      0    16.00  0.00  0.00
B19293146           523720160216 650240011818   154.69      2      0     0.00  0.00  0.00
B19293146           523720160216 650240012525    35.76      3      0    16.00  0.00  0.00
B19293146           5237201602167501065041012    22.43      3      0    16.00  0.00  0.00
B19293146           5237201602167501001164003    29.01      8      0    16.00  0.00  0.00
B19293146           523720160216 650240007828    14.83      2      0    16.00  0.00  0.00
B19293146           5237201602167501022105207    10.86      2      0    16.00  0.00  0.00
B19293146           5237201602167501022105191     8.11      8      0    16.00  2.00  0.00
B19293146           523720160216 650240011153    75.62      2      0     0.00  0.00  0.00
B19293146           5237201602167501022103166    37.09      2      0    16.00  0.00  0.00
B19293146           5237201602164005808829675    39.43      2      0    16.00  0.00  0.00
B19293146           5237201602164005808225941    31.44      3      0    16.00  0.00  0.00
B19293146           5237201602167501035909007    27.20      3      0    16.00  0.00  0.00
B19293146           5237201602167501001157296    14.29      9      0    16.00  0.00  0.00
B19293146           5237201602167501080950146    34.12      2      0    16.00  0.00  0.00
B19293146           5237201602167501035908253    28.01      2      0    16.00  0.00  0.00
B19293147           5241201602167501289511414    50.51      2      0     0.00  0.00 15.00
B19293148           524120160216 310158077046    49.65      2      0    16.00  0.00  0.00
B19293148           524120160216     75000950     8.07     11      0    16.00  0.00  0.00
B19293148           524120160216 650240003967    43.13      2      0     0.00  0.00  0.00
B19293148           5241201602167501008493007   179.23      2      0     0.00  0.00  0.00
B19293148           5241201602167501088575495    72.00      2      0     0.00  0.00  0.00
B19293148           5241201602167800005082024    39.24      5      0    16.00  0.00  0.00
B19293148           5241201602167501871720668   162.60      2      0     0.00  0.00  0.00
B19293148           5241201602167501054500063    16.15      2      0    16.00  0.00  0.00
B19293148           5241201602167501022105207    10.86      2      0    16.00  0.00  0.00
B19293148           5241201602167501022105276    12.78      2      0    16.00  0.00  0.00
B19293148           5241201602167896009400148    72.08      2      0    16.00  0.00  0.00
B19293148           524120160216 650240004643    14.83      2      0    16.00  0.00  0.00
B19293148           5241201602167896009490651    72.08      5      0    16.00  0.00  0.00
B19293148           5241201602167509546000985    11.04      2      0    16.00  0.00  0.00
B19293148           5241201602167501086472017    17.38      2      0    16.00  0.00  0.00
B19293148           5241201602167501035916586    35.03      2      0    16.00  0.00  0.00
B19293148           5241201602167501065045225    24.00      2      0    16.00  0.00  0.00
B19293148           5241201602167501088505485   113.50      2      0     0.00  0.00  0.00
B19293148           524120160216 650240028335    37.18      2      0    16.00  0.00  0.00
B19293148           5241201602167702018913640    34.70      3      0    16.00  0.00  0.00
B19293148           524120160216 650240029028    69.05      2      0     0.00  0.00  0.00
B19293148           5241201602167501065041012    22.43      2      0    16.00  0.00  0.00
B19293148           5241201602167501035911376    41.80      2      0    16.00  0.00  0.00
B19293148           5241201602167509546000343    15.55      2      0    16.00  0.00  0.00
B19293148           524120160216 650240012525    35.76      2      0    16.00  0.00  0.00
B19293149           5241201602167501001258030    62.23      2      0     0.00  0.00 18.00
B19293149           5241201602167501001353377    62.23      2      0     0.00  0.00 18.00
B19293149           5241201602167501125100116    16.24      2      0     0.00  0.00 18.00
B19293149           5241201602167501273500134   152.36      2      0    16.00  0.00 18.00
B19293149           5241201602167590002037843    44.57      2      0     0.00  0.00 18.00
B19293149           524120160216 714706100307    51.66      2      0     0.00  0.00 18.00
B19291417           5243201602167501125118562    26.82      6      0     0.00  0.00 18.00
B19291417           5243201602167506295337454   137.53      2      0    16.00  0.00 18.00
B19291418           5243201602167501314702701   354.94      2      0     0.00  0.00  0.00
B19291418           5243201602167702003469282     8.93      2      0    16.00  0.00  0.00
B19291418           5243201602167501298217659   243.10      2      0     0.00  0.00  0.00
B19291419           5243201602167501289512749    48.50      2      0    16.00  0.00 15.00
N2518981            5373201602167501065045225    24.00      3      0    16.00  0.00  0.00
N2518981            5373201602167501174600117    20.17      3      0     0.00  0.00  0.00
N2518981            537320160216 650240021138    33.70      2      0     0.00  0.00  0.00
N2518981            5373201602167501092760016   210.00      2      0     0.00  0.00  0.00
N2518981            5373201602167501165002890    52.97      2      0     0.00  0.00  0.00
N2518510            5397201602167501035911031    19.03      2      0    16.00  0.00  0.00
N2518510            5397201602167501092772354    80.47      2      0     0.00  0.00  0.00
N2518510            5397201602167800005082024    39.24      2      0    16.00  0.00  0.00
N2518510            539720160216 650240028335    37.18      3      0    16.00  0.00  0.00
N2518510            5397201602167501022105078     9.73      2      0    16.00  0.00  0.00
N2518510            5397201602167501035908246    14.80      2      0    16.00  0.00  0.00
N2518510            5397201602167501035908253    28.01      2      0    16.00  0.00  0.00
N2518511            5398201602167501098603867    86.34      2      0     0.00  0.00  0.00
D11187577           5431201602167501033920110    26.13      2      0     0.00  0.00 17.00
D11187578           5431201602167501050611022    88.90      2      0     0.00  0.00  0.00
D11187578           5431201602167501046461488   142.28      2      0     0.00  0.00  0.00
D11187578           5431201602167501035911567     9.99      2      0    16.00  0.00  0.00
D11187578           5431201602167501095452116    28.62      9      0     0.00  0.00  0.00
D11187578           5431201602167501008493007   179.23      3      0     0.00  0.00  0.00
D11187578           5431201602167501314702114    64.53      2      0     0.00  0.00  0.00
D11187578           5431201602167702003469282     8.93      8      0    16.00  0.00  0.00
D11187578           5431201602167501070635411   145.59      2      0     0.00  0.00  0.00
D11187578           5431201602167501092792031   126.26      2      0     0.00  0.00  0.00
D11187578           5431201602167501328979502    80.70      5      0     0.00  0.00  0.00
D11187578           5431201602167501086301041    77.97      2      0     0.00  0.00  0.00
D11187578           5431201602167501050612364   296.07      2      0     0.00  0.00  0.00
D11187578           5431201602167501298234601   215.18      3      0     0.00  0.00  0.00
D11187578           543120160216  99176369141    12.37      2      0    16.00  0.00  0.00
D11187578           5431201602167501080950139    31.58      3      0    16.00  0.00  0.00
D11187578           5431201602167501054500063    16.15      2      0    16.00  0.00  0.00
D11187578           5431201602167501022103173    51.59      2      0    16.00  0.00  0.00
D11187578           543120160216 650240011351    60.40      3      0     0.00  0.00  0.00
D11187578           5431201602167501080950146    34.12      2      0    16.00  0.00  0.00
D11187578           543120160216 650240007019    73.75      5      0    16.00  0.00  0.00
D11187578           543120160216 650240015670    66.98      2      0    16.00  0.00  0.00
D11187578           5431201602164005808829675    39.43      2      0    16.00  0.00  0.00
D11187578           5431201602167501035909007    27.20      2      0    16.00  0.00  0.00
D11187578           5431201602167501048333202    16.09      2      0    16.00  0.00  0.00
D11187578           543120160216 650240007408    42.69      5      0     0.00  0.00  0.00
D11187578           5431201602167509546009179    14.22      2      0    16.00  0.00  0.00
D11187578           5431201602167501041941848    64.23      3      0     0.00  0.00  0.00
D11187578           5431201602167501065041012    22.43      2      0    16.00  0.00  0.00
D11187578           5431201602167501165009523    56.02      3      0    16.00  0.00  0.00
M2232498            544720160216 300055501638   152.96      2      0     0.00  0.00 18.00
M2232498            5447201602167501287626103   432.40      2      0     0.00  0.00 18.00
M2232499            5447201602167501035911062    10.77      2      0    16.00  0.00  0.00
M2232499            5447201602164005808225941    31.44      2      0    16.00  0.00  0.00
M2232499            544720160216 650240015670    66.98      3      0    16.00  0.00  0.00
M2232499            5447201602167501300407061    99.38      3      0     0.00  0.00  0.00
M2232499            5447201602167501165008120    19.79      2      0    16.00  0.00  0.00
M2232499            544720160216 650240007651    46.49      2      0     0.00  0.00  0.00
M2232499            544720160216 650240004643    14.83      3      0    16.00  0.00  0.00
M2232499            544720160216 650240010712    49.26      2      0     0.00  0.00  0.00
M2232499            5447201602164005808802005    18.13      2      0    16.00  0.00  0.00
M2232499            5447201602167501300407092   263.13      2      0     0.00  0.00  0.00
M2232499            5447201602167501070600730    61.44      3      0     0.00  0.00  0.00
