B18517886           5257201510077501287678034   164.85      8      0     0.00  0.00 18.00
B18517886           5257201510077501050610681   187.03     10      0     0.00  0.00 18.00
B18517887           5257201510077501070903800   219.96     20      0     0.00  0.00 18.00
B18517887           5257201510077501070903497   121.86     20      0     0.00  9.09 18.00
B18517887           5257201510077501088507854   143.41      6      0     0.00  0.00 18.00
B18517887           5257201510077501299300787   127.88     50      0     0.00  0.00 18.00
B18517887           5257201510077501299303047    46.36      5      0     0.00  0.00 18.00
B18517887           5257201510077501088504501   272.61     20      0     0.00  0.00 18.00
B18517887           5257201510077501299301159   107.10     40      0     0.00  0.00 18.00
B18517887           5257201510077501125124075   284.08     30      0     0.00  0.00 18.00
B18517887           5257201510077501299300503   277.34      7      0     0.00  0.00 18.00
B18517887           525720151007 736085053876   135.83     13      0     0.00  0.00 18.00
B18517887           5257201510077501088504532   117.29     20      0     0.00  0.00 18.00
B18517887           5257201510077501088575396    87.42     40      0     0.00  0.00 18.00
B18517887           5257201510077502213144012   208.83      2      0     0.00  0.00 18.00
B18517887           5257201510077501299307236    43.96     50      0     0.00  0.00 18.00
B18517887           5257201510077501250813608   556.52      5      0     0.00  4.76 18.00
B18517887           5257201510077501070612368   122.18     30      0     0.00  0.00 18.00
B18517887           5257201510077501088579707    91.63     50      0     0.00  0.00 18.00
B18517887           5257201510077501299306772   108.70     10      0     0.00  0.00 18.00
B18517888           5257201510077501089809490    79.70     20      0     0.00  0.00  0.00
B18517888           5257201510077501037908084    65.89     30      0     0.00  0.00  0.00
B18517888           5257201510077501050613460    36.46     15      0     0.00  0.00  0.00
B18517888           5257201510077501008465677    49.61     15      0     0.00  0.00  0.00
B18517888           5257201510077501050624640    53.48     15      0     0.00  0.00  0.00
B18517888           5257201510077501050613453    35.05      2      0     0.00  0.00  0.00
B18519168          27844201510077503007704597   171.91      3      0     0.00  0.00 18.00
B18519168          27844201510077501293200069   124.77      3      0     0.00  0.00 18.00
B18519168          27844201510077501314703951   219.95      7      0     0.00  0.00 18.00
B18519168          27844201510077501314705535   744.45      3      0     0.00  0.00 18.00
B18519168          27844201510077501088617959   461.28      3      0    16.00  0.00 18.00
B18519168          27844201510077501088617058   565.20      2      0     0.00  0.00 18.00
B18519168          27844201510077501250838878   916.68      3      0     0.00  0.00 18.00
B18519168          27844201510077501124855208   310.00      3      0     0.00  0.00 18.00
B18519168          27844201510077501088509773    95.42      3      0     0.00  0.00 18.00
B18519168          27844201510077501070903749   312.42      3      0     0.00  9.09 18.00
B18519168          27844201510077501070903688   203.90      7      0     0.00  0.00 18.00
B18519168          27844201510077501070648022   694.00      3      0     0.00  0.00 18.00
B18519168          27844201510077501314701322   634.47      3      0     0.00  0.00 18.00
B18519168          2784420151007 736085183016   166.01      3      0     0.00  0.00 18.00
B18519168          27844201510077501250810614   462.11      3      0     0.00 16.66 18.00
B18519168          27844201510077501070635756   297.90      3      0     0.00  0.00 18.00
B18519168          27844201510077501088507618   570.34      7      0     0.00  0.00 18.00
B18519168          27844201510077501124815851  1076.23      3      0     0.00  0.00 18.00
B18519168          27844201510077501088604058   565.20      3      0     0.00  0.00 18.00
B18519168          2784420151007 736085905373   694.22      3      0     0.00  0.00 18.00
B18519168          2784420151007 736085405668   365.39      3      0     0.00  0.00 18.00
B18519168          27844201510077501088507625   291.66      3      0     0.00  0.00 18.00
B18519168          27844201510077501314703920   207.26      3      0     0.00  0.00 18.00
B18519168          27844201510077501070634810   233.53      3      0     0.00  9.09 18.00
B18519168          27844201510077501250810645   290.08      7      0     0.00  4.76 18.00
B18519168          27844201510077501094916671   949.22      3      0     0.00  0.00 18.00
B18519168          27844201510077501250839967   989.19      3      0     0.00  0.00 18.00
B18519168          27844201510077501250813639   560.60      3      0     0.00  4.76 18.00
B18519168          2784420151007 736085401530   605.23      3      0     0.00  0.00 18.00
B18519168          27844201510077501314701360   668.31      3      0     0.00  0.00 18.00
B18519169          27844201510077501871720682   353.46      3      0     0.00  0.00  0.00
B18519169          27844201510077501082212297  1129.29      3      0     0.00  0.00  0.00
B18519169          27844201510077501092793038   140.65      3      0     0.00  0.00  0.00
B18519169          27844201510077501092793045   121.03      6      0     0.00  0.00  0.00
B18519169          27844201510077501092779278   271.49      3      0     0.00  0.00  0.00
B18519169          27844201510077501328980119   248.44      3      0     0.00  0.00  0.00
B18519169          27844201510077501871720668   157.78      3      0     0.00  0.00  0.00
B18519169          27844201510077501871720675   139.21      3      0     0.00  0.00  0.00
B18519169          27844201510077501098611329   405.00      3      0     0.00  0.00  0.00
B18519169          27844201510077501298213569   220.79      3      0     0.00  0.00  0.00
B18519169          27844201510075033439034211   250.51      3      0     0.00  0.00  0.00
B18519169          27844201510077501092777212   384.02      3      0     0.00  0.00  0.00
B18519169          27844201510077501092777229   633.27      6      0     0.00  0.00  0.00
B18519169          27844201510077501098605915   776.00      3      0     0.00  0.00  0.00
B18519169          27844201510077501037946246   762.43      3      0     0.00  0.00  0.00
B18519169          27844201510077501037905588   489.91      3      0     0.00  0.00  0.00
B18519169          27844201510077502216930575   143.60      3      0     0.00  0.00  0.00
B18519169          27844201510077501298209067   282.18      3      0     0.00  0.00  0.00
B18519169          27844201510077501298234700   149.98      3      0     0.00  0.00  0.00
B18519169          27844201510075034642020138   584.37      3      0     0.00  0.00  0.00
B18519169          27844201510077501009071938  1099.47      3      0     0.00  0.00  0.00
B18519169          27844201510077501037950526   456.95      3      0     0.00  0.00  0.00
B18519169          27844201510075034642021753   620.96      3      0     0.00  0.00  0.00
B18519169          27844201510077501082242409  1487.38      2      0     0.00  0.00  0.00
B18519169          27844201510077501037908671   714.88      3      0     0.00  0.00  0.00
B18519169          27844201510077501043120807   524.90      3      0     0.00 23.08  0.00
B18519169          27844201510077502257270067   446.82      3      0     0.00  0.00  0.00
B18519169          27844201510077502257270111   628.03      3      0     0.00  0.00  0.00
B18519169          27844201510077841141003436   255.61      3      0     0.00  0.00  0.00
B18519169          27844201510077501300407160   308.13      3      0     0.00  0.00  0.00
B18519169          27844201510078027950210497   714.00      3      0     0.00  0.00  0.00
B18519169          27844201510077501033958762   679.88      3      0     0.00  0.00  0.00
B18519169          27844201510078430308015901   480.27      3      0     0.00  0.00  0.00
B18519169          27844201510077501037935219   832.84      3      0     0.00  0.00  0.00
B18519169          27844201510077501034651037   197.02      3      0     0.00  9.09  0.00
B18519170          27844201510077501123014101   199.20      3      0     0.00 23.07  8.00
B18519171          27844201510077501303451559   498.16      3      0     0.00  0.00 10.00
B18519171          27844201510077501318608924    44.37      6      0     0.00  0.00 10.00
B18519172          27844201510077503003746133   826.40      3      0     0.00  0.00 18.00
B18519172          27844201510077501201401557   574.10      3      0     0.00  0.00 18.00
B18519172          27844201510077503003746379  1353.60      3      0     0.00  0.00 18.00
B18519172          27844201510077501326004947   909.98      3      0     0.00  0.00 18.00
B18519172          27844201510077501326004954   962.53      3      0     0.00  0.00 18.00
B18519172          27844201510077501326008402   975.88      3      0     0.00  0.00 18.00
B18519172          27844201510077501326000864  1035.49      3      0     0.00  0.00 18.00
B18519172          27844201510077501326000871   928.41      3      0     0.00  0.00 18.00
B18519172          27844201510077501287670328   452.38      3      0     0.00  0.00 18.00
B18519172          27844201510077501287670335   745.74      3      0     0.00  0.00 18.00
B18519172          27844201510077501050610704   275.54      3      0     0.00  0.00 18.00
B18519172          27844201510077501326003162   601.55      3      0     0.00  0.00 18.00
B18519173          27844201510077501289514460   253.51      3      0     0.00  0.00 15.00
B18512736          37369201510078716200437196   178.88     50      0     0.00  0.00 18.00
B18512737          37369201510077503013040863   187.52      5      0     0.00  0.00  5.00
B18512737          37369201510077501033956416   263.88      3      0     0.00  0.00  5.00
B18512737          37369201510077506205802690   228.00     14      0     0.00  0.00  5.00
B18512738          37369201510077502253071521   158.11      8      0     0.00  0.00  0.00
