B18498333          37369201510033282779028806   180.55      3      0    16.00  0.00 18.00
B18498333          3736920151003 736085011937   115.72      3      0     0.00  0.00 18.00
B18498333          37369201510037501094916848  1020.25     10      0     0.00  0.00 18.00
B18498333          37369201510037501273500417   223.15      5      0    16.00  0.00 18.00
B18498333          37369201510037501273500073   171.49     10      0    16.00  0.00 18.00
B18498333          37369201510037501088504808   443.26     10      0     0.00  0.00 18.00
B18498333          37369201510037501250838168   208.59      3      0     0.00  0.00 18.00
B18498333          37369201510037501094910204   305.82      3      0     0.00  0.00 18.00
B18498333          37369201510037503007704658   306.57      6      0     0.00  0.00 18.00
B18498333          37369201510037501088604058   565.20      7      0     0.00  0.00 18.00
B18498333          37369201510037501022110263   407.00     15      0     0.00  0.00 18.00
B18498333          37369201510037501250838786   528.82      8      0     0.00  0.00 18.00
B18498333          3736920151003     75004088   129.08      3      0     0.00  0.00 18.00
B18498333          37369201510037501250818689   363.41     10      0     0.00  4.76 18.00
B18498333          37369201510037501168810713   482.98      8      0     0.00  0.00 18.00
B18498333          37369201510037501168810508   394.42     10      0     0.00  0.00 18.00
B18498333          37369201510037501124763022   353.66     30      0     0.00  0.00 18.00
B18498333          37369201510037501124810993    82.62     20      0     0.00  0.00 18.00
B18498333          37369201510037501070613044   111.32      5      0     0.00  0.00 18.00
B18498333          37369201510037501124103118   195.29      5      0     0.00  0.00 18.00
B18498334          37369201510037501123015405   117.12     40      0     0.00  9.09  8.00
B18498335          37369201510037501165001619   510.88      5      0     0.00  0.00  0.00
B18498335          37369201510037501089808943   662.26      8      0     0.00  0.00  0.00
B18498335          37369201510037501082212297  1129.29      8      0     0.00  0.00  0.00
B18498335          37369201510037501043160971   313.25      4      0     0.00  0.00  0.00
B18498335          37369201510037501098633260   473.00     10      0     0.00  0.00  0.00
B18498335          37369201510037501082242386   500.20      4      0     0.00  0.00  0.00
B18498335          37369201510037501037908671   714.88      8      0     0.00  0.00  0.00
B18498335          37369201510037502257270067   446.82      5      0     0.00  0.00  0.00
B18498335          37369201510037501037980189   722.26      8      0     0.00  0.00  0.00
B18498335          37369201510037502257270036   276.07      5      0     0.00  0.00  0.00
B18498335          37369201510037501033958861   893.57      4      0     0.00  0.00  0.00
B18498335          37369201510037501318683099   576.79      1      0     0.00  0.00  0.00
B18498335          37369201510037501037980165   394.15      5      0     0.00  0.00  0.00
B18498335          37369201510037501092774013    80.47      5      0     0.00  0.00  0.00
B18498335          37369201510037501082242041   332.03      8      0     0.00  0.00  0.00
B18498335          37369201510037501092772354    80.47      1      0     0.00  0.00  0.00
B18498335          37369201510037501092793045   121.03      9      0     0.00  0.00  0.00
B18498335          37369201510037501092701033    77.20      7      0     0.00  0.00  0.00
B18498336          37369201510037501318634732    84.55      8      0     0.00  0.00 10.00
B18498336          37369201510037703332003628   267.20      2      0    16.00  0.00 10.00
B18498336          37369201510037896116861566   279.64      2      0     0.00  0.00 10.00
B18498336          3736920151003 891671002277   299.87      5      0     0.00  0.00 10.00
B18498337          37369201510037501289511292  1299.88      5      0     0.00  0.00 15.00
B18498337          37369201510037501289511124   112.57      5      0     0.00  0.00 15.00
B18498337          37369201510037503006916724   423.12      5      0     0.00  0.00 15.00
B18498338          37369201510037502216931701   606.88     10      0     0.00  0.00 18.00
B18498338          37369201510037501108767923  1278.70      5      0     0.00  0.00 18.00
B18498338          37369201510037501201400659   431.46     10      0    16.00  0.00 18.00
B18498338          37369201510037501326008402   975.88     10      0     0.00  0.00 18.00
B18498338          37369201510037501326007368  1085.76      8      0     0.00  0.00 18.00
B18498338          37369201510037501326001977  1187.82     10      0     0.00  0.00 18.00
B18498338          37369201510037501326000772   740.75      5      0     0.00  0.00 18.00
B18498338          37369201510037501326004060   486.26      8      0     0.00  0.00 18.00
B18498338          37369201510037501201400567   363.86     10      0     0.00  0.00 18.00
B18498338          37369201510037501201490797   494.46     10      0     0.00  0.00 18.00
B18498338          37369201510037501108713487   948.95      7      0     0.00  0.00 18.00
B18498338          37369201510037501108715528  1739.96      2      0     0.00  0.00 18.00
B18498338          37369201510037501287669766  1011.71      2      0     0.00  0.00 18.00
B18498338          37369201510037501108712374   648.20      3      0     0.00  0.00 18.00
B18498338          37369201510037501287619105   618.85      7      0     0.00  0.00 18.00
B18498338          37369201510037501108767893  1279.72      5      0     0.00  0.00 18.00
B18498338          37369201510037501108767916   745.47      4      0     0.00  0.00 18.00
B18498338          37369201510037501201400710   329.33     10      0    16.00  0.00 18.00
B18499613          37370201510037501088504501   272.61     15      0     0.00  0.00 18.00
B18499613          37370201510037501250818689   363.41     40      0     0.00  4.76 18.00
B18499613          37370201510037501080912076   147.68     15      0    16.00  0.00 18.00
B18499613          37370201510037501088504808   443.26     30      0     0.00  0.00 18.00
B18499613          37370201510037501094917012   987.66      3      0     0.00  0.00 18.00
B18499613          37370201510037501250838786   528.82     30      0     0.00  0.00 18.00
B18499614          37370201510037501174607024   389.36      3      0     0.00  0.00  0.00
B18499614          37370201510037841141003528   191.05     50      0     0.00  0.00  0.00
B18499615          37370201510037501326001977  1187.82     50      0     0.00  0.00 18.00
B18499615          37370201510037501050617611   846.65      5      0     0.00  0.00 18.00
B18499615          37370201510037501201400710   329.33     17      0    16.00  0.00 18.00
B18499615          37370201510037501201400659   431.46     17      0    16.00  0.00 18.00
B18499615          37370201510037501326000864  1035.49     17      0     0.00  0.00 18.00
B18499615          37370201510037501326004176   459.72     25      0     0.00  0.00 18.00
B18499615          37370201510037501287624512  1019.05     13      0     0.00  0.00 18.00
B18499615          37370201510037501287624529  1260.51     13      0     0.00  0.00 18.00
B18499615          37370201510037501287688576   620.90      3      0     0.00  0.00 18.00
B18498328          37372201510037501080912076   147.68     50      0    16.00  0.00 18.00
B18498328          37372201510037501125115622    83.37     10      0     0.00  0.00 18.00
B18498328          3737220151003 786759200624    12.34     48      0     0.00  0.00 18.00
B18498328          37372201510037501250813295   934.60     10      0     0.00  0.00 18.00
B18498328          37372201510037501125115585    56.28     20      0     0.00  0.00 18.00
B18498328          37372201510037501250810645   290.08     20      0     0.00  4.76 18.00
B18498328          37372201510037501088504808   443.26     20      0     0.00  0.00 18.00
B18498328          37372201510037501250818689   363.41     10      0     0.00  4.76 18.00
B18498329          37372201510037501289514460   253.51     40      0     0.00  0.00 15.00
B18498330          37372201510037501201400352   649.91      5      0     0.00  0.00 18.00
B18498330          37372201510037501201400659   431.46     10      0    16.00  0.00 18.00
B18498330          37372201510037501326004947   909.98     10      0     0.00  0.00 18.00
B18498330          37372201510037501094914431   464.08     80      0     0.00  0.00 18.00
B18498330          37372201510037501287624529  1260.51      8      0     0.00  0.00 18.00
B18498330          3737220151003 300090887018   362.49      8      0     0.00  0.00 18.00
B18498330          37372201510037502216931848   508.82      5      0     0.00  0.00 18.00
B18498330          37372201510037501326001137   888.34     18      0     0.00  0.00 18.00
B18498330          37372201510037501287620507   482.43     20      0     0.00  0.00 18.00
B18498330          37372201510037501326000864  1035.49     18      0     0.00  0.00 18.00
B18498330          37372201510037501326004060   486.26      5      0     0.00  0.00 18.00
B18498330          37372201510037501287613516   647.82      5      0     0.00  0.00 18.00
B18498330          37372201510037501287652362   582.61     10      0     0.00  9.09 18.00
B18498331          37372201510037503006698323   173.49     20      0    16.00  0.00 10.00
B18498331          37372201510037501318685499  1651.88      5      0     0.00  0.00 10.00
B18498331          37372201510037502209290938   501.68     10      0     0.00  0.00 10.00
B18498331          37372201510037502209290921   489.80     10      0     0.00  0.00 10.00
B18498332          37372201510037501009071938  1099.47      2      0     0.00  0.00  0.00
B18498332          37372201510037501033952760   275.74     10      0     0.00  0.00  0.00
B18498332          37372201510037501092777212   384.02     20      0     0.00  0.00  0.00
B18498332          37372201510037501033954412   720.58     10      0     0.00  0.00  0.00
B18498332          37372201510037501328979601   949.87      5      0     0.00  0.00  0.00
B18498332          37372201510037501098633260   473.00     20      0     0.00  0.00  0.00
B18499608          37373201510037501293200946  1189.33      3      0     0.00  0.00 18.00
B18499608          37373201510037501250838311   946.01      6      0     0.00  4.76 18.00
B18499608          37373201510037501088617959   461.28      3      0    16.00  0.00 18.00
B18499608          37373201510030300651431681   362.57      3      0    16.00  0.00 18.00
B18499608          37373201510037501168810508   394.42      6      0     0.00  0.00 18.00
B18499608          37373201510037501258203227   465.51      3      0     0.00  0.00 18.00
B18499608          37373201510037501124814052   824.72      5      0     0.00  0.00 18.00
B18499608          37373201510037501250813295   934.60      5      0     0.00  0.00 18.00
B18499608          37373201510037501258203234   697.87      3      0     0.00  0.00 18.00
B18499608          37373201510037502209290181   438.71      2      0     0.00  0.00 18.00
B18499608          37373201510037501092780014   143.02      5      0     0.00 13.04 18.00
B18499608          37373201510037501088619557   757.68      2      0     0.00  0.00 18.00
B18499608          37373201510037501088504822   479.93      5      0     0.00  0.00 18.00
B18499608          37373201510038470003504546   257.00      2      0    16.00  0.00 18.00
B18499608          37373201510037501299307922    70.33      2      0     0.00  0.00 18.00
B18499608          37373201510037501168810713   482.98      5      0     0.00  0.00 18.00
B18499608          37373201510037501314703227   287.63      5      0     0.00  0.00 18.00
B18499608          3737320151003 736085126006   193.30      1      0     0.00  0.00 18.00
B18499608          37373201510037501124855208   310.00      5      0     0.00  0.00 18.00
B18499608          37373201510037501168810621   172.20      1      0     0.00  0.00 18.00
B18499608          37373201510037501088506680   260.46      1      0     0.00  0.00 18.00
B18499608          37373201510037501168890180   334.56      5      0     0.00  0.00 18.00
B18499608          37373201510037501088575600    97.39      5      0     0.00  0.00 18.00
B18499608          37373201510037501124763022   353.66      5      0     0.00  0.00 18.00
B18499608          37373201510037501070902384   283.18      3      0     0.00  0.00 18.00
B18499608          3737320151003 008400005489   408.75      3      0     0.00  0.00 18.00
B18499608          37373201510037502209290082   456.82     10      0     0.00  0.00 18.00
B18499608          37373201510037502209290211   759.83     10      0     0.00  0.00 18.00
B18499608          37373201510037501250810645   290.08     10      0     0.00  4.76 18.00
B18499608          37373201510037501250838533   418.00      8      0     0.00  4.76 18.00
B18499608          37373201510037501250838939   469.34      8      0     0.00  4.76 18.00
B18499608          37373201510037501070900243   276.89      3      0     0.00  0.00 18.00
B18499608          37373201510037501124813994  2097.31      3      0     0.00  0.00 18.00
B18499608          37373201510037503007315021   234.36      3      0     0.00  0.00 18.00
B18499608          37373201510037503007315014   209.16      3      0     0.00  0.00 18.00
B18499608          37373201510037501088604058   565.20      3      0     0.00  0.00 18.00
B18499608          37373201510037501088617058   565.20      3      0     0.00  0.00 18.00
B18499608          37373201510037502213146672   364.04      1      0     0.00  0.00 18.00
B18499608          37373201510037503007704658   306.57     15      0     0.00  0.00 18.00
B18499608          37373201510037501022110263   407.00     10      0     0.00  0.00 18.00
B18499608          37373201510037501250838786   528.82     10      0     0.00  0.00 18.00
B18499608          37373201510037501250838212   404.97     10      0     0.00  4.76 18.00
B18499608          37373201510037501250818689   363.41     10      0     0.00  4.76 18.00
B18499609          37373201510037501123014101   199.20      5      0     0.00 23.07  8.00
B18499610          37373201510037501324402516   356.00      5      0     0.00  0.00  0.00
B18499610          37373201510037501409201270   325.98     10      0     0.00  0.00  0.00
B18499610          37373201510037501089800077   175.61      3      0     0.00  0.00  0.00
B18499610          37373201510037501089800268   198.94      3      0     0.00  0.00  0.00
B18499610          37373201510037501324402868   422.00      1      0     0.00  0.00  0.00
B18499610          37373201510035034642032575   661.86      5      0     0.00  0.00  0.00
B18499610          37373201510037501324402288   208.00      5      0     0.00  0.00  0.00
B18499610          37373201510037501089803177   165.24     20      0     0.00  0.00  0.00
B18499610          37373201510037501089808844   671.98      2      0     0.00  0.00  0.00
B18499610          37373201510037501089808936   336.31      3      0     0.00  0.00  0.00
B18499610          37373201510037501089808943   662.26      3      0     0.00  0.00  0.00
B18499610          37373201510037501871720217   113.85      3      0     0.00  0.00  0.00
B18499610          37373201510037501871720590   719.62     20      0     0.00  0.00  0.00
B18499610          37373201510037501089803184   268.92      2      0     0.00  0.00  0.00
B18499610          37373201510037501098610810   240.00      5      0     0.00  0.00  0.00
B18499610          37373201510037501089803160    86.18      2      0     0.00  0.00  0.00
B18499610          37373201510037501098610803   183.00      5      0     0.00  0.00  0.00
B18499610          37373201510037501098633253   262.00      2      0     0.00  0.00  0.00
B18499610          37373201510037501098602587   454.00      5      0     0.00  0.00  0.00
B18499610          37373201510037501098624114   344.00      5      0     0.00  0.00  0.00
B18499610          37373201510037501098633260   473.00      3      0     0.00  0.00  0.00
B18499610          37373201510037501037980172   612.08      3      0     0.00  0.00  0.00
B18499610          37373201510037501037980189   722.26      3      0     0.00  0.00  0.00
B18499610          37373201510037501046491874   296.32      2      0     0.00  0.00  0.00
B18499610          37373201510037501082224214   969.30     30      0     0.00  0.00  0.00
B18499610          37373201510037501037980226   698.20      3      0     0.00  0.00  0.00
B18499610          37373201510037501089809490    79.70      3      0     0.00  0.00  0.00
B18499610          37373201510037501098606127   434.00      3      0     0.00  0.00  0.00
B18499610          37373201510037501300409799   191.88     10      0     0.00  0.00  0.00
B18499610          37373201510037501037908671   714.88      3      0     0.00  0.00  0.00
B18499610          37373201510037501300407177   254.38     10      0     0.00  0.00  0.00
B18499610          37373201510037841141003436   255.61     20      0     0.00  0.00  0.00
B18499610          37373201510037501088505485   106.75      3      0     0.00  0.00  0.00
B18499610          37373201510037501871721214   739.30     20      0     0.00  0.00  0.00
B18499610          37373201510038901120004386   166.63      3      0     0.00  0.00  0.00
B18499610          37373201510037501043100137   602.93      2      0     0.00  0.00  0.00
B18499611          37373201510037501390912209   232.88      3      0     0.00  0.00 10.00
B18499611          37373201510037501303457513   292.20      2      0     0.00  0.00 10.00
B18499611          37373201510037502209290921   489.80      5      0     0.00  0.00 10.00
B18499611          37373201510037501303451559   498.16      2      0     0.00  0.00 10.00
B18499611          37373201510037501318643482   580.21      3      0     0.00  0.00 10.00
B18499611          37373201510037703331157506   279.64      2      0     0.00  0.00 10.00
B18499612          37373201510037501326008402   975.88      5      0     0.00  0.00 18.00
B18499612          37373201510037501287624529  1260.51      5      0     0.00  0.00 18.00
B18499612          37373201510037501287688552   620.74      2      0     0.00  0.00 18.00
B18499612          37373201510037501201400567   363.86     10      0     0.00  0.00 18.00
B18499612          37373201510037501050617161   581.91      2      0     0.00  0.00 18.00
B18499612          37373201510037501050617185   761.96      2      0     0.00  0.00 18.00
B18499612          37373201510037501201400710   329.33     15      0    16.00  0.00 18.00
B18499612          37373201510037501108767923  1278.70      2      0     0.00  0.00 18.00
B18499612          37373201510037501201400833   637.76      5      0     0.00  0.00 18.00
