B18620669           5230201510267501088509810    66.48      2      0     0.00  0.00 18.00
B18620669           5230201510267501125139543   189.03      5      0     0.00  0.00 18.00
B18620669           5230201510267501088579615    88.28      5      0     0.00  0.00 18.00
B18620669           5230201510267503007704658   306.57      4      0     0.00  0.00 18.00
B18620669           5230201510267501314704552   118.14      5      0     0.00  0.00 18.00
B18620669           5230201510267501070903053   110.01      3      0     0.00  0.00 18.00
B18620669           5230201510267501070903695   318.40     10      0     0.00  0.00 18.00
B18620669           5230201510267501314701773   350.37      3      0     0.00  0.00 18.00
B18620670           5230201510267501088507007   498.67      3      0     0.00  0.00  5.00
B18620671           5230201510267501098602594   389.00      2      0     0.00  0.00  0.00
B18620671           5230201510267501098605229  1161.00      2      0     0.00  0.00  0.00
B18620671           5230201510267501871721283   818.24      2      0     0.00  0.00  0.00
B18620671           5230201510267501871721290  1567.78      3      0     0.00  0.00  0.00
B18620671           523020151026 650240015687   101.85     30      0    16.00  0.00  0.00
B18620671           5230201510267502216933705   405.84      5      0     0.00  0.00  0.00
B18620671           5230201510267841141003726   460.28     10      0     0.00  0.00  0.00
B18620672           5230201510263499320002868   353.70      2      0     0.00  0.00  8.00
B18620672           5230201510267502003560442   417.23      2      0     0.00  0.00  8.00
B18620673           5230201510267501303451559   498.16      2      0     0.00  0.00 10.00
B18620674           5230201510267501050617611   846.65      3      0     0.00  0.00 18.00
B18624269           5257201510267501299303047    46.36     10      0     0.00  0.00 18.00
B18624269           525720151026 020800790253   134.63      5      0     0.00  0.00 18.00
B18624269           5257201510267501168810607    84.46      1      0     0.00  0.00 18.00
B18624269           5257201510267501070634810   233.53      5      0     0.00  9.09 18.00
B18624270           5257201510267501123013821   207.64     10      0     0.00 16.66  8.00
B18624271           5257201510267501086301041    84.78     10      0     0.00  9.09 10.00
B18620684          37369201510267501390911561   299.30      1      0     0.00  0.00 10.00
B18620685          37369201510267503006916700   427.83      1      0     0.00  0.00 15.00
B18620686          37369201510267501324402516   356.00      1      0     0.00  0.00  0.00
B18620686          37369201510267501082212037   755.40      4      0     0.00  0.00  0.00
B18620686          37369201510267501165006683   310.14      1      0     0.00  0.00  0.00
B18620687          37370201510267501122961901   260.60      3      0     0.00  9.09  8.00
B18620688          37370201510267501871720750   352.60      5      0     0.00  0.00  0.00
B18625516          37372201510267501314704569   134.44     20      0     0.00  0.00 18.00
B18625516          37372201510267502209290099   278.25     10      0     0.00  0.00 18.00
B18625516          37372201510267501125100253    67.84    180      0     0.00  0.00 18.00
B18625516          37372201510267501124103118   203.11     10      0     0.00  0.00 18.00
B18625516          37372201510267501125112034    83.94     10      0     0.00  0.00 18.00
B18625516          37372201510267501250838939   469.34     20      0     0.00  4.76 18.00
B18625516          37372201510267501070635763   391.97     10      0     0.00  9.09 18.00
B18625516          37372201510267501070635756   297.90      5      0     0.00  9.09 18.00
B18625516          37372201510267501091440117   500.25     50      0     0.00  0.00 18.00
B18625517          37372201510267501088507007   498.67     10      0     0.00  0.00  5.00
B18625518          37372201510267501082212181   562.17      5      0     0.00  0.00  0.00
B18625518          37372201510267501043162074   132.66      5      0    16.00  4.00  0.00
B18625518          37372201510267501037980189   722.26      5      0     0.00  0.00  0.00
B18625518          37372201510267501050606578   208.75     10      0     0.00  0.00  0.00
B18625518          37372201510267501037905588   489.91     10      0     0.00  0.00  0.00
B18625518          37372201510267501037908671   714.88     20      0     0.00  0.00  0.00
B18625519          37372201510267501287669032   168.97     10      0     0.00  0.00 18.00
B18625519          37372201510267501326004978  1187.82      5      0     0.00  0.00 18.00
B18625519          37372201510267502224228688   654.79      2      0    16.00  0.00 18.00
B18625519          37372201510267501328977980   255.96     10      0     0.00  0.00 18.00
B18625519          37372201510267501287624529  1260.51     40      0     0.00  0.00 18.00
B18625519          37372201510267501287678003   116.84     10      0     0.00  0.00 18.00
B18625520          37373201510267501326001991  1155.15     15      0     0.00  0.00 18.00
B18625520          37373201510267501326004176   459.72     15      0     0.00  0.00 18.00
B18625520          37373201510267501326004947   909.98     15      0     0.00  0.00 18.00
B18625520          37373201510267501201400710   329.33     10      0    16.00  0.00 18.00
B18625520          37373201510267501326008402   975.88     10      0     0.00  0.00 18.00
B18625521          3737420151026 736085280005   317.61      5      0    16.00  0.00 18.00
B18625522          37374201510267501092774730   451.40      2      0     0.00  0.00  0.00
