B18788859          37369201511207501258203227   465.51      3      0     0.00  0.00 18.00
B18788859          37369201511207501314704934   313.01      4      0     0.00  0.00 18.00
B18788859          37369201511207501258203234   697.87      3      0     0.00  0.00 18.00
B18788859          37369201511207501094917005   499.68      2      0     0.00  0.00 18.00
B18788859          37369201511207501088615108   365.13      4      0    16.00  0.00 18.00
B18788859          37369201511207501080911178   161.22      4      0    16.00  0.00 18.00
B18788859          37369201511207501094917029   499.68      2      0     0.00  0.00 18.00
B18788859          37369201511207501168890180   334.56      4      0     0.00  0.00 18.00
B18788859          3736920151120 736085405668   365.39      2      0     0.00  0.00 18.00
B18788859          37369201511207501273500165   206.67      2      0    16.00  0.00 18.00
B18788859          37369201511207502209290471   484.87      4      0     0.00  0.00 18.00
B18788859          37369201511207502209290488   646.13      4      0     0.00  0.00 18.00
B18788859          3736920151120 736085156096   175.90      2      0     0.00  0.00 18.00
B18788859          37369201511207501088617553   634.64      4      0     0.00  0.00 18.00
B18788859          37369201511207501124818746  1052.83      2      0     0.00  0.00 18.00
B18788859          37369201511207501088506871   289.93      2      0     0.00  9.09 18.00
B18788859          37369201511207501314704750   164.96      4      0     0.00  0.00 18.00
B18788859          37369201511207501168810508   394.42      4      0     0.00  0.00 18.00
B18788859          37369201511203282776367311   276.90      1      0    16.00  0.00 18.00
B18788859          37369201511207501250838939   469.34      4      0     0.00  4.76 18.00
B18788859          37369201511203282770959888   264.76      1      0    16.00  0.00 18.00
B18788859          37369201511208470003693066   230.00      1      0    16.00  0.00 18.00
B18788859          37369201511207501088507618   570.34      4      0     0.00  0.00 18.00
B18788859          37369201511207501293201523   499.37      1      0    16.00  0.00 18.00
B18788859          37369201511207501088507625   291.66      4      0     0.00  0.00 18.00
B18788859          37369201511207501314705542   406.06      4      0     0.00  0.00 18.00
B18788859          37369201511207501168870403   201.24      1      0     0.00  0.00 18.00
B18788859          37369201511207501124813192   422.80      4      0     0.00  0.00 18.00
B18788859          37369201511207502209290181   438.71      2      0     0.00  0.00 18.00
B18788859          37369201511207501094916688   955.07      2      0     0.00  0.00 18.00
B18788859          37369201511207501124815851  1076.23      2      0     0.00  0.00 18.00
B18788859          3736920151120 736085402346   562.66      2      0     0.00  0.00 18.00
B18788859          3736920151120 736085280098   241.04      2      0     0.00  0.00 18.00
B18788859          37369201511207501094914875  1234.99      3      0     0.00  0.00 18.00
B18788859          37369201511207501088617959   461.28      3      0    16.00  0.00 18.00
B18788859          37369201511200300651431681   362.57      3      0    16.00  0.00 18.00
B18788860          37369201511207501108762942   557.50      3      0     0.00  0.00  5.00
B18788860          37369201511207501088507007   498.67      4      0     0.00  0.00  5.00
B18788860          37369201511207501033956140    44.37      8      0    16.00  0.00  5.00
B18788860          37369201511207503013040863   187.52      8      0     0.00  0.00  5.00
B18788860          37369201511207506205805028   223.27      4      0     0.00  0.00  5.00
B18788861          37369201511207502246642820   810.08      4      0     0.00  0.00  0.00
B18788861          37369201511207501082242607   840.54      4      0     0.00  0.00  0.00
B18788861          37369201511207502257270111   628.03      2      0     0.00  0.00  0.00
B18788861          37369201511207501033957956   696.45      1      0     0.00  0.00  0.00
B18788861          37369201511208430308001379   496.15      2      0     0.00  0.00  0.00
B18788861          37369201511207501037965148  1146.02      2      0     0.00  0.00  0.00
B18788861          37369201511207501037965131  1134.93      2      0     0.00  0.00  0.00
B18788861          37369201511208430308015901   480.27      8      0     0.00  0.00  0.00
B18788861          37369201511207501165007956   573.66      1      0    16.00  0.00  0.00
B18788861          37369201511207501037935172   431.38      2      0     0.00  0.00  0.00
B18788861          37369201511208027950210497   714.00      2      0     0.00  0.00  0.00
B18788861          37369201511207501098608398   318.00      4      0     0.00  0.00  0.00
B18788861          3736920151120 612197722100    42.74      4      0    16.00  0.00  0.00
B18788861          37369201511207501037935196   429.67      2      0     0.00  0.00  0.00
B18788861          37369201511207501089803368   186.62      4      0     0.00  0.00  0.00
B18788861          37369201511205000455019966   809.00      3      0     0.00  0.00  0.00
B18788861          37369201511207501037907636   678.22      4      0     0.00  0.00  0.00
B18788861          37369201511208430308130031  1239.88      1      0     0.00  0.00  0.00
B18788861          37369201511207730979095464   281.59      4      0     0.00  0.00  0.00
B18788862          37369201511207501123010608   254.76      8      0     0.00  9.09  8.00
B18788862          37369201511207501123011209   459.94      8      0     0.00  9.09  8.00
B18788862          37369201511205702191008067   625.76      2      0     0.00  0.00  8.00
B18788862          37369201511203499320002448   635.71      4      0     0.00  0.00  8.00
B18788862          37369201511207501033950186    53.51      4      0     0.00  0.00  8.00
B18788862          37369201511207501122966203   171.02      4      0     0.00  0.00  8.00
B18788862          37369201511207501123013111   211.03      1      0     0.00 16.66  8.00
B18788862          37369201511207501123014101   199.20      8      0     0.00  9.09  8.00
B18788862          37369201511207501390912766   496.10      4      0    16.00  0.00  8.00
B18788862          37369201511207501123016907   334.55      4      0     0.00  9.09  8.00
B18788862          37369201511207501122963103   135.72      2      0     0.00  0.00  8.00
B18788862          37369201511203499320000215   274.62      8      0     0.00  0.00  8.00
B18788862          37369201511207501123015405   117.12     13      0     0.00  0.00  8.00
B18788862          37369201511207501123017454   270.13      1      0     0.00  0.00  8.00
B18788862          37369201511203499320001335   196.35      4      0     0.00  0.00  8.00
B18788862          37369201511203499320001878   202.44      1      0     0.00  0.00  8.00
B18788863          37369201511207703332003314   159.20      8      0    16.00  0.00 10.00
B18788863          37369201511207705849004013   319.20      2      0    16.00  0.00 10.00
B18788863          37369201511207705849004037   559.20      2      0    16.00  0.00 10.00
B18788863          37369201511207501390912551   266.50      4      0    16.00  0.00 10.00
B18788863          37369201511207501293201660   323.57      4      0     0.00  0.00 10.00
B18788863          37369201511207502209290938   501.68      4      0     0.00  0.00 10.00
B18788863          37369201511207502209290921   489.80      4      0     0.00  0.00 10.00
B18788863          37369201511207501142913539   462.83      4      0     0.00 23.07 10.00
B18788863          37369201511204019338605159   323.57      4      0     0.00  0.00 10.00
B18788864          37369201511203337872414527   280.84      4      0    16.00  0.00 14.00
B18788865          37369201511207501101649035   500.73      4      0     0.00  0.00 15.00
B18788865          37369201511207501101649097   671.79      4      0     0.00  0.00 15.00
B18788865          37369201511207501101654985   657.67      4      0     0.00  0.00 15.00
B18788865          37369201511207501101612084   504.05      4      0     0.00  0.00 15.00
B18788865          37369201511207501101615016   508.20      4      0     0.00  0.00 15.00
B18788865          37369201511207501101615856   499.90      4      0     0.00  0.00 15.00
B18788865          37369201511207501289511292  1299.88      7      0     0.00  0.00 15.00
B18788865          37369201511207501289514460   253.51     18      0     0.00  0.00 15.00
B18788866          3736920151120 300090050139   183.31      2      0     0.00  0.00 18.00
B18788866          37369201511207501050617611   846.65      4      0     0.00  0.00 18.00
B18788866          37369201511207501049721114   321.98      4      0     0.00  0.00 18.00
B18788866          37369201511207501326000383   734.45      3      0     0.00  0.00 18.00
B18788866          37369201511207501326003162   601.55      8      0     0.00  0.00 18.00
B18788866          37369201511207501049721145   500.38      4      0     0.00  0.00 18.00
B18788866          37369201511207501287669766  1011.71      2      0     0.00  0.00 18.00
B18788866          37369201511207501326004947   909.98     13      0     0.00  0.00 18.00
B18788866          37369201511207501287669001   137.77      4      0     0.00  0.00 18.00
B18788866          37369201511207501326007368  1085.76      4      0     0.00  0.00 18.00
B18788866          37369201511207501142936286   747.33      8      0     0.00  0.00 18.00
B18788866          37369201511207501287669032   168.97      4      0     0.00  0.00 18.00
B18788866          37369201511207501287619105   618.85      4      0     0.00  0.00 18.00
B18788866          37369201511207501326008402   975.88      8      0     0.00  0.00 18.00
B18788866          3736920151120 300093116016   264.89      2      0     0.00  0.00 18.00
B18788866          37369201511207501326000925   513.27      4      0     0.00  0.00 18.00
B18788866          37369201511207501326001137   888.34      8      0     0.00  0.00 18.00
B18788866          37369201511207502216930551   329.20      4      0     0.00  5.00 18.00
B18788866          37369201511207501326001977  1187.82     18      0     0.00  0.00 18.00
B18788866          37369201511207502216930568   188.12      4      0     0.00  9.09 18.00
B18788866          37369201511207501326000864  1035.49      8      0     0.00  0.00 18.00
B18788866          37369201511207501326004060   486.26      4      0     0.00  0.00 18.00
B18788866          37369201511207503003746348  2067.20      7      0     0.00  0.00 18.00
B18788866          37369201511207501559601333  2633.18      8      0     0.00  0.00 18.00
B18788866          37369201511207501108767916   745.47      4      0     0.00  0.00 18.00
B18788866          37369201511207501201400710   329.33      4      0    16.00  0.00 18.00
B18788866          37369201511207502216931220   167.38      4      0     0.00  0.00 18.00
B18788866          37369201511207501287652683   584.66      5      0     0.00  0.00 18.00
B18788866          37369201511207501108767923  1278.70      4      0     0.00  0.00 18.00
B18788866          37369201511207501201400352   649.91      4      0     0.00  0.00 18.00
B18788866          37369201511207501201400659   431.46      4      0    16.00  0.00 18.00
B18788866          37369201511207502216931848   508.82      4      0     0.00  0.00 18.00
B18788866          37369201511207501201400437   458.71      3      0     0.00  0.00 18.00
B18788866          37369201511207501287688569  1623.79      4      0     0.00  0.00 18.00
B18788866          37369201511207502216930865   270.19      4      0     0.00  0.00 18.00
B18788866          37369201511207501201400567   363.86      8      0     0.00  0.00 18.00
B18788866          37369201511207503003746157  1256.00      2      0     0.00  0.00 18.00
B18788866          37369201511207501201400581   655.73      4      0     0.00  0.00 18.00
B18788866          37369201511207501201490797   494.46      8      0     0.00  0.00 18.00
B18788866          3736920151120 300090286200   229.61      3      0     0.00  0.00 18.00
B18788867          37369201511207501124813994  2097.31      8      0     0.00  0.00 18.00
B18788867          37369201511207501094916671   949.22      4      0     0.00  0.00 18.00
B18788867          37369201511207501088504808   443.26      8      0     0.00  0.00 18.00
B18788867          37369201511207503007315021   234.36      8      0     0.00  0.00 18.00
B18788867          3736920151120 736085280005   317.61      8      0    16.00  0.00 18.00
B18788867          37369201511207501088504501   272.61      8      0     0.00  0.00 18.00
B18788867          37369201511207501250838786   528.82      8      0     0.00  0.00 18.00
B18788867          37369201511207501250839233   598.08      7      0     0.00  4.76 18.00
B18788867          37369201511207502209290549   539.34      7      0     0.00  0.00 18.00
B18788867          3736920151120 324208353059   219.63      5      0     0.00 16.66 18.00
B18788867          37369201511207501095402074   908.49      4      0     0.00  0.00 18.00
B18788867          37369201511207503000883404   669.61      4      0     0.00  2.00 18.00
B18788867          37369201511207501088504822   479.93      4      0     0.00  0.00 18.00
B18788867          37369201511207501022110263   407.00      4      0     0.00  0.00 18.00
B18788867          37369201511207501250838311   946.01      4      0     0.00  4.76 18.00
B18788867          37369201511207501168870625   527.26      4      0     0.00  0.00 18.00
B18788867          37369201511207501293200946  1189.33      4      0     0.00  0.00 18.00
B18788867          37369201511207501168810713   482.98      4      0     0.00  0.00 18.00
B18788867          37369201511207501094916558   289.95      4      0     0.00  0.00 18.00
B18788867          37369201511207501124855239   533.10      4      0     0.00  0.00 18.00
B18788867          37369201511207501124855208   310.00      4      0     0.00  0.00 18.00
B18788867          37369201511208470000478949   409.00      4      0    16.00 15.00 18.00
B18788867          37369201511208470002358201   540.00      4      0    16.00 15.00 18.00
B18788867          37369201511207501299307175   262.95      4      0     0.00  0.00 18.00
B18788867          37369201511203582186000731   145.80      4      0     0.00  0.00 18.00
B18788867          37369201511208470002456938   976.00      4      0    16.00  0.00 18.00
B18788867          37369201511207501088507755   951.18      4      0     0.00  0.00 18.00
B18788867          37369201511207503007704627   449.32      4      0     0.00  0.00 18.00
B18788867          37369201511207501070903695   318.40      4      0     0.00  0.00 18.00
B18788867          3736920151120 736085905373   694.22      4      0     0.00  0.00 18.00
B18788867          37369201511207501070902384   325.67      4      0     0.00  0.00 18.00
B18788867          3736920151120 736085401431   501.53      4      0     0.00  0.00 18.00
B18788867          3736920151120 008400000767   121.61      4      0     0.00  0.00 18.00
B18788867          3736920151120 008400000774   123.41      4      0     0.00  0.00 18.00
B18788867          37369201511207501250810645   290.08      4      0     0.00  4.76 18.00
B18788867          37369201511207501088507502   334.30      4      0     0.00  9.09 18.00
B18788867          37369201511207501088507106   514.99      4      0     0.00  9.09 18.00
B18788867          37369201511207503007704658   306.57      4      0     0.00  0.00 18.00
B18788867          37369201511207501250822174   506.82      4      0     0.00  4.76 18.00
B18788867          37369201511207502261160767   535.34      4      0     0.00  0.00 18.00
B18788867          37369201511207501250838878   916.68      4      0     0.00  0.00 18.00
B18788867          37369201511204030571000389   318.47      4      0    16.00 16.66 18.00
B18788867          37369201511207502209290075   518.34      8      0     0.00  0.00 18.00
B18788867          37369201511203282776432026   106.21      4      0    16.00  0.00 18.00
B18788867          37369201511207501314703920   207.26      4      0     0.00  0.00 18.00
B18788867          37369201511207501094916848  1020.25      8      0     0.00  0.00 18.00
B18788867          37369201511207501088507601   452.84      4      0     0.00  0.00 18.00
B18788867          37369201511207501250813295   934.60      8      0     0.00  0.00 18.00
B18788867          37369201511207501124814007  2097.31      8      0     0.00  0.00 18.00
B18788867          37369201511207501293200656   290.58      4      0     0.00  0.00 18.00
B18788868          37369201511207501086301041    74.32      4      0     0.00  9.09  0.00
B18788868          37369201511207501165001206   294.52      2      0     0.00  0.00  0.00
B18788868          37369201511207501165001213   467.74      2      0     0.00  0.00  0.00
B18788868          37369201511207501165001619   510.88      4      0     0.00  0.00  0.00
B18788868          37369201511207501871720941   939.99      4      0     0.00  0.00  0.00
B18788868          37369201511207501089800077   181.44      4      0     0.00  0.00  0.00
B18788868          37369201511207501092772385   149.16      2      0     0.00  0.00  0.00
B18788868          37369201511207501072340665   427.66      2      0     0.00  0.00  0.00
B18788868          37369201511207501871721023   276.28      1      0     0.00  0.00  0.00
B18788868          37369201511207501871730315   336.77      4      0     0.00  0.00  0.00
B18788868          37369201511207501298204994   553.24      4      0     0.00  0.00  0.00
B18788868          37369201511207501298205038   411.87      4      0     0.00  0.00  0.00
B18788868          37369201511207501298206455   146.45      4      0     0.00  0.00  0.00
B18788868          37369201511207501303451580   274.12      4      0     0.00  0.00  0.00
B18788868          37369201511208430308413516   225.96      4      0     0.00  0.00  0.00
B18788868          37369201511208430308624516   221.81      8      0     0.00  0.00  0.00
B18788868          37369201511207501324402868   422.00      2      0     0.00  0.00  0.00
B18788868          37369201511207501324403612   728.00      4      0     0.00  0.00  0.00
B18788868          37369201511207501559614135   790.05      4      0     0.00  0.00  0.00
B18788868          37369201511207501033952784   614.43      8      0     0.00  0.00  0.00
B18788868          37369201511207501165000179   234.56      2      0     0.00  0.00  0.00
B18788868          37369201511207501328976068   210.77      2      0     0.00  0.00  0.00
B18788868          37369201511207501033953057   173.89      8      0     0.00  0.00  0.00
B18788868          37369201511207501033950827   486.91      1      0     0.00  0.00  0.00
B18788868          37369201511207501009071471   137.35      8      0     0.00  0.00  0.00
B18788868          37369201511207501033921292   400.12      4      0     0.00  0.00  0.00
B18788868          37369201511207501033954412   720.58      8      0     0.00  0.00  0.00
B18788868          37369201511207501033920325   278.58      4      0     0.00  0.00  0.00
B18788868          37369201511207501033920356   614.57      2      0     0.00  0.00  0.00
B18788868          37369201511207501328979229   780.07      4      0     0.00  0.00  0.00
B18788868          37369201511207501328975436   128.50      2      0     0.00  0.00  0.00
B18788868          37369201511207501324402516   356.00      3      0     0.00  0.00  0.00
B18788868          37369201511207501324402561   111.00      4      0     0.00  0.00  0.00
B18788868          37369201511207501037980165   394.15      4      0     0.00  0.00  0.00
B18788868          37369201511207501328979267   619.93      4      0     0.00  0.00  0.00
B18788868          37369201511207501384541224   166.84      2      0     0.00  0.00  0.00
B18788868          37369201511207501409201263   223.33      2      0     0.00  0.00  0.00
B18788868          37369201511207501092793045   121.03      4      0     0.00  0.00  0.00
B18788868          37369201511207501082221084   501.45      4      0     0.00  0.00  0.00
B18788868          37369201511207501328979564   425.63      4      0     0.00  0.00  0.00
B18788868          37369201511207501328979762   705.84      4      0     0.00  0.00  0.00
B18788868          37369201511207501385491085   156.80      5      0     0.00  9.09  0.00
B18788868          37369201511207501092779278   271.49      8      0     0.00  0.00  0.00
B18788868          37369201511207501328980119   248.44      8      0     0.00  0.00  0.00
B18788868          37369201511207501089800015   237.17      2      0     0.00  0.00  0.00
B18788868          37369201511207501092743057   187.10      2      0     0.00  0.00  0.00
B18788868          37369201511207501092743064   181.21      8      0     0.00  0.00  0.00
B18788868          37369201511207501092760016   210.00      8      0     0.00  0.00  0.00
B18788868          37369201511207501089801166   295.49      4      0     0.00  0.00  0.00
B18788868          37369201511207501089801173   576.72      4      0     0.00  0.00  0.00
B18788869          37369201511207501871720507   276.70      4      0     0.00  0.00  0.00
B18788869          37369201511207501089808943   673.92      4      0     0.00  0.00  0.00
B18788869          37369201511207501089803177   171.72      8      0     0.00  0.00  0.00
B18788869          37369201511207501871720668   157.78      4      0     0.00  0.00  0.00
B18788869          37369201511207501871720675   139.21      4      0     0.00  0.00  0.00
B18788869          37369201511207501871720682   353.46      4      0     0.00  0.00  0.00
B18788869          37369201511207501871720590   719.62     13      0     0.00  0.00  0.00
B18788869          37369201511207501082212136   937.92     20      0     0.00  0.00  0.00
B18788869          37369201511207501082212181   590.28      2      0     0.00  0.00  0.00
B18788869          37369201511207501082212228   936.92      2      0     0.00  0.00  0.00
B18788869          37369201511207501082212235  1046.80      2      0     0.00  0.00  0.00
B18788869          37369201511207501871720750   352.60      4      0     0.00  0.00  0.00
B18788869          37369201511207501871720774   161.92      8      0     0.00  0.00  0.00
B18788869          37369201511207501082212297  1163.17      8      0     0.00  0.00  0.00
B18788869          37369201511207501285600341   171.39      2      0     0.00  0.00  0.00
B18788869          37369201511207501098610872   236.00      4      0     0.00  0.00  0.00
B18788869          37369201511207501098603690   223.00      4      0     0.00  0.00  0.00
B18788869          37369201511207501098602587   454.00      3      0     0.00  0.00  0.00
B18788869          37369201511207501098602594   389.00      3      0     0.00  0.00  0.00
B18788869          37369201511207501098621151   249.00      4      0     0.00  0.00  0.00
B18788869          37369201511207501098611329   405.00     28      0     0.00  0.00  0.00
B18788869          37369201511207501098604116   518.00      3      0     0.00  0.00  0.00
B18788869          37369201511207501037980189   722.26      4      0     0.00  0.00  0.00
B18788869          37369201511207501050606578   208.75      2      0     0.00  0.00  0.00
B18788869          37369201511207501033921759   286.35      4      0     0.00  0.00  0.00
B18788869          37369201511207501098605229  1161.00      4      0     0.00  0.00  0.00
B18788869          37369201511207501092777212   384.02      8      0     0.00  0.00  0.00
B18788869          37369201511207501092777229   633.27      4      0     0.00  0.00  0.00
B18788869          37369201511207501328979274   970.33      4      0     0.00  0.00  0.00
B18788869          37369201511207501098606103   358.00      3      0     0.00  0.00  0.00
B18788869          37369201511207501098606127   434.00      3      0     0.00  0.00  0.00
B18788869          37369201511207501300408556   295.00      2      0     0.00  0.00  0.00
B18788869          37369201511207501033955952   642.30      2      0     0.00  0.00  0.00
B18788869          37369201511207502216930575   143.60      4      0     0.00  0.00  0.00
B18788869          37369201511207501082242256   484.97      4      0     0.00  0.00  0.00
B18788869          37369201511207501050625272    82.85      8      0    16.00  0.00  0.00
B18788869          37369201511207501871721214   739.30      4      0     0.00  0.00  0.00
B18788869          37369201511207501098605915   776.00      8      0     0.00  0.00  0.00
B18788869          37369201511207501559601159   330.91      2      0     0.00  0.00  0.00
B18788869          37369201511207501022101681   118.47      4      0     0.00  6.00  0.00
B18788869          37369201511207501092776413   236.82      8      0     0.00  0.00  0.00
B18788869          37369201511207501082242386   500.20      8      0     0.00  0.00  0.00
B18788869          37369201511207501082242362   500.20      4      0     0.00  0.00  0.00
B18788869          37369201511207501098606608   259.00      4      0     0.00  0.00  0.00
B18788869          37369201511207502257270067   446.82      8      0     0.00  0.00  0.00
B18788869          37369201511207502257270036   276.07     18      0     0.00  0.00  0.00
B18788869          37369201511207501037905588   489.91      8      0     0.00  0.00  0.00
B18788869          37369201511207501298215907   590.42      4      0     0.00  0.00  0.00
B18788869          37369201511207501037925562   305.65      3      0     0.00  0.00  0.00
B18788869          37369201511208020030091252   419.76      1      0     0.00  0.00  0.00
B18789830          37370201511207501088507007   498.67      8      0     0.00  0.00  5.00
B18789831          37370201511207501122961901   260.60      8      0     0.00  9.09  8.00
B18789831          37370201511203499320000215   274.62      4      0     0.00  0.00  8.00
B18789832          37370201511207501871720774   161.92      8      0     0.00  0.00  0.00
B18789832          37370201511207501098610810   240.00      4      0     0.00  0.00  0.00
B18789832          37370201511207501098611305   284.00     10      0     0.00  0.00  0.00
B18789832          37370201511207501871730339   336.77      4      0     0.00  0.00  0.00
B18789832          37370201511207501089803177   171.72     10      0     0.00  0.00  0.00
B18789832          37370201511207501871720682   353.46     10      0     0.00  0.00  0.00
B18789832          37370201511207501871720590   719.62     40      0     0.00  0.00  0.00
B18789832          37370201511207501082212136   937.92     20      0     0.00  0.00  0.00
B18789832          37370201511207501082212228   936.92      4      0     0.00  0.00  0.00
B18789832          37370201511207501098604529   517.00      4      0     0.00  0.00  0.00
B18789832          37370201511207501098610803   183.00      4      0     0.00  0.00  0.00
B18789832          37370201511207501098633260   473.00     80      0     0.00  0.00  0.00
B18789832          37370201511207501033955952   642.30      2      0     0.00  0.00  0.00
B18789832          37370201511207501022101681   118.47      2      0     0.00  6.00  0.00
B18789832          37370201511207501098611329   405.00     80      0     0.00  0.00  0.00
B18789832          37370201511207501098604505   395.00      4      0     0.00  0.00  0.00
B18789832          37370201511207501037905588   489.91     20      0     0.00  0.00  0.00
B18789832          37370201511207502257270067   446.82      8      0     0.00  0.00  0.00
B18789832          37370201511207502246642820   810.08      1      0     0.00  0.00  0.00
B18789832          37370201511207841141003436   255.61     65      0     0.00  0.00  0.00
B18789832          37370201511207501092760016   210.00     10      0     0.00  0.00  0.00
B18789832          37370201511207501089800077   181.44      8      0     0.00  0.00  0.00
B18789832          37370201511207501089800664   486.00     10      0     0.00  0.00  0.00
B18789832          37370201511207501298234700   149.98      4      0     0.00  0.00  0.00
B18789832          37370201511207501033921292   400.12      2      0     0.00  0.00  0.00
B18789832          37370201511207501033954412   720.58     20      0     0.00  0.00  0.00
B18789832          37370201511207501326003520   843.76      4      0     0.00  0.00  0.00
B18789832          37370201511207501092792031   126.26      2      0     0.00  0.00  0.00
B18789833          37370201511207896014174164    84.59      2      0    16.00  0.00 14.00
B18789834          37370201511207501101615856   499.90     40      0     0.00  0.00 15.00
B18789834          37370201511207501289514460   253.51     60      0     0.00  0.00 15.00
B18789835          37370201511207501326003162   601.55      8      0     0.00  0.00 18.00
B18789835          37370201511207501326000864  1035.49     20      0     0.00  0.00 18.00
B18789835          37370201511207501049721145   500.38      4      0     0.00  0.00 18.00
B18789835          37370201511207501326007368  1085.76      8      0     0.00  0.00 18.00
B18789835          37370201511203700039500034   451.91      2      0     0.00  0.00 18.00
B18789835          37370201511207501326000918   655.30      4      0     0.00  0.00 18.00
B18789835          37370201511207501326004176   459.72     20      0     0.00  0.00 18.00
B18789835          37370201511207501201400710   329.33     10      0    16.00  0.00 18.00
B18789835          37370201511207502216930865   270.19      8      0     0.00  0.00 18.00
B18789835          37370201511207501326008402   975.88      8      0     0.00  0.00 18.00
B18789835          37370201511207501559601333  2633.18      1      0     0.00  0.00 18.00
B18789835          37370201511203282779369084   314.83      1      0    16.00  0.00 18.00
B18789835          37370201511207501326001137   888.34     10      0     0.00  0.00 18.00
B18789835          37370201511207501326001977  1187.82     50      0     0.00  0.00 18.00
B18789835          37370201511207501201490797   494.46     10      0     0.00  0.00 18.00
B18789835          37370201511207501287652683   584.66      4      0     0.00  0.00 18.00
B18789836          37370201511207501390917099   219.76      8      0     0.00  0.00 10.00
B18789836          37370201511207502209290938   501.68      4      0     0.00  0.00 10.00
B18789836          37370201511207502209290921   489.80      4      0     0.00  0.00 10.00
B18789836          37370201511207705849004013   319.20      4      0    16.00  0.00 10.00
B18789836          37370201511207501390912209   232.88      4      0     0.00  0.00 10.00
B18789837          37370201511207501124814052   824.72      4      0     0.00  0.00 18.00
B18789837          37370201511207501094916855   991.00      4      0     0.00  0.00 18.00
B18789837          37370201511207501080912076   147.68     40      0    16.00  0.00 18.00
B18789837          37370201511207501094914875  1234.99      4      0     0.00  0.00 18.00
B18789837          37370201511207501124814007  2097.31      2      0     0.00  0.00 18.00
B18789837          37370201511207501250813295   934.60     20      0     0.00  0.00 18.00
B18789837          37370201511207501250838939   469.34      8      0     0.00  4.76 18.00
B18789837          37370201511207501293200946  1189.33      4      0     0.00  0.00 18.00
B18789837          37370201511207501250838212   404.97     30      0     0.00  4.76 18.00
B18789837          37370201511207501022110348   648.00     20      0     0.00  5.00 18.00
B18789837          3737020151120 736085905373   694.22      8      0     0.00  0.00 18.00
B18789837          37370201511203282776432026   106.21      8      0    16.00  0.00 18.00
B18789837          37370201511207501314701711   114.20      4      0     0.00  0.00 18.00
B18789837          37370201511207501094914103   186.33      4      0     0.00  0.00 18.00
B18789837          37370201511207501088504501   272.61     20      0     0.00  0.00 18.00
B18789837          37370201511207501124103118   203.11     10      0     0.00  0.00 18.00
B18789837          37370201511207501314704552   118.14      8      0     0.00  0.00 18.00
B18789837          37370201511207501168890180   334.56      8      0     0.00  0.00 18.00
B18789837          37370201511207501314704934   313.01      4      0     0.00  0.00 18.00
B18789837          37370201511207501088504808   443.26     40      0     0.00  0.00 18.00
B18789837          3737020151120 736085280005   317.61     40      0    16.00  0.00 18.00
B18789837          37370201511207501124815790  1234.99      4      0     0.00  0.00 18.00
B18789837          37370201511207501250818689   363.41     20      0     0.00  4.76 18.00
B18789837          37370201511207501314704828   313.01     10      0     0.00  0.00 18.00
B18789837          37370201511207503007704658   306.57     10      0     0.00  0.00 18.00
B18789815          37372201511207501033957420   309.63      1      0    16.00  0.00  5.00
B18789815          37372201511207501033952913   293.28     75      0    16.00  0.00  5.00
B18789815          37372201511207501033954078    42.89     45      0    16.00  0.00  5.00
B18789815          37372201511207501033954061    42.89     45      0    16.00  0.00  5.00
B18789815          37372201511207501033954085    42.89     45      0    16.00  0.00  5.00
B18789816          37372201511207501098611312   254.00     65      0     0.00  0.00  0.00
B18789816          37372201511207501092792031   126.26      3      0     0.00  0.00  0.00
B18789816          37372201511207501092793045   121.03      3      0     0.00  0.00  0.00
B18789816          37372201511207501092701026   153.74     38      0     0.00  0.00  0.00
B18789816          37372201511207501098611305   284.00     27      0     0.00  0.00  0.00
B18789816          37372201511207501098633253   262.00     70      0     0.00  0.00  0.00
B18789816          37372201511207501174603804   309.81      1      0     0.00  0.00  0.00
B18789816          37372201511207501050606578   208.75      7      0     0.00  0.00  0.00
B18789816          37372201511207501098605212   575.00      1      0     0.00  0.00  0.00
B18789816          37372201511207501092778219   155.05      2      0     0.00  0.00  0.00
B18789816          37372201511207501092776413   236.82      7      0     0.00  0.00  0.00
B18789816          37372201511208430308015901   480.27      3      0     0.00  0.00  0.00
B18789816          37372201511207501033958144   441.79      1      0     0.00  0.00  0.00
B18789816          37372201511207841141003436   255.61     70      0     0.00  0.00  0.00
B18789817          37372201511207501101615856   499.90     27      0     0.00  0.00 15.00
B18789817          37372201511207501101649035   500.73     27      0     0.00  0.00 15.00
B18789817          37372201511207501289514460   253.51      7      0     0.00  0.00 15.00
B18789817          37372201511207501101654985   657.67     27      0     0.00  0.00 15.00
B18789817          37372201511207501101698453   480.80     18      0     0.00  0.00 15.00
B18789818          37372201511207501326004947   909.98     27      0     0.00  0.00 18.00
B18789818          37372201511207501326008402   975.88     40      0     0.00  0.00 18.00
B18789818          37372201511207501326000925   513.27     18      0     0.00  0.00 18.00
B18789818          37372201511207501326001977  1187.82     75      0     0.00  0.00 18.00
B18789818          37372201511207501326004176   459.72     40      0     0.00  0.00 18.00
B18789818          37372201511207501201400406   469.75      4      0     0.00  0.00 18.00
B18789818          37372201511207501287624529  1260.51     65      0     0.00  0.00 18.00
B18789818          37372201511207501201490797   494.46     27      0     0.00  0.00 18.00
B18789819          37372201511207502261160767   535.34     27      0     0.00  0.00 18.00
B18789819          37372201511207502209290099   278.25     18      0     0.00  0.00 18.00
B18789819          37372201511207501041940803   387.78     18      0     0.00  0.00 18.00
B18789819          3737220151120 736085905373   694.22     18      0     0.00  0.00 18.00
B18789819          3737220151120 736085280005   317.61     18      0    16.00  0.00 18.00
B18789819          37372201511207501088507618   570.34      7      0     0.00  0.00 18.00
B18789819          37372201511207501088507625   291.66      7      0     0.00  0.00 18.00
B18789819          37372201511207501088507632   464.75      7      0     0.00  0.00 18.00
B18789819          37372201511207502209290549   539.34      7      0     0.00  0.00 18.00
B18789819          37372201511207501273500073   171.49      4      0    16.00  0.00 18.00
B18789819          37372201511207502209290105   322.97      4      0     0.00  0.00 18.00
B18789819          37372201511207501250822174   506.82      3      0     0.00  4.76 18.00
B18789819          37372201511207501088504808   443.26     48      0     0.00  0.00 18.00
B18789819          3737220151120 786759213242    19.22     75      0     0.00  0.00 18.00
B18789819          37372201511207501088504501   272.61     38      0     0.00  0.00 18.00
B18789819          37372201511207501250818689   363.41     40      0     0.00  4.76 18.00
B18789819          37372201511207501299307168   605.03     40      0     0.00  0.00 18.00
B18789820          37372201511207501123015405   117.12     38      0     0.00  0.00  8.00
B18789820          37372201511207501122961901   260.60      7      0     0.00  9.09  8.00
B18789821          37373201511207501101612084   504.05      8      0     0.00  0.00 15.00
B18789821          37373201511207501101615856   499.90      8      0     0.00  0.00 15.00
B18789821          37373201511207501101649097   671.79      8      0     0.00  0.00 15.00
B18789821          37373201511207501101654985   657.67      8      0     0.00  0.00 15.00
B18789822          37373201511208430308015901   480.27      3      0     0.00  0.00  0.00
B18789822          37373201511207502246641717   422.84      2      0     0.00  0.00  0.00
B18789822          37373201511207501871721214   739.30     25      0     0.00  0.00  0.00
B18789822          37373201511207501037980226   698.20      8      0     0.00  0.00  0.00
B18789822          37373201511207501092776413   236.82      3      0     0.00  0.00  0.00
B18789822          37373201511207501082242607   840.54     17      0     0.00  0.00  0.00
B18789822          37373201511207501037905588   489.91      8      0     0.00  0.00  0.00
B18789822          37373201511207501037908671   714.88      8      0     0.00  0.00  0.00
B18789822          37373201511207501098607834   421.00      2      0     0.00  0.00  0.00
B18789822          37373201511207841141003436   255.61     35      0     0.00  0.00  0.00
B18789822          37373201511207501324402516   356.00      4      0     0.00  0.00  0.00
B18789822          37373201511207501033920356   614.57      2      0     0.00  0.00  0.00
B18789822          37373201511205034642032575   661.86      8      0     0.00  0.00  0.00
B18789822          37373201511207501409201270   355.00      8      0     0.00  0.00  0.00
B18789822          37373201511207501089800664   486.00      3      0     0.00  0.00  0.00
B18789822          37373201511207501009071938  1099.47     17      0     0.00  0.00  0.00
B18789822          37373201511207501033954412   720.58     17      0     0.00  0.00  0.00
B18789822          37373201511207501089802071   231.98      3      0     0.00  0.00  0.00
B18789822          37373201511203594456400103   341.00     75      0     0.00  0.00  0.00
B18789822          37373201511207501871720668   157.78      4      0     0.00  0.00  0.00
B18789822          37373201511207501871720675   139.21      4      0     0.00  0.00  0.00
B18789822          37373201511207501871720682   353.46      4      0     0.00  0.00  0.00
B18789822          37373201511207501089808936   345.38      2      0     0.00  0.00  0.00
B18789822          37373201511207501089808943   673.92      2      0     0.00  0.00  0.00
B18789822          37373201511207501089803177   171.72     25      0     0.00  0.00  0.00
B18789822          37373201511207501871720590   719.62     29      0     0.00  0.00  0.00
B18789822          37373201511207501082212136   937.92      8      0     0.00  0.00  0.00
B18789822          37373201511207501098610810   240.00      4      0     0.00  0.00  0.00
B18789822          37373201511207501033921759   286.35      2      0     0.00  0.00  0.00
B18789822          37373201511207501089800060   310.39      8      0     0.00  0.00  0.00
B18789822          37373201511207501082224214  1008.06     20      0     0.00  0.00  0.00
B18789822          37373201511207501050625272    82.85     24      0    16.00  0.00  0.00
B18789822          37373201511207501098611329   405.00     55      0     0.00  0.00  0.00
B18789822          37373201511207501098610803   183.00      4      0     0.00  0.00  0.00
B18789823          37373201511207501326000383   734.45      4      0     0.00  0.00 18.00
B18789823          37373201511207501326004947   909.98     40      0     0.00  0.00 18.00
B18789823          37373201511203700039500034   451.91      4      0     0.00  0.00 18.00
B18789823          37373201511207501326008402   975.88     12      0     0.00  0.00 18.00
B18789823          37373201511207501326001137   888.34      8      0     0.00  0.00 18.00
B18789823          37373201511207501326001977  1187.82     90      0     0.00  0.00 18.00
B18789823          37373201511207501326000864  1035.49      8      0     0.00  0.00 18.00
B18789823          37373201511207501326004176   459.72     40      0     0.00  0.00 18.00
B18789823          37373201511207501228300291   405.00      2      0     0.00  0.00 18.00
B18789823          37373201511207501287652683   584.66      8      0     0.00  0.00 18.00
B18789823          37373201511207501201400352   649.91      4      0     0.00  0.00 18.00
B18789823          37373201511207501201400567   363.86     17      0     0.00  0.00 18.00
B18789823          37373201511207501049721145   500.38      2      0     0.00  0.00 18.00
B18789823          37373201511207501108712374   648.20      4      0     0.00  0.00 18.00
B18789823          37373201511207501201400710   329.33     25      0    16.00  0.00 18.00
B18789823          37373201511207501201400833   637.76      4      0     0.00  0.00 18.00
B18789823          37373201511203282779391580   279.17      1      0    16.00  0.00 18.00
B18789824          3737320151120 008400004536   222.37      8      0     0.00  0.00 18.00
B18789824          37373201511207501088504808   443.26     17      0     0.00  0.00 18.00
B18789824          37373201511207501299307168   605.03     17      0     0.00  0.00 18.00
B18789824          37373201511204030571000389   318.47      8      0    16.00 16.66 18.00
B18789824          37373201511207501124855208   310.00      4      0     0.00  0.00 18.00
B18789824          37373201511207501168890180   334.56      4      0     0.00  0.00 18.00
B18789824          37373201511207501250838311   946.01      4      0     0.00  4.76 18.00
B18789824          37373201511207501168810713   482.98      4      0     0.00  0.00 18.00
B18789824          37373201511207501124814052   824.72     12      0     0.00  0.00 18.00
B18789824          3737320151120 736085905373   694.22      8      0     0.00  0.00 18.00
B18789824          37373201511207501070902384   325.67      3      0     0.00  0.00 18.00
B18789824          37373201511207502209290075   518.34      8      0     0.00  0.00 18.00
B18789824          37373201511207501250813363   535.34      8      0     0.00  0.00 18.00
B18789824          37373201511207501168810508   394.42      4      0     0.00  0.00 18.00
B18789824          37373201511207501124855239   533.10      4      0     0.00  0.00 18.00
B18789824          3737320151120 008400000774   123.41      2      0     0.00  0.00 18.00
B18789824          37373201511207501258203227   465.51      2      0     0.00  0.00 18.00
B18789824          37373201511207501088619458   525.87      2      0     0.00  0.00 18.00
B18789824          37373201511207501258203234   697.87      2      0     0.00  0.00 18.00
B18789824          37373201511207501088504501   272.61      8      0     0.00  0.00 18.00
B18789824          37373201511207501022110263   407.00      8      0     0.00  0.00 18.00
B18789824          37373201511207501314701322   634.47      3      0     0.00  0.00 18.00
B18789824          37373201511207502209290198  1077.60      3      0     0.00  0.00 18.00
B18789824          37373201511207501070903695   318.40      4      0     0.00  0.00 18.00
B18789824          37373201511207501088504365   495.74      4      0     0.00  0.00 18.00
B18789824          37373201511207501088507618   570.34      2      0     0.00  0.00 18.00
B18789824          37373201511207501094917012   987.66      1      0     0.00  0.00 18.00
B18789824          37373201511207501088506727   978.38      1      0     0.00  0.00 18.00
B18789824          37373201511207501088507625   291.66      1      0     0.00  0.00 18.00
B18789824          37373201511207501088507632   464.75      1      0     0.00  0.00 18.00
B18789824          37373201511207501250813295   934.60     25      0     0.00  0.00 18.00
B18789825          37374201511207501142924030   932.33     20      0     0.00  0.00 10.00
B18789825          37374201511204019338605159   323.57      5      0     0.00  0.00 10.00
B18789826          37374201511208430308413516   225.96      5      0     0.00  0.00  0.00
B18789826          37374201511207501559614135   790.05      9      0     0.00  0.00  0.00
B18789826          37374201511207501324402288   208.00      6      0     0.00  0.00  0.00
B18789826          37374201511207501033954412   720.58     10      0     0.00  0.00  0.00
B18789826          37374201511207501328979229   780.07     20      0     0.00  0.00  0.00
B18789826          37374201511207501089800664   486.00     10      0     0.00  0.00  0.00
B18789826          37374201511203594456400103   341.00     80      0     0.00  0.00  0.00
B18789826          37374201511207501871720934   329.20     10      0     0.00  0.00  0.00
B18789826          37374201511207501089803177   171.72     20      0     0.00  0.00  0.00
B18789826          37374201511207501082212136   937.92     10      0     0.00  0.00  0.00
B18789826          37374201511207501871720682   353.46     20      0     0.00  0.00  0.00
B18789826          37374201511207501871720590   719.62     30      0     0.00  0.00  0.00
B18789826          37374201511207501092777212   384.02     20      0     0.00  0.00  0.00
B18789826          37374201511207501050625272    82.85     40      0    16.00  0.00  0.00
B18789826          37374201511207501871721214   739.30     30      0     0.00  0.00  0.00
B18789826          37374201511207501098611329   405.00     40      0     0.00  0.00  0.00
B18789826          37374201511207501064551673   498.28      9      0     0.00  0.00  0.00
B18789826          37374201511208430308015901   480.27      9      0     0.00  0.00  0.00
B18789826          37374201511207501033921759   286.35      5      0     0.00  0.00  0.00
B18789826          37374201511207501098633260   473.00     20      0     0.00  0.00  0.00
B18789826          37374201511207841141003436   255.61     40      0     0.00  0.00  0.00
B18789826          37374201511207730979095464   281.59     10      0     0.00  0.00  0.00
B18789826          37374201511207501082242720   865.70      9      0     0.00  0.00  0.00
B18789826          37374201511207501361693069   959.42      9      0     0.00  0.00  0.00
B18789826          37374201511207501361693021   588.92      9      0     0.00  0.00  0.00
B18789826          37374201511208027950210497   714.00      9      0     0.00  0.00  0.00
B18789826          37374201511207501361693045   921.82      9      0     0.00  0.00  0.00
B18789827          37374201511207501101615856   499.90     30      0     0.00  0.00 15.00
B18789827          37374201511207501289511292  1299.88      5      0     0.00  0.00 15.00
B18789827          37374201511207501289514460   253.51     30      0     0.00  0.00 15.00
B18789827          37374201511207501101649097   671.79     20      0     0.00  0.00 15.00
B18789828          37374201511207501326007368  1085.76     22      0     0.00  0.00 18.00
B18789828          37374201511207501326008402   975.88     20      0     0.00  0.00 18.00
B18789828          37374201511207501326001137   888.34     20      0     0.00  0.00 18.00
B18789828          37374201511207501326001977  1187.82     10      0     0.00  0.00 18.00
B18789828          37374201511207501326000864  1035.49     20      0     0.00  0.00 18.00
B18789828          37374201511207501326004060   486.26      9      0     0.00  0.00 18.00
B18789828          37374201511207501326004176   459.72     40      0     0.00  0.00 18.00
B18789828          37374201511207501287652683   584.66     10      0     0.00  0.00 18.00
B18789828          37374201511207501287688569  1623.79      6      0     0.00  0.00 18.00
B18789828          37374201511207501201490797   494.46     13      0     0.00  0.00 18.00
B18789828          37374201511207501050600873   544.79      9      0     0.00  0.00 18.00
B18789828          37374201511207501201400659   431.46     20      0    16.00  0.00 18.00
B18789828          37374201511203282779369077   303.45      5      0    16.00  0.00 18.00
B18789829          37374201511207501088504808   443.26     40      0     0.00  0.00 18.00
B18789829          37374201511207501250813530   748.01     30      0     0.00  4.76 18.00
B18789829          37374201511207501250838786   528.82     20      0     0.00  0.00 18.00
B18789829          37374201511207501250818689   363.41     20      0     0.00  4.76 18.00
B18789829          37374201511207501070902384   325.67     10      0     0.00  0.00 18.00
B18789829          3737420151120 736085280005   317.61     13      0    16.00  0.00 18.00
B18789829          37374201511207501250838311   946.01     13      0     0.00  4.76 18.00
B18789829          37374201511207503007704658   306.57     13      0     0.00  0.00 18.00
B18789829          37374201511207501168870625   527.26     10      0     0.00  0.00 18.00
B18789829          37374201511207501088507632   464.75      9      0     0.00  0.00 18.00
B18789829          37374201511207501168870618   440.27     10      0     0.00  0.00 18.00
B18789829          37374201511207501088513510   665.72     10      0     0.00  0.00 18.00
B18789829          37374201511207501314705535   744.45      5      0     0.00  0.00 18.00
B18789829          37374201511207501124815851  1076.23      5      0     0.00  0.00 18.00
B18789829          37374201511207501088513527   665.72      3      0     0.00  0.00 18.00
