B18545957           2766201510137501124103118   203.11     10      0     0.00  0.00 18.00
B18545957           2766201510137501070617745   102.76      1      0     0.00  0.00 18.00
B18545957           2766201510137501070613044   111.32     10      0     0.00  0.00 18.00
B18545958           2766201510137501092772354    80.47      1      0     0.00  0.00  0.00
B18549690           276620151013 300090090074   519.13      3      0     0.00  0.00  0.00
B18549690           2766201510137501287619228  1092.78      1      0     0.00  0.00  0.00
B18549690           2766201510137502209290822   346.08      2      0     0.00  0.00  0.00
B18549690           2766201510137501300406651   278.13      3      0     0.00  0.00  0.00
B18550075           2766201510137501124815851  1076.23      1      0     0.00  0.00 18.00
B18550076           2766201510137501037935196   429.67      1      0     0.00  0.00  0.00
B18545959          27844201510137501095402067   908.49      2      0     0.00  0.00 18.00
B18545959          27844201510137501088507502   334.30      1      0     0.00  9.09 18.00
B18545959          27844201510137501293200069   124.77      1      0     0.00  0.00 18.00
B18545959          27844201510137501124810986    51.17      1      0     0.00  9.00 18.00
B18545959          27844201510137501250813295   934.60      1      0     0.00  0.00 18.00
B18545959          27844201510137501070903688   203.90      2      0     0.00  0.00 18.00
B18545959          27844201510137501168810713   482.98      2      0     0.00  0.00 18.00
B18545959          27844201510137501299330265  1409.08      2      0     0.00  0.00 18.00
B18545960          27844201510135702191008098   205.65      1      0     0.00  0.00  8.00
B18545961          27844201510137501092772385   149.16      5      0     0.00  0.00  0.00
B18545961          27844201510138020030053090   205.91      3      0     0.00  0.00  0.00
B18545961          27844201510137501361680328    21.99      1      0     0.00  0.00  0.00
B18545961          27844201510137501061002109   259.39      5      0     0.00  0.00  0.00
B18545961          27844201510137501033920356   614.57      1      0     0.00  0.00  0.00
B18545961          27844201510137501328978710    84.44      3      0     0.00  0.00  0.00
B18545961          27844201510137501092779278   271.49      2      0     0.00  0.00  0.00
B18545961          27844201510137501165001862  1521.98      3      0     0.00  0.00  0.00
B18545961          27844201510137501871720620   363.89      1      0     0.00  0.00  0.00
B18545961          27844201510137501033921759   286.35      1      0     0.00  0.00  0.00
B18545961          27844201510137501298214207   378.95      1      0     0.00  0.00  0.00
B18545961          27844201510137501092777212   384.02      1      0     0.00  0.00  0.00
B18545961          27844201510137501871721214   739.30      3      0     0.00  0.00  0.00
B18545961          27844201510137501098605915   776.00      2      0     0.00  0.00  0.00
B18545961          27844201510137501092776413   236.82      2      0     0.00  0.00  0.00
B18545961          27844201510137501043101851   372.32      1      0     0.00  0.00  0.00
B18545961          27844201510137502247373570   200.10      1      0     0.00  0.00  0.00
B18545962          27844201510137501293201653   197.16      1      0     0.00  0.00 10.00
B18545963          27844201510137501289514460   253.51      1      0     0.00  0.00 15.00
