B18566393           2766201510167501009007111   267.33      2      0     0.00  0.00  0.00
B18566476           2766201510167501124814052   824.72      1      0     0.00  0.00 18.00
B18566476           2766201510167501088507670  1025.37      2      0     0.00  0.00 18.00
B18566476           2766201510167501095435027   355.89      1      0     0.00  0.00 18.00
B18566477           2766201510167501289514460   253.51      1      0     0.00  0.00 15.00
B18566478           2766201510167501089802071   231.98      1      0     0.00  0.00  0.00
B18566478           2766201510167501871720590   719.62      1      0     0.00  0.00  0.00
B18566478           2766201510167501098605915   776.00      1      0     0.00  0.00  0.00
B18566489           2766201510167501094916558   289.95      4      0     0.00  0.00 18.00
B18566490           2766201510167501188800671   112.56     21      0     0.00  9.00  8.00
B18566491           2766201510167501092793045   121.03      7      0     0.00  0.00  0.00
B18566491           2766201510167501092772354    80.47      1      0     0.00  0.00  0.00
B18566491           276620151016 093815996491   319.00      4      0    16.00  0.00  0.00
B18566491           276620151016  51131862937    95.44      1      0    16.00  0.00  0.00
B18566491           2766201510167501043160971   313.25      4      0     0.00  0.00  0.00
B18566491           2766201510167501050624572    45.55      2      0     0.00  0.00  0.00
B18566491           2766201510167501043163637   224.93     10      0     0.00 28.57  0.00
B18566491           2766201510165016003657801   174.35     50      0    16.00  0.00  0.00
B18566491           2766201510167501043164726   576.36      6      0     0.00  0.00  0.00
B18566491           2766201510165016003188206   302.04    100      0    16.00  0.00  0.00
B18566469           5228201510167506200700083   505.12      3      0    16.00  0.00 18.00
B18566469           5228201510167501070613044   111.32      2      0     0.00  0.00 18.00
B18566469           5228201510167501088575396    87.42      1      0     0.00  0.00 18.00
B18566469           522820151016     75004088   129.08      1      0     0.00  0.00 18.00
B18566469           522820151016 008400001344   372.02      1      0     0.00 16.66 18.00
B18566469           522820151016 008400004277   352.57      1      0     0.00  0.00 18.00
B18566469           5228201510167501258203234   697.87      3      0     0.00  0.00 18.00
B18566469           5228201510167501125154621   810.50      2      0     0.00  0.00 18.00
B18566469           5228201510167501273500073   171.49      1      0    16.00  0.00 18.00
B18566469           5228201510167501088504808   443.26      3      0     0.00  0.00 18.00
B18566470           5228201510167501122963707   200.81      3      0     0.00 16.66  8.00
B18566470           5228201510163499320001526   323.60      1      0     0.00  0.00  8.00
B18566470           5228201510165702191008067   625.76      1      0     0.00  0.00  8.00
B18566471           5228201510167501092793045   121.03      4      0     0.00  0.00  0.00
B18566471           5228201510167501082212136   893.24      4      0     0.00  0.00  0.00
B18566471           5228201510167501298234908   112.92      2      0     0.00  0.00  0.00
B18566471           5228201510167501098624114   344.00      2      0     0.00  0.00  0.00
B18566471           5228201510167501043166522   705.24      3      0     0.00  0.00  0.00
B18566471           5228201510165034642032575   661.86      3      0     0.00  0.00  0.00
B18566471           5228201510167501328979274   970.33      2      0     0.00  0.00  0.00
B18566471           5228201510167501098608398   318.00      1      0     0.00  0.00  0.00
B18566472           5228201510167705849004013   319.20      2      0    16.00  0.00 10.00
B18566472           5228201510167501303457513   292.20      3      0     0.00  0.00 10.00
B18566472           5228201510167501293201660   323.57      1      0     0.00  0.00 10.00
B18566473           5228201510167501101606236   480.80      1      0     0.00  0.00 15.00
B18566474           5228201510167896014174164    84.59      1      0    16.00  0.00 14.00
B18566474           5228201510167899026437449    84.59      2      0    16.00  0.00 14.00
B18566475           5228201510167501201400710   329.33      2      0    16.00  0.00 18.00
B18566475           5228201510167501108767923  1278.70      2      0     0.00  0.00 18.00
B18566475           5228201510167501287640925  1028.33      2      0     0.00  0.00 18.00
B18566475           5228201510167501326008402   975.88      1      0     0.00  0.00 18.00
B18566475           5228201510167501072340030   163.77      2      0     0.00  9.09 18.00
B18566485           5230201510167501299330012   373.25      4      0     0.00  0.00 18.00
B18566486           5230201510167501088507007   498.67      2      0     0.00  0.00  5.00
B18566487           5230201510167501298234601   215.18      2      0     0.00  0.00  0.00
B18566487           5230201510167501165007956   573.66      2      0    16.00  0.00  0.00
B18566487           5230201510167841141003436   255.61     10      0     0.00  0.00  0.00
B18566487           5230201510167501098610049    70.00      5      0     0.00  0.00  0.00
B18566488           5230201510167501326008402   975.88      3      0     0.00  0.00 18.00
B18566488           5230201510167501326007368  1085.76      3      0     0.00  0.00 18.00
B18566488           5230201510167501287624512  1019.05      2      0     0.00  0.00 18.00
B18571683          37369201510167501088619458   525.87      2      0     0.00  9.09 18.00
B18571683          37369201510167501088617959   461.28      2      0    16.00  0.00 18.00
B18571683          37369201510160300651431681   362.57      2      0    16.00  0.00 18.00
B18571684          37369201510163499320001526   323.60      1      0     0.00  0.00  8.00
B18571685          37369201510167501101654985   657.67      2      0     0.00  0.00 15.00
B18571686          37369201510167501326000925   513.27      2      0     0.00  0.00 18.00
B18571686          37369201510167501201490803   641.23      2      0     0.00  0.00 18.00
B18571686          37369201510167501108713487   948.95      3      0     0.00  0.00 18.00
B18571686          3736920151016 300055501638   152.96      1      0     0.00  0.00 18.00
