B18937383           2766201512153282776432026   106.21      1      0    16.00  0.00 18.00
B18937383           2766201512157501168870403   201.24      2      0     0.00  0.00 18.00
B18937383           2766201512157501088508929    65.99      2      0     0.00  0.00 18.00
B18937383           2766201512153282776088209   214.69      1      0    16.00  0.00 18.00
B18937384           2766201512157501871720590   719.62      1      0     0.00  0.00  0.00
B18937384           2766201512157501082212136   937.92      1      0     0.00  0.00  0.00
B18937384           2766201512157501033952869   595.71      2      0     0.00  0.00  0.00
B18937384           2766201512157501385493850   306.60      6      0     0.00  0.00  0.00
B18937384           2766201512157501082224214  1008.06      1      0     0.00  0.00  0.00
B18937384           2766201512157501089803351   152.28      1      0     0.00  0.00  0.00
B18937384           2766201512157501324403612   728.00      1      0     0.00  0.00  0.00
B18937384           2766201512157501043166522   705.24      1      0     0.00  0.00  0.00
B18937384           2766201512157501298210766   346.58      1      0     0.00  0.00  0.00
B18937384           2766201512157501037950526   456.95      1      0     0.00  0.00  0.00
B18937385           2766201512157501201400352   649.91      3      0     0.00  0.00 18.00
B18937385           2766201512157501201400659   431.46      3      0    16.00  0.00 18.00
B18937385           2766201512157501050630160   647.78      1      0     0.00  0.00 18.00
B18937385           2766201512157501326004954   962.53      1      0     0.00  0.00 18.00
B18937386           2766201512153499320002868   388.41      1      0     0.00  0.00  8.00
B18937386           2766201512153499320000215   274.62      1      0     0.00  0.00  8.00
B18937387           2766201512157501095435027   355.89      3      0     0.00  0.00 18.00
B18937387           2766201512157501124103378   209.32      3      0     0.00  0.00 18.00
B18937387           2766201512157501168870311   211.97      2      0     0.00  0.00 18.00
B18937387           2766201512157503000883411   367.62     12      0     0.00  0.00 18.00
B18937387           2766201512157501124814052   824.72      2      0     0.00  0.00 18.00
B18937387           2766201512157501314704330   110.00      4      0     0.00  0.00 18.00
B18937387           2766201512157501168870625   527.26      3      0     0.00  0.00 18.00
B18937387           2766201512157501314704873   203.03      3      0     0.00  0.00 18.00
B18937387           2766201512157501293200649   171.28      2      0     0.00  0.00 18.00
B18937387           2766201512157501125104343    26.82     15      0     0.00  0.00 18.00
B18937388           2766201512157501033954122    45.15     60      0    16.00 11.00  5.00
B18937389           2766201512157501871720590   719.62      1      0     0.00  0.00  0.00
B18937389           2766201512157501298221403   237.61      5      0     0.00  0.00  0.00
B18937389           2766201512157501046426975   588.42      4      0     0.00  0.00  0.00
B18937389           2766201512157501070615277   306.72      3      0     0.00  9.09  0.00
B18937389           2766201512157501089804310   210.60     12      0     0.00  0.00  0.00
B18937389           2766201512157501072350220   670.28     15      0     0.00  0.00  0.00
B18937389           2766201512157503006698323   152.09      6      0    16.00  0.00  0.00
B18937389           2766201512157501061009603    70.28      5      0     0.00  0.00  0.00
B18937389           2766201512157501092792031   126.26     12      0     0.00  0.00  0.00
B18937389           2766201512157501089802071   231.98      3      0     0.00  0.00  0.00
B18937389           2766201512157501092785026   445.51      2      0     0.00  0.00  0.00
B18937389           2766201512157501328980034  1068.66      2      0     0.00  0.00  0.00
B18937390           2766201512157501287612014   688.66      2      0     0.00  0.00 18.00
B18937390           2766201512157501201400567   363.86      2      0     0.00  0.00 18.00
B18937390           2766201512157501287627957   494.14      3      0     0.00  0.00 18.00
B18937390           2766201512157501287628206   259.03      2      0     0.00  0.00 18.00
B18937610           2766201512157501082208733   463.33      2      0     0.00  0.00  0.00
B18938863           5230201512157501094910501   360.14     15      0     0.00  0.00  0.00
B18938863           5230201512157501384502232   385.58      5      0     0.00  0.00  0.00
B18938863           523020151215 300090017125   785.69      5      0     0.00  0.00  0.00
B18938863           5230201512157501050610001   437.66     20      0     0.00  0.00  0.00
B18938863           5230201512157501094913922   886.55      5      0     0.00  0.00  0.00
B18938863           5230201512157501125152627   185.81      5      0     0.00  0.00  0.00
B18938863           5230201512157501050612463   455.23     10      0     0.00  0.00  0.00
B18938863           5230201512157501384502324   166.95     20      0     0.00  0.00  0.00
B18938863           5230201512157502209290839   488.88      2      0     0.00  0.00  0.00
B18938863           5230201512157501293200304   768.71      5      0     0.00  0.00  0.00
B18938863           5230201512157501384502263   519.93      5      0     0.00  0.00  0.00
B18938863           5230201512157501009007081   968.15      3      0     0.00  0.00  0.00
B18938863           5230201512157501101630811   471.66      5      0     0.00  0.00  0.00
B18938863           5230201512157501089801098   746.64     10      0     0.00  0.00  0.00
B18938863           5230201512157501009004585   416.74     10      0     0.00  0.00  0.00
B18938863           5230201512157501384502355   454.74     10      0     0.00  0.00  0.00
B18938863           5230201512157501384502133   213.06     10      0     0.00  0.00  0.00
B18938863           5230201512157501384502201   220.22     15      0     0.00  0.00  0.00
B18938863           5230201512157501384503116   151.05     10      0     0.00  0.00  0.00
B18938863           5230201512157501384503215   238.50     20      0     0.00  0.00  0.00
B18938863           5230201512157501384503123   183.65     20      0     0.00  0.00  0.00
B18938863           5230201512157501384502171   167.75     15      0     0.00  0.00  0.00
B18938863           5230201512157501125141096   211.66     10      0     0.00  0.00  0.00
B18937667          37369201512158430308020561   603.00      5      0     0.00  0.00  0.00
B18938490          37369201512157705849004020   319.20      1      0    16.00  0.00 10.00
B18938490          37369201512154019338605159   323.57     10      0     0.00  0.00 10.00
B18938490          37369201512157501390910182   163.18      3      0     0.00  0.00 10.00
B18938490          37369201512157501123013340   196.46      3      0     0.00 16.66 10.00
B18938490          37369201512157501390912551   266.50      3      0    16.00  0.00 10.00
B18938490          37369201512157502209290938   501.68     10      0     0.00  0.00 10.00
B18938490          37369201512157502209290921   489.80      5      0     0.00  9.09 10.00
B18938490          37369201512157501142913539   462.83     10      0     0.00  0.00 10.00
B18938491          37369201512157899026437449    84.59      5      0    16.00  0.00 14.00
B18938491          37369201512153337872414527   280.84     10      0    16.00  0.00 14.00
B18938492          37369201512157501324403520   361.10      2      0     0.00  0.00 15.00
B18938492          37369201512157501101612084   504.05      5      0     0.00 10.00 15.00
B18938492          37369201512157501101615856   499.90      3      0     0.00 10.00 15.00
B18938492          37369201512157501289511292  1299.88      5      0     0.00  0.00 15.00
B18938492          37369201512157501289514460   253.51     70      0     0.00 14.00 15.00
B18938492          37369201512157501101649097   671.79     20      0     0.00 10.00 15.00
B18938492          37369201512157501101654985   657.67      4      0     0.00 10.00 15.00
B18938492          37369201512157501324482129   361.10      2      0     0.00  0.00 15.00
B18938492          37369201512157503006916755   635.07      1      0     0.00  0.00 15.00
B18938492          37369201512157503006916724   423.12      5      0     0.00  0.00 15.00
B18938493          37369201512157501287688743   432.69      4      0     0.00  0.00 18.00
B18938493          37369201512157503003746157  1256.00      3      0     0.00  0.00 18.00
B18938493          37369201512157501287688750   380.68      2      0     0.00  0.00 18.00
B18938493          37369201512157501142911306   272.36     10      0     0.00  0.00 18.00
B18938493          37369201512157501201401557   574.10      1      0     0.00  0.00 18.00
B18938493          37369201512157502216934207   297.61      5      0     0.00  0.00 18.00
B18938493          37369201512157502216930551   345.66     10      0     0.00  0.00 18.00
B18938493          37369201512157502216930568   197.52     10      0     0.00  0.00 18.00
B18938493          37369201512157501201400710   329.33     20      0    16.00  0.00 18.00
B18938493          37369201512157502216931701   606.88      1      0     0.00  0.00 18.00
B18938493          37369201512157501201400659   431.46     15      0    16.00  0.00 18.00
B18938493          37369201512157501326008396   932.20      3      0     0.00  0.00 18.00
B18938493          37369201512157501142936286   747.33     10      0     0.00  0.00 18.00
B18938493          37369201512157501326008402   975.88     20      0     0.00  0.00 18.00
B18938493          37369201512157501326000925   513.27     10      0     0.00  0.00 18.00
B18938493          37369201512157501326001137   888.34     25      0     0.00  0.00 18.00
B18938493          37369201512157501326001977  1187.82     25      0     0.00  0.00 18.00
B18938493          37369201512157501326003162   601.55      5      0     0.00  0.00 18.00
B18938493          37369201512157501326000864  1035.49     30      0     0.00  0.00 18.00
B18938493          37369201512157501326000871   928.41     10      0     0.00  0.00 18.00
B18938493          37369201512157501326003179   409.00      5      0     0.00  0.00 18.00
B18938493          37369201512157501326004947   909.98     30      0     0.00  0.00 18.00
B18938493          37369201512157501326004060   486.26     10      0     0.00  0.00 18.00
B18938493          37369201512157501326007368  1085.76     20      0     0.00  0.00 18.00
B18938493          37369201512157501326004176   459.72     10      0     0.00  0.00 18.00
B18938493          37369201512157501559601333  2633.18      8      0     0.00  0.00 18.00
B18938493          37369201512157501287652683   584.66     10      0     0.00  0.00 18.00
B18938493          37369201512157501201400352   649.91     10      0     0.00  0.00 18.00
B18938493          37369201512157501287688361   667.51      5      0     0.00  0.00 18.00
B18938493          37369201512157501201400581   655.73     10      0     0.00  0.00 18.00
B18938493          37369201512157502216931848   585.14      5      0     0.00  0.00 18.00
B18938493          3736920151215 300090275051   305.77      2      0     0.00  0.00 18.00
B18938493          37369201512157501108762157   129.20      2      0     0.00  0.00 18.00
B18938493          37369201512157501201400833   637.76      5      0     0.00  0.00 18.00
B18938493          37369201512153282779369077   303.45     10      0    16.00  0.00 18.00
B18938494          37369201512157501088504808   443.26     30      0     0.00 13.04 18.00
B18938494          37369201512157501250813295   934.60     25      0     0.00  6.00 18.00
B18938494          37369201512157501088504501   272.61     30      0     0.00  0.00 18.00
B18938494          37369201512157501250838267   104.30      5      0     0.00  0.00 18.00
B18938494          37369201512153582186000731   145.80      5      0     0.00  0.00 18.00
B18938494          37369201512157501088604058   565.20     10      0     0.00  0.00 18.00
B18938494          37369201512157501168890180   334.56     10      0     0.00  0.00 18.00
B18938494          37369201512157501385494192   282.40      5      0     0.00  0.00 18.00
B18938494          37369201512157502209290211   759.83     10      0     0.00  0.00 18.00
B18938494          37369201512157501314704552   118.14      5      0     0.00  0.00 18.00
B18938494          37369201512157501094914103   186.33      5      0     0.00  0.00 18.00
B18938494          37369201512157501168810508   394.42     10      0     0.00  0.00 18.00
B18938494          37369201512157501250838939   469.34     10      0     0.00  6.00 18.00
B18938494          37369201512157501124816520   219.76      5      0     0.00  0.00 18.00
B18938494          3736920151215 008400005489   408.75      8      0     0.00  0.00 18.00
B18938494          37369201512157501088507687  1969.57     20      0     0.00  0.00 18.00
B18938494          37369201512157501088513510   665.72      5      0     0.00  0.00 18.00
B18938494          37369201512157501088505126    84.74      5      0     0.00  0.00 18.00
B18938494          3736920151215 736085905373   694.22      8      0     0.00  0.00 18.00
B18938494          37369201512157501314704934   313.01      8      0     0.00  0.00 18.00
B18938494          37369201512157501168810607    84.46      5      0     0.00  0.00 18.00
B18938494          3736920151215 736085280005   317.61     20      0    16.00  0.00 18.00
B18938494          37369201512157501022110263   407.00     20      0     0.00  0.00 18.00
B18938494          37369201512157502209290549   539.34      7      0     0.00  5.00 18.00
B18938494          37369201512157501124855239   533.10      5      0     0.00  0.00 18.00
B18938494          37369201512158470000478949   409.00      5      0    16.00  0.00 18.00
B18938494          37369201512157501250810645   290.08     15      0     0.00  6.00 18.00
B18938494          37369201512153282776432026   106.21      6      0    16.00  0.00 18.00
B18938494          37369201512157501273500387   206.67     15      0    16.00  0.00 18.00
B18938494          37369201512157501250839233   598.08      5      0     0.00  6.00 18.00
B18938494          37369201512157501273500073   171.49     15      0    16.00  0.00 18.00
B18938494          37369201512157501299307175   262.95     15      0     0.00  0.00 18.00
B18938494          37369201512157501088507502   350.90      5      0     0.00  0.00 18.00
B18938494          37369201512157501250838786   528.82     15      0     0.00  6.00 18.00
B18938494          37369201512157501088507601   475.71      5      0     0.00  0.00 18.00
B18938494          37369201512157502209290075   518.34      5      0     0.00  5.00 18.00
B18938494          37369201512157501250818689   363.41     15      0     0.00  6.00 18.00
B18938494          3736920151215 008400004277   352.57      5      0     0.00  0.00 18.00
B18938494          37369201512158470002456938   976.00     15      0    16.00  0.00 18.00
B18938494          37369201512154030571000389   318.47      5      0    16.00 16.66 18.00
B18938494          37369201512157501314701322   634.47     10      0     0.00  0.00 18.00
B18938494          37369201512157503007315021   234.36     10      0     0.00  0.00 18.00
B18938494          37369201512157501273500417   223.15      5      0    16.00  0.00 18.00
B18938494          37369201512157501124103118   203.11     10      0     0.00  0.00 18.00
B18938494          37369201512157503007315014   209.16      5      0     0.00  0.00 18.00
B18938494          37369201512157501314701766   362.59      5      0     0.00  0.00 18.00
B18938494          37369201512157501070903695   318.40     10      0     0.00  0.00 18.00
B18938494          37369201512157503007704658   306.57     10      0     0.00  0.00 18.00
B18938494          37369201512157501314701773   350.37      5      0     0.00  0.00 18.00
B18938494          37369201512157501088617058   565.20     10      0     0.00  0.00 18.00
B18938495          37369201512157501095435010  1330.88      1      0     0.00  0.00 18.00
B18938495          37369201512153282770930603   196.48      3      0    16.00  0.00 18.00
B18938495          37369201512157501094914875  1234.99      5      0     0.00  0.00 18.00
B18938495          37369201512158470003693066   230.00      3      0    16.00  0.00 18.00
B18938495          37369201512157501293200946  1189.33      3      0     0.00  0.00 18.00
B18938495          37369201512157501273500509   239.64      5      0    16.00  0.00 18.00
B18938495          37369201512150300651431681   362.57      5      0    16.00  0.00 18.00
B18938495          37369201512157502209290471   484.87      3      0     0.00  0.00 18.00
B18938495          37369201512157501258203234   697.87      5      0     0.00  0.00 18.00
B18938495          37369201512157502209290488   646.13      3      0     0.00  0.00 18.00
B18938495          37369201512157501299307205   398.21      3      0     0.00  0.00 18.00
B18938495          37369201512157501088619700   630.25      5      0     0.00  0.00 18.00
B18938495          37369201512157501088506727  1027.57      5      0     0.00  0.00 18.00
B18938495          37369201512157501299307199   302.81      3      0     0.00  0.00 18.00
B18938495          37369201512157501088507618   604.45      5      0     0.00  0.00 18.00
B18938495          37369201512157898939803099   355.00      2      0    16.00  0.00 18.00
B18938495          37369201512157502209290181   438.71      2      0     0.00  0.00 18.00
B18938495          37369201512157501088507625   309.29      5      0     0.00  0.00 18.00
B18938495          37369201512157501088619557   757.68      4      0     0.00  0.00 18.00
B18938495          37369201512153282776382109   219.24      2      0    16.00  0.00 18.00
B18938495          37369201512157501094916688   955.07      2      0     0.00  0.00 18.00
B18938495          37369201512157501094916671   949.22      2      0     0.00  0.00 18.00
B18938495          37369201512157501250838168   208.59      2      0     0.00  0.00 18.00
B18938495          3736920151215 736085401530   605.23      2      0     0.00  0.00 18.00
B18938495          37369201512157503007704641   284.69      1      0     0.00  0.00 18.00
B18938495          37369201512157501293201523   499.37      1      0    16.00  0.00 18.00
B18938496          37369201512157501088507007   528.31      7      0     0.00  0.00  5.00
B18938496          37369201512157501033956140    44.37     65      0    16.00 11.00  5.00
B18938497          37369201512157501054530114    82.29     10      0    16.00  0.00  0.00
B18938497          37369201512157501037980189   722.26      8      0     0.00  0.00  0.00
B18938497          37369201512157501089800053   254.66      3      0     0.00  0.00  0.00
B18938497          37369201512157501098611329   405.00     80      0     0.00  0.00  0.00
B18938497          37369201512157501043110778   333.12      1      0     0.00  0.00  0.00
B18938497          37369201512157501082224214  1008.06     10      0     0.00  0.00  0.00
B18938497          37369201512157501054530107   132.05     10      0    16.00  0.00  0.00
B18938497          37369201512157501098606103   358.00      5      0     0.00  0.00  0.00
B18938497          37369201512157501092777212   384.02     20      0     0.00  0.00  0.00
B18938497          37369201512157891010020927    43.86      5      0    16.00  0.00  0.00
B18938497          37369201512157501384541248   756.63     10      0     0.00  0.00  0.00
B18938497          37369201512157501098621151   249.00      5      0     0.00  0.00  0.00
B18938497          37369201512157501098633260   473.00     20      0     0.00  0.00  0.00
B18938497          37369201512157501328979274   970.33      5      0     0.00  0.00  0.00
B18938497          37369201512157501298213569   220.79      5      0     0.00  0.00  0.00
B18938497          37369201512157501098605755   369.00      3      0     0.00  0.00  0.00
B18938497          37369201512157501033955952   642.30      3      0     0.00  0.00  0.00
B18938497          37369201512157501064550300   146.15      2      0     0.00  0.00  0.00
B18938497          37369201512157501050625272    82.85     35      0    16.00  0.00  0.00
B18938497          37369201512157501871721214   739.30     35      0     0.00  0.00  0.00
B18938497          37369201512157501089802460   209.30      2      0     0.00  0.00  0.00
B18938497          37369201512157501022101681   118.47     10      0     0.00  0.00  0.00
B18938497          37369201512157501092778226    95.51      5      0     0.00  0.00  0.00
B18938497          37369201512157501098605915   776.00     10      0     0.00  0.00  0.00
B18938497          37369201512157501037980226   698.20      8      0     0.00  0.00  0.00
B18938497          37369201512157501092776413   236.82     10      0     0.00  0.00  0.00
B18938497          37369201512157501165007338  1069.37      5      0     0.00  0.00  0.00
B18938497          37369201512157501082242386   500.20      5      0     0.00  0.00  0.00
B18938497          37369201512157501037905588   489.91     20      0     0.00  0.00  0.00
B18938497          37369201512157501082242409  1576.64      5      0     0.00  0.00  0.00
B18938497          37369201512157501037908671   714.88     10      0     0.00  0.00  0.00
B18938497          37369201512158020030053106   380.01      6      0     0.00  0.00  0.00
B18938497          37369201512157502257270067   446.82     20      0     0.00  0.00  0.00
B18938497          37369201512157502257270036   276.07     10      0     0.00  0.00  0.00
B18938497          37369201512157502246642820   810.08      5      0     0.00  0.00  0.00
B18938497          37369201512157501043100830   927.40      3      0     0.00  0.00  0.00
B18938497          37369201512157501165007956   573.66      2      0    16.00  0.00  0.00
B18938497          37369201512158027950210497   714.00      5      0     0.00  0.00  0.00
B18938497          37369201512157501098608398   318.00      2      0     0.00  0.00  0.00
B18938497          37369201512158020030091252   419.76      2      0     0.00  0.00  0.00
B18938497          3736920151215 767475402011  1876.63      3      0     0.00  0.00  0.00
B18938497          37369201512153401053831356    59.66     10      0    16.00  0.00  0.00
B18938497          37369201512157841141003740   568.42      5      0     0.00  0.00  0.00
B18938497          37369201512157501098610049    70.00     10      0     0.00  0.00  0.00
B18938497          37369201512158716200713429   201.07     45      0     0.00  0.00  0.00
B18938498          37369201512157501082221084   501.45      3      0     0.00  0.00  0.00
B18938498          37369201512157501089800978   295.49      4      0     0.00  0.00  0.00
B18938498          37369201512157501092776659   373.55      5      0     0.00  0.00  0.00
B18938498          37369201512157501298234809    72.36      7      0     0.00  0.00  0.00
B18938498          37369201512157501328979267   619.93      5      0     0.00  0.00  0.00
B18938498          37369201512157501092773511   283.92      5      0     0.00  0.00  0.00
B18938498          37369201512157501092792031   126.26      5      0     0.00  0.00  0.00
B18938498          37369201512157501092793045   121.03     20      0     0.00  0.00  0.00
B18938498          37369201512157501409201270   355.00      2      0     0.00  0.00  0.00
B18938498          37369201512157501328980348  1002.91      5      0     0.00  0.00  0.00
B18938498          37369201512157501165001879   781.55     10      0     0.00  0.00  0.00
B18938498          37369201512153594456400103   341.00     80      0     0.00  0.00  0.00
B18938498          37369201512157501165001619   510.88      5      0     0.00  0.00  0.00
B18938498          37369201512157501871720507   276.70      3      0     0.00  0.00  0.00
B18938498          37369201512157501871720538   343.19      1      0     0.00  0.00  0.00
B18938498          37369201512157501089803160    90.07     10      0     0.00  0.00  0.00
B18938498          37369201512157501089803177   171.72     15      0     0.00  0.00  0.00
B18938498          37369201512157501871720675   139.21      5      0     0.00  0.00  0.00
B18938498          37369201512157501559614135   790.05      3      0     0.00  0.00  0.00
B18938498          37369201512157501033953057   173.89      5      0     0.00  0.00  0.00
B18938498          37369201512157501033953507   282.39      5      0     0.00  0.00  0.00
B18938498          37369201512157501033952784   614.43     10      0     0.00  0.00  0.00
B18938498          37369201512157501061019008   191.58      5      0     0.00  0.00  0.00
B18938498          37369201512157501033954412   720.58     10      0     0.00  0.00  0.00
B18938498          37369201512157501324402516   356.00      2      0     0.00  0.00  0.00
B18938498          37369201512157501037980165   394.15      5      0     0.00  0.00  0.00
B18938498          37369201512157501326003568   461.30      5      0     0.00  0.00  0.00
B18938498          37369201512157501328979601   949.87     10      0     0.00  0.00  0.00
B18938498          37369201512157501092743064   181.21     35      0     0.00  0.00  0.00
B18938498          37369201512157501092760016   210.00     10      0     0.00  0.00  0.00
B18938498          37369201512157501089801166   295.49     10      0     0.00  0.00  0.00
B18938498          37369201512157501328979564   425.63     20      0     0.00  0.00  0.00
B18938498          37369201512157501089801173   576.72     10      0     0.00  0.00  0.00
B18938498          37369201512157501092779278   271.49     10      0     0.00  0.00  0.00
B18938498          37369201512157501086301041    74.07      3      0     0.00  0.00  0.00
B18938498          37369201512157501089800077   181.44     15      0     0.00  0.00  0.00
B18938498          37369201512157501098611305   284.00     25      0     0.00  0.00  0.00
B18938498          37369201512157501871720682   353.46     20      0     0.00  0.00  0.00
B18938498          37369201512157501871720590   719.62     35      0     0.00  0.00  0.00
B18938498          37369201512157501082212136   937.92     25      0     0.00  0.00  0.00
B18938498          37369201512157501871720750   352.60      5      0     0.00  0.00  0.00
B18938498          37369201512157501871720774   161.92     15      0     0.00  0.00  0.00
B18938498          37369201512157501098603690   223.00      5      0     0.00  0.00  0.00
B18938498          37369201512157501298205038   411.87      5      0     0.00  0.00  0.00
B18938498          37369201512157501324403612   728.00      3      0     0.00  0.00  0.00
B18938498          37369201512157501298234700   149.98      7      0     0.00  0.00  0.00
B18938498          37369201512157501303451580   274.12      5      0     0.00  0.00  0.00
B18938498          37369201512157501324402868   422.00      2      0     0.00  0.00  0.00
B18938498          37369201512157501298204987   340.05      5      0     0.00  0.00  0.00
B18938499          37369201512157502003560527    88.97      3      0    16.00  0.00  8.00
B18938499          37369201512155702191008067   625.76      5      0     0.00  0.00  8.00
B18938499          37369201512153499320002448   635.71     10      0     0.00  0.00  8.00
B18938499          37369201512157501033950186    53.51     20      0     0.00  0.00  8.00
B18938499          37369201512157501033950636    58.81     55      0     0.00  0.00  8.00
B18938499          37369201512157501123011704   259.64      3      0     0.00 16.66  8.00
B18938499          37369201512157501122966203   171.02     10      0     0.00  9.00  8.00
B18938499          37369201512157501123014101   199.20      5      0     0.00  9.09  8.00
B18938499          37369201512157501123015405   117.12     45      0     0.00  9.00  8.00
B18938499          37369201512157501123016907   334.55      5      0     0.00  9.09  8.00
B18938499          37369201512157501122961901   260.60      6      0     0.00  9.09  8.00
B18938499          37369201512153499320002868   388.41      5      0     0.00  0.00  8.00
B18938499          37369201512153499320000208   307.01     10      0     0.00  0.00  8.00
B18938499          37369201512153499320000215   274.62     10      0     0.00  0.00  8.00
B18938499          37369201512153499320001205   266.45      4      0     0.00  0.00  8.00
B18938499          37369201512153499320001335   196.35      3      0     0.00  0.00  8.00
B18938499          37369201512157501123010608   254.76     15      0     0.00  9.09  8.00
B18938774          37370201512158430308020561   603.00      3      0     0.00  0.00  0.00
B18939514          37370201512157501088507601   475.71      5      0     0.00  0.00 18.00
B18939514          37370201512157501250810645   290.08     16      0     0.00  6.00 18.00
B18939514          37370201512157501094915230  1491.51      5      0     0.00  0.00 18.00
B18939514          37370201512157501094916688   955.07      5      0     0.00  0.00 18.00
B18939514          37370201512157501088575396    87.42     16      0     0.00  0.00 18.00
B18939514          37370201512157501250813295   934.60     15      0     0.00  6.00 18.00
B18939514          37370201512157501070902384   325.67      5      0     0.00  0.00 18.00
B18939514          37370201512157501168810713   482.98      5      0     0.00  0.00 18.00
B18939514          37370201512157501094916855   991.00     15      0     0.00  0.00 18.00
B18939514          37370201512157501124103118   203.11     10      0     0.00  0.00 18.00
B18939514          37370201512157501250838878   916.68      5      0     0.00  6.00 18.00
B18939514          37370201512157501094916848  1020.25     10      0     0.00  0.00 18.00
B18939514          37370201512157501314704552   118.14     10      0     0.00  0.00 18.00
B18939514          3737020151215 736085280005   317.61     10      0    16.00  0.00 18.00
B18939514          37370201512157501070903473   220.03      5      0     0.00  0.00 18.00
B18939514          37370201512157502209290075   518.34     10      0     0.00  5.00 18.00
B18939514          3737020151215 008400004611   396.39      5      0     0.00  0.00 18.00
B18939514          37370201512157501088504808   443.26     70      0     0.00 13.04 18.00
B18939514          37370201512157501250818689   363.41     50      0     0.00  6.00 18.00
B18939514          3737020151215 008400004628   411.70      5      0     0.00  0.00 18.00
B18939514          37370201512157501273500493   166.71     10      0     0.00  0.00 18.00
B18939514          37370201512157501250838311   946.01     10      0     0.00  6.00 18.00
B18939514          3737020151215 736085401431   501.53      8      0     0.00  0.00 18.00
B18939514          37370201512157501273500387   206.67     10      0    16.00  0.00 18.00
B18939514          37370201512157501273500073   171.49     10      0    16.00  0.00 18.00
B18939514          37370201512153282776088209   214.69      4      0    16.00  0.00 18.00
B18939514          37370201512157501273500417   223.15      4      0    16.00  0.00 18.00
B18939514          3737020151215 736085409833   440.21     10      0     0.00  0.00 18.00
B18939514          37370201512157503000883404   703.09      3      0     0.00  0.00 18.00
B18939514          37370201512157501314704828   313.01     35      0     0.00  0.00 18.00
B18939514          37370201512157501088504501   272.61     25      0     0.00  0.00 18.00
B18939514          37370201512157501314704934   313.01      6      0     0.00  0.00 18.00
B18939514          37370201512157501250838939   469.34     40      0     0.00  6.00 18.00
B18939514          37370201512157501080912076   147.68     40      0    16.00  0.00 18.00
B18939514          37370201512157501088617553   634.64      3      0     0.00  0.00 18.00
B18939514          37370201512157501124814007  2097.31      2      0     0.00  0.00 18.00
B18939514          37370201512157502209290471   484.87      3      0     0.00  0.00 18.00
B18939514          3737020151215 008400000774   123.41      2      0     0.00  0.00 18.00
B18939514          37370201512157503007704658   306.57     25      0     0.00  0.00 18.00
B18939514          37370201512157501022110348   648.00     25      0     0.00  0.00 18.00
B18939514          3737020151215 736085905373   694.22     16      0     0.00  0.00 18.00
B18939514          37370201512157501293200946  1189.33      6      0     0.00  0.00 18.00
B18939514          37370201512157501080912274   136.02     16      0    16.00  0.00 18.00
B18939514          37370201512157501088507755   999.31      5      0     0.00  0.00 18.00
B18939514          3737020151215 748499100848   410.65      1      0    16.00  0.00 18.00
B18939514          37370201512157501168890180   334.56     16      0     0.00  0.00 18.00
B18939514          37370201512157501168810508   394.42     15      0     0.00  0.00 18.00
B18939515          37370201512157501324403520   361.10     10      0     0.00  0.00 15.00
B18939515          37370201512157501101615856   499.90     25      0     0.00 10.00 15.00
B18939515          37370201512157501289514460   253.51     60      0     0.00 14.00 15.00
B18939515          37370201512157501101649097   671.79     16      0     0.00 10.00 15.00
B18939515          37370201512157503006916724   423.12     10      0     0.00  0.00 15.00
B18939516          37370201512157501088507007   528.31     10      0     0.00  0.00  5.00
B18939517          37370201512157501033958144   441.79      5      0     0.00  0.00  0.00
B18939517          37370201512157501033958854   526.66      5      0     0.00  0.00  0.00
B18939517          37370201512158027950210497   714.00     10      0     0.00  0.00  0.00
B18939517          37370201512157501037925579   771.26      2      0     0.00  0.00  0.00
B18939517          37370201512157501098607834   421.00      1      0     0.00  0.00  0.00
B18939517          37370201512157501037920147   778.25      4      0     0.00  0.00  0.00
B18939517          37370201512157501098608398   318.00      5      0     0.00  0.00  0.00
B18939518          37370201512153499320002448   635.71      5      0     0.00  0.00  8.00
B18939518          37370201512157501123014101   199.20      2      0     0.00  9.09  8.00
B18939518          37370201512157501122961901   260.60     10      0     0.00  9.09  8.00
B18939518          37370201512153499320002868   388.41      2      0     0.00  0.00  8.00
B18939518          37370201512153499320000215   274.62     16      0     0.00  0.00  8.00
B18939518          37370201512153499320003056   519.20     10      0     0.00  0.00  8.00
B18939518          37370201512155702191008074   616.95      4      0     0.00  0.00  8.00
B18939518          37370201512155702191009026   616.95      4      0     0.00  0.00  8.00
B18939519          37370201512157501390912551   266.50     10      0    16.00  0.00 10.00
B18939519          37370201512157502209290938   501.68     10      0     0.00  0.00 10.00
B18939519          37370201512157502209290921   489.80     10      0     0.00  9.09 10.00
B18939520          37370201512157896014174164    84.59     10      0    16.00  0.00 14.00
B18939521          37370201512157501326000918   655.30     10      0     0.00  0.00 18.00
B18939521          37370201512157501326004176   459.72     50      0     0.00  0.00 18.00
B18939521          37370201512157501559601333  2633.18      1      0     0.00  0.00 18.00
B18939521          37370201512157501287652683   584.66      3      0     0.00  0.00 18.00
B18939521          37370201512157501201400352   649.91      6      0     0.00  0.00 18.00
B18939521          37370201512157501201400581   655.73     10      0     0.00  0.00 18.00
B18939521          37370201512157501201490797   494.46     25      0     0.00  0.00 18.00
B18939521          3737020151215 300093116016   264.89      2      0     0.00  0.00 18.00
B18939521          37370201512157501201400710   329.33     35      0    16.00  0.00 18.00
B18939521          37370201512157501201400833   637.76     10      0     0.00  0.00 18.00
B18939521          37370201512157501326003162   601.55     10      0     0.00  0.00 18.00
B18939521          37370201512157501326003179   409.00      6      0     0.00  0.00 18.00
B18939521          37370201512157501326004947   909.98     25      0     0.00  0.00 18.00
B18939521          37370201512157501326007368  1085.76      6      0     0.00  0.00 18.00
B18939521          37370201512157501326008402   975.88     10      0     0.00  0.00 18.00
B18939521          37370201512157501326000925   513.27     15      0     0.00  0.00 18.00
B18939521          37370201512157501326001137   888.34     10      0     0.00  0.00 18.00
B18939521          37370201512157501326001977  1187.82     80      0     0.00  0.00 18.00
B18939521          37370201512157501326000864  1035.49     35      0     0.00  0.00 18.00
B18939522          37370201512157501033952784   614.43      6      0     0.00  0.00  0.00
B18939522          37370201512157501033923234   281.70      5      0     0.00  0.00  0.00
B18939522          37370201512157501033954412   720.58     25      0     0.00  0.00  0.00
B18939522          37370201512157501328979229   780.07     20      0     0.00  0.00  0.00
B18939522          37370201512157501328979564   425.63     10      0     0.00  0.00  0.00
B18939522          37370201512157501092743064   181.21     10      0     0.00  0.00  0.00
B18939522          37370201512157501033920325   278.58      2      0     0.00  0.00  0.00
B18939522          37370201512157501326003520   842.80      2      0     0.00  0.00  0.00
B18939522          37370201512157501089801166   295.49     16      0     0.00  0.00  0.00
B18939522          37370201512157501089801173   576.72     16      0     0.00  0.00  0.00
B18939522          37370201512157501089800664   486.00     10      0     0.00  0.00  0.00
B18939522          37370201512157501871730339   336.77      5      0     0.00  0.00  0.00
B18939522          37370201512157501089803177   171.72     16      0     0.00  0.00  0.00
B18939522          37370201512153594456400103   341.00    135      0     0.00  0.00  0.00
B18939522          37370201512157501082212228   936.92      6      0     0.00  0.00  0.00
B18939522          37370201512157501871720774   161.92     10      0     0.00  0.00  0.00
B18939522          37370201512157501871720682   353.46     16      0     0.00  0.00  0.00
B18939522          37370201512157501871720590   719.62     40      0     0.00  0.00  0.00
B18939522          37370201512157501082212136   937.92     25      0     0.00  0.00  0.00
B18939522          37370201512157501098604529   517.00      5      0     0.00  0.00  0.00
B18939522          37370201512157501098610810   240.00     10      0     0.00  0.00  0.00
B18939522          37370201512157501098611305   284.00     16      0     0.00  0.00  0.00
B18939522          37370201512157501098611329   405.00     90      0     0.00  0.00  0.00
B18939522          37370201512157501098610803   183.00     10      0     0.00  0.00  0.00
B18939522          37370201512157501054530107   132.05     10      0    16.00  0.00  0.00
B18939522          37370201512157501098604505   395.00      5      0     0.00  0.00  0.00
B18939522          37370201512157501037980189   722.26      5      0     0.00  0.00  0.00
B18939522          37370201512157501098605229  1161.00      2      0     0.00  0.00  0.00
B18939522          37370201512157501089800053   254.66      6      0     0.00  0.00  0.00
B18939522          37370201512157501098602587   454.00      4      0     0.00  0.00  0.00
B18939522          37370201512155033439034211   250.51     20      0     0.00  0.00  0.00
B18939522          37370201512157501092777212   384.02     40      0     0.00  0.00  0.00
B18939522          37370201512157501871721214   739.30     20      0     0.00  0.00  0.00
B18939522          37370201512157501098602594   389.00      4      0     0.00  0.00  0.00
B18939522          37370201512157501098633260   473.00     70      0     0.00  0.00  0.00
B18939522          3737020151215 650240015687   103.56      2      0    16.00  0.00  0.00
B18939522          37370201512157501037980226   698.20      5      0     0.00  0.00  0.00
B18939522          37370201512157501092776413   236.82     20      0     0.00  0.00  0.00
B18939522          37370201512157501037905588   489.91     25      0     0.00  0.00  0.00
B18939522          37370201512157501082242409  1576.64      6      0     0.00  0.00  0.00
B18939522          37370201512157501037908671   714.88     10      0     0.00  0.00  0.00
B18939522          37370201512157502257270067   446.82      6      0     0.00  0.00  0.00
B18939522          37370201512157502257270036   276.07      6      0     0.00  0.00  0.00
B18939522          37370201512157501324403612   728.00      2      0     0.00  0.00  0.00
B18939522          37370201512157501298234700   149.98      5      0     0.00  0.00  0.00
B18939522          37370201512157501298234809    72.36     10      0     0.00  0.00  0.00
B18939522          37370201512158430308413516   225.96      3      0     0.00  0.00  0.00
B18939522          37370201512157501298204994   553.24      3      0     0.00  0.00  0.00
B18939522          37370201512157501298209067   282.18     10      0     0.00  0.00  0.00
B18937665          3737220151215 786759200631    16.62     80      0     0.00  0.00 18.00
B18937666          37372201512158430308020561   603.00      4      0     0.00  0.00  0.00
B18938476          37372201512157501314704552   118.14     20      0     0.00  0.00 18.00
B18938476          37372201512157501091440117   535.26     79      0     0.00  0.00 18.00
B18938476          37372201512157501088505126    84.74     75      0     0.00  0.00 18.00
B18938476          37372201512157501088507755   999.31     10      0     0.00  0.00 18.00
B18938476          37372201512157501088504808   443.26     40      0     0.00 13.04 18.00
B18938476          37372201512157501314704934   313.01     10      0     0.00  0.00 18.00
B18938476          37372201512157501250810645   290.08     20      0     0.00  6.00 18.00
B18938476          37372201512157501293200946  1189.33      6      0     0.00  0.00 18.00
B18938476          37372201512157501088507687  1969.57      5      0     0.00  0.00 18.00
B18938476          3737220151215 736085126006   193.30     10      0     0.00  0.00 18.00
B18938476          37372201512154030571000389   318.47     10      0    16.00 16.66 18.00
B18938476          37372201512157501080912076   147.68     50      0    16.00  0.00 18.00
B18938476          37372201512157501094916848  1020.25     10      0     0.00  0.00 18.00
B18938476          37372201512157501094916558   289.95     10      0     0.00  0.00 18.00
B18938476          37372201512157501314701322   634.47     40      0     0.00  0.00 18.00
B18938476          37372201512157501314705535   744.45     10      0     0.00  0.00 18.00
B18938476          37372201512157501385494192   282.40     10      0     0.00  0.00 18.00
B18938476          37372201512157501250829869   419.63     20      0     0.00  0.00 18.00
B18938476          37372201512157501250822228   352.82      5      0     0.00  0.00 18.00
B18938476          3737220151215 786759213075    10.60    800      0     0.00  0.00 18.00
B18938476          37372201512157501070903497   121.86     10      0     0.00  0.00 18.00
B18938476          37372201512157501250813295   934.60     50      0     0.00  6.00 18.00
B18938476          37372201512157501094916855   991.00     10      0     0.00  0.00 18.00
B18938476          37372201512157501088509766    59.94     30      0     0.00  0.00 18.00
B18938476          37372201512157501080912274   136.02     20      0    16.00  0.00 18.00
B18938476          37372201512157502209290075   518.34     10      0     0.00  5.00 18.00
B18938476          37372201512157501250838212   404.97     20      0     0.00  6.00 18.00
B18938476          3737220151215 008400000446   215.74      4      0     0.00  0.00 18.00
B18938476          37372201512157501124810474   584.07      4      0     0.00  0.00 18.00
B18938476          37372201512157501250838786   528.82     20      0     0.00  6.00 18.00
B18938476          37372201512157503007704627   449.32      3      0     0.00  0.00 18.00
B18938476          37372201512157501125110702    29.60     80      0     0.00  0.00 18.00
B18938476          37372201512157501088507601   475.71     10      0     0.00  0.00 18.00
B18938476          37372201512157501088507670  1077.02     10      0     0.00  0.00 18.00
B18938476          37372201512157503007704658   306.57     50      0     0.00  0.00 18.00
B18938476          37372201512157501124814052   824.72     10      0     0.00  0.00 18.00
B18938476          37372201512157501250810621   883.79     10      0     0.00 23.07 18.00
B18938476          37372201512157501088504501   272.61     20      0     0.00  0.00 18.00
B18938476          37372201512157501070901059   408.50      6      0     0.00  0.00 18.00
B18938477          3737220151215 301320065015   138.04      4      0     0.00  0.00  0.00
B18938477          37372201512157501037901030   519.49      1      0     0.00  0.00  0.00
B18938477          37372201512157501033952784   614.43     10      0     0.00  0.00  0.00
B18938477          37372201512157501033923234   281.70     10      0     0.00  0.00  0.00
B18938477          37372201512157501033954412   720.58     50      0     0.00  0.00  0.00
B18938477          37372201512157501033920356   614.57     10      0     0.00  0.00  0.00
B18938477          37372201512157501298234700   149.98     10      0     0.00  0.00  0.00
B18938477          37372201512157501298234809    72.36     10      0     0.00  0.00  0.00
B18938477          37372201512157502257270067   446.82      6      0     0.00  0.00  0.00
B18938477          37372201512157501082242454   936.92     10      0     0.00  0.00  0.00
B18938477          37372201512157501089809902    79.70      6      0     0.00  0.00  0.00
B18938477          37372201512157503006698323   152.09     20      0    16.00  0.00  0.00
B18938477          37372201512157501092776413   236.82     20      0     0.00  0.00  0.00
B18938477          37372201512157502209850828   146.01      5      0     0.00  0.00  0.00
B18938477          37372201512157730979091374   160.45     95      0     0.00  0.00  0.00
B18938477          37372201512157501037905588   489.91     50      0     0.00  0.00  0.00
B18938477          37372201512158020030053106   380.01     10      0     0.00  0.00  0.00
B18938477          37372201512157501092743064   181.21     80      0     0.00  0.00  0.00
B18938477          37372201512157501384504953   268.47     20      0     0.00  0.00  0.00
B18938477          37372201512157501384504960   493.66     20      0     0.00  0.00  0.00
B18938477          37372201512153594456400103   341.00     80      0     0.00  0.00  0.00
B18938477          37372201512157501328979229   780.07     20      0     0.00  0.00  0.00
B18938477          37372201512157501385491085   156.80      6      0     0.00  0.00  0.00
B18938477          37372201512157501165001619   510.88     10      0     0.00  0.00  0.00
B18938477          37372201512157501385420061   121.10      4      0     0.00  0.00  0.00
B18938477          37372201512157501082242072   809.19      5      0     0.00  0.00  0.00
B18938477          3737220151215 612197777773    42.39     20      0    16.00  0.00  0.00
B18938477          37372201512157501033957970   523.67      5      0     0.00  0.00  0.00
B18938477          37372201512157501082212228   936.92     10      0     0.00  0.00  0.00
B18938477          37372201512157501871720774   161.92     30      0     0.00  0.00  0.00
B18938477          37372201512157501043162296   100.98      4      0    16.00  0.00  0.00
B18938477          37372201512157501871721023   276.28      3      0     0.00  0.00  0.00
B18938477          37372201512157501089803160    90.07     10      0     0.00  0.00  0.00
B18938477          37372201512157501089803177   171.72     10      0     0.00  0.00  0.00
B18938477          37372201512157501871720590   719.62     50      0     0.00  0.00  0.00
B18938477          37372201512157501871720606   359.31      1      0     0.00  0.00  0.00
B18938477          37372201512157501054530008    70.43      1      0    16.00  0.00  0.00
B18938477          3737220151215 301320010206    72.62      2      0     0.00  0.00  0.00
B18938477          37372201512157501298234601   215.18     30      0     0.00  0.00  0.00
B18938477          37372201512157501298213040   380.22     10      0     0.00  0.00  0.00
B18938477          37372201512157501165006683   310.14     10      0     0.00  0.00  0.00
B18938477          37372201512157501871721214   739.30     50      0     0.00  0.00  0.00
B18938477          37372201512157501054530107   132.05      4      0    16.00  0.00  0.00
B18938477          37372201512157501054530114    82.29      2      0    16.00  0.00  0.00
B18938477          37372201512157501043160735   292.67     10      0     0.00  0.00  0.00
B18938477          37372201512157501072350213   357.07     50      0     0.00  0.00  0.00
B18938477          37372201512157501050620550    86.67      5      0     0.00  0.00  0.00
B18938478          37372201512157503007704504   181.00      2      0     0.00  0.00 15.00
B18938478          37372201512157501289511698   537.13      1      0    16.00  0.00 15.00
B18938478          37372201512157501101606236   480.80      6      0     0.00 10.00 15.00
B18938478          37372201512157503006916465   368.95      4      0     0.00  0.00 15.00
B18938478          37372201512157501289514460   253.51     80      0     0.00 14.00 15.00
B18938478          37372201512157503006916571  1074.67      2      0     0.00  0.00 15.00
B18938479          37372201512157502216930568   197.52      5      0     0.00  0.00 18.00
B18938479          37372201512157501287652683   584.66     20      0     0.00  0.00 18.00
B18938479          37372201512157501201400581   655.73     20      0     0.00  0.00 18.00
B18938479          37372201512157501326004947   909.98     40      0     0.00  0.00 18.00
B18938479          37372201512157501201490803   641.23     10      0     0.00  0.00 18.00
B18938479          37372201512157501142936286   747.33      4      0     0.00  0.00 18.00
B18938479          37372201512157501326008402   975.88     30      0     0.00  0.00 18.00
B18938479          37372201512157501287688743   432.69      4      0     0.00  0.00 18.00
B18938479          37372201512157501287620507   482.43     80      0     0.00  0.00 18.00
B18938479          37372201512157502216930551   345.66      5      0     0.00  0.00 18.00
B18938479          37372201512157501326001977  1187.82     94      0     0.00  0.00 18.00
B18938480          37372201512157501033956140    44.37     72      0    16.00 11.00  5.00
B18938480          37372201512157501033956133    44.37     72      0    16.00  0.00  5.00
B18938481          3737220151215 612197933339   203.95     30      0    16.00  0.00  0.00
B18938482          37372201512157501123013807   241.16      1      0     0.00  0.00  8.00
B18938482          37372201512157501123014101   199.20      5      0     0.00  9.09  8.00
B18938482          37372201512157501123010608   254.76     20      0     0.00  9.09  8.00
B18938482          37372201512157501123014521   191.48     20      0     0.00  0.00  8.00
B18938482          37372201512157501123011209   459.94      6      0     0.00  9.09  8.00
B18938482          3737220151215     75004996   149.04      3      0     0.00 16.66  8.00
B18938482          37372201512157501123015405   117.12     30      0     0.00  9.00  8.00
B18938482          37372201512155702191008067   625.76      2      0     0.00  0.00  8.00
B18938482          37372201512157501033950636    58.81     72      0     0.00  0.00  8.00
B18938482          37372201512157501122963103   135.72      6      0     0.00 20.00  8.00
B18938773          37373201512158430308020561   603.00      3      0     0.00  0.00  0.00
B18938773          37373201512157501098608541   319.00      3      0     0.00  0.00  0.00
B18938773          3737320151215 891671002062  1493.32      1      0     0.00  0.00  0.00
B18939506          37373201512157501098624114   344.00      3      0     0.00  0.00  0.00
B18939506          37373201512157501098633260   473.00     25      0     0.00  0.00  0.00
B18939506          37373201512157501089803146   255.96      1      0     0.00  0.00  0.00
B18939506          37373201512157501089800060   310.39      5      0     0.00  0.00  0.00
B18939506          37373201512157501082224214  1008.06     35      0     0.00  0.00  0.00
B18939506          37373201512157501384541248   756.63      3      0     0.00  0.00  0.00
B18939506          37373201512157501089803153   654.48      3      0     0.00  0.00  0.00
B18939506          37373201512157501098605229  1161.00      3      0     0.00  0.00  0.00
B18939506          37373201512157501298209067   282.18     17      0     0.00  0.00  0.00
B18939506          37373201512157501298234700   149.98     13      0     0.00  0.00  0.00
B18939506          37373201512157501070615277   306.72     60      0     0.00  9.09  0.00
B18939506          37373201512157501033953507   282.39      8      0     0.00  0.00  0.00
B18939506          37373201512157501009071471   137.35      8      0     0.00  0.00  0.00
B18939506          37373201512157501033953057   173.89      3      0     0.00  0.00  0.00
B18939506          37373201512157501033953064   285.38      3      0     0.00  0.00  0.00
B18939506          37373201512155034642021753   620.96      8      0     0.00  0.00  0.00
B18939506          37373201512155034642032575   661.86     13      0     0.00  0.00  0.00
B18939506          37373201512157501082242072   809.19      3      0     0.00  0.00  0.00
B18939506          37373201512157501092760016   210.00      8      0     0.00  0.00  0.00
B18939506          37373201512157501033923234   281.70      3      0     0.00  0.00  0.00
B18939506          37373201512157501033921292   400.12      3      0     0.00  0.00  0.00
B18939506          37373201512157501033954412   720.58     20      0     0.00  0.00  0.00
B18939506          37373201512157501385491085   156.80      5      0     0.00  0.00  0.00
B18939506          37373201512157501089801166   295.49      3      0     0.00  0.00  0.00
B18939506          37373201512157501409201270   355.00      8      0     0.00  0.00  0.00
B18939506          37373201512157501082221084   501.45      5      0     0.00  0.00  0.00
B18939506          37373201512157501089802071   231.98      8      0     0.00  0.00  0.00
B18939506          37373201512153393370037408   677.23      8      0     0.00  0.00  0.00
B18939506          37373201512157501089801173   576.72      3      0     0.00  0.00  0.00
B18939506          37373201512157501089801265   266.98      3      0     0.00  0.00  0.00
B18939506          37373201512157501089802026   225.50      2      0     0.00  0.00  0.00
B18939506          37373201512157501385420504   326.90      3      0     0.00  0.00  0.00
B18939506          37373201512157501089800077   181.44      8      0     0.00  0.00  0.00
B18939506          37373201512157501089800664   486.00      8      0     0.00  0.00  0.00
B18939506          37373201512153594456400103   341.00     90      0     0.00  0.00  0.00
B18939506          37373201512157501165001619   510.88      3      0     0.00  0.00  0.00
B18939506          37373201512157501871720941   939.99      8      0     0.00  0.00  0.00
B18939506          37373201512157501089808936   345.38      4      0     0.00  0.00  0.00
B18939506          37373201512157501871720217   113.85      3      0     0.00  0.00  0.00
B18939506          37373201512157501089803160    90.07      8      0     0.00  0.00  0.00
B18939506          37373201512157501871720675   139.21     13      0     0.00  0.00  0.00
B18939506          37373201512157501089803177   171.72     17      0     0.00  0.00  0.00
B18939506          37373201512157501871720774   161.92     17      0     0.00  0.00  0.00
B18939506          37373201512157501098610872   236.00      8      0     0.00  0.00  0.00
B18939506          37373201512157501871720590   719.62     45      0     0.00  0.00  0.00
B18939506          37373201512157501082212136   937.92      8      0     0.00  0.00  0.00
B18939506          37373201512157501098611305   284.00     25      0     0.00  0.00  0.00
B18939506          37373201512157501098611329   405.00     90      0     0.00  0.00  0.00
B18939506          37373201512157501098610803   183.00     17      0     0.00  0.00  0.00
B18939506          37373201512157501043162777  1043.26      1      0     0.00  0.00  0.00
B18939507          37373201512157501088619854   685.92      3      0     0.00  0.00 18.00
B18939507          37373201512157501124813994  2097.31      2      0     0.00  0.00 18.00
B18939507          37373201512157501094916688   955.07      3      0     0.00  0.00 18.00
B18939507          37373201512157501124815851  1076.23      3      0     0.00  0.00 18.00
B18939507          37373201512157501124814007  2097.31      2      0     0.00  0.00 18.00
B18939507          37373201512157501314701704   317.23      3      0     0.00  0.00 18.00
B18939507          3737320151215 008400000446   215.74      3      0     0.00  0.00 18.00
B18939507          3737320151215 008400001344   372.02      2      0     0.00  0.00 18.00
B18939507          37373201512157501168810508   394.42      5      0     0.00  0.00 18.00
B18939507          37373201512157501250838915   767.56      5      0     0.00  6.00 18.00
B18939507          37373201512157501314704927   203.03      3      0     0.00  0.00 18.00
B18939507          37373201512157501088507625   309.29      5      0     0.00  0.00 18.00
B18939507          37373201512157501314704934   313.01      3      0     0.00  0.00 18.00
B18939507          37373201512157501088617959   461.28      3      0    16.00  0.00 18.00
B18939507          37373201512153582186000731   145.80      2      0     0.00  0.00 18.00
B18939507          37373201512157501088507632   492.98      5      0     0.00  0.00 18.00
B18939507          37373201512157501088506727  1027.57      3      0     0.00  0.00 18.00
B18939507          37373201512157501088507618   604.45      5      0     0.00  0.00 18.00
B18939507          3737320151215 008400000453   230.55      2      0     0.00  0.00 18.00
B18939507          3737320151215 008400004536   222.37      5      0     0.00  0.00 18.00
B18939507          37373201512157501250838946   879.19      3      0     0.00  6.00 18.00
B18939507          37373201512157501088509810    66.48      3      0     0.00  0.00 18.00
B18939507          37373201512157501088619458   525.87      2      0     0.00  0.00 18.00
B18939507          37373201512157501273500530   154.47      3      0    16.00  0.00 18.00
B18939508          37373201512157501123014101   199.20      5      0     0.00  9.09  8.00
B18939508          37373201512157501123014705   271.35      2      0     0.00 16.66  8.00
B18939508          37373201512153499320001168   369.01      3      0     0.00  0.00  8.00
B18939508          37373201512157501123010608   254.76      5      0     0.00  9.09  8.00
B18939509          37373201512158901120004386   166.63      4      0     0.00  0.00  0.00
B18939509          37373201512157502246641717   421.39      2      0     0.00  0.00  0.00
B18939509          37373201512157501082242607   840.54     13      0     0.00  0.00  0.00
B18939509          37373201512157841141003436   255.61      3      0     0.00  0.00  0.00
B18939509          37373201512157501043101011   704.97      2      0     0.00  0.00  0.00
B18939509          37373201512158027950210497   714.00      5      0     0.00  0.00  0.00
B18939509          3737320151215 650240027789    51.77      8      0     0.00  0.00  0.00
B18939509          37373201512157501098605755   369.00      3      0     0.00  0.00  0.00
B18939509          37373201512157501092777212   384.02      8      0     0.00  0.00  0.00
B18939509          37373201512157891010020927    43.86      5      0    16.00  0.00  0.00
B18939509          37373201512157501050625272    82.85     25      0    16.00  0.00  0.00
B18939509          37373201512157501298213040   380.22      5      0     0.00  0.00  0.00
B18939509          37373201512157501871721214   739.30     45      0     0.00  0.00  0.00
B18939509          37373201512157501098605915   776.00      5      0     0.00  0.00  0.00
B18939509          37373201512157501092776413   236.82     13      0     0.00  0.00  0.00
B18939509          37373201512157501037905588   489.91     25      0     0.00  0.00  0.00
B18939509          37373201512157501098607834   421.00      3      0     0.00  0.00  0.00
B18939509          37373201512157501037965148  1146.02      1      0     0.00  0.00  0.00
B18939509          37373201512157501082242409  1576.64      3      0     0.00  0.00  0.00
B18939509          37373201512157501098606608   259.00      3      0     0.00  0.00  0.00
B18939509          37373201512157501037908671   714.88      8      0     0.00  0.00  0.00
B18939509          37373201512158430308015901   480.27      2      0     0.00  0.00  0.00
B18939509          37373201512157501037925579   771.26      3      0     0.00  0.00  0.00
B18939509          37373201512157501089803351   152.28      8      0     0.00  0.00  0.00
B18939510          37373201512157501324403520   361.10      3      0     0.00  0.00 15.00
B18939510          37373201512157501101612084   504.05     13      0     0.00 10.00 15.00
B18939510          37373201512157501101615856   499.90     17      0     0.00 10.00 15.00
B18939510          37373201512157501289514460   253.51     25      0     0.00 14.00 15.00
B18939510          37373201512157501101649035   500.73     17      0     0.00 10.00 15.00
B18939510          37373201512157501101649097   671.79     17      0     0.00 10.00 15.00
B18939510          37373201512157503006916748   556.57      2      0     0.00  0.00 15.00
B18939510          37373201512157501101654985   657.67      8      0     0.00 10.00 15.00
B18939511          37373201512157501390911028   482.98      4      0     0.00  0.00 10.00
B18939511          37373201512157705849004037   559.20      5      0    16.00  0.00 10.00
B18939511          37373201512157501390911035   268.14      8      0     0.00  0.00 10.00
B18939511          37373201512157501293201660   323.57      8      0     0.00  0.00 10.00
B18939511          37373201512157502209290921   489.80      8      0     0.00  9.09 10.00
B18939512          37373201512157501108767893  1279.72      3      0     0.00  9.09 18.00
B18939512          37373201512157501201400727   968.37      5      0     0.00  0.00 18.00
B18939512          37373201512157501287613516   647.82      8      0     0.00  0.00 18.00
B18939512          37373201512157501050617185   761.96      3      0     0.00  0.00 18.00
B18939512          37373201512157501326008396   932.20      5      0     0.00  0.00 18.00
B18939512          37373201512157501050617208   646.60      3      0     0.00  0.00 18.00
B18939512          37373201512157501050617611   846.65      3      0     0.00  0.00 18.00
B18939512          37373201512157501049721145   500.38      8      0     0.00  0.00 18.00
B18939512          37373201512157501201400710   329.33     25      0    16.00  0.00 18.00
B18939512          37373201512157501108767923  1278.70      3      0     0.00  9.09 18.00
B18939512          37373201512157501201400635   751.62      8      0     0.00  0.00 18.00
B18939512          37373201512157501201400659   431.46      8      0    16.00  0.00 18.00
B18939512          37373201512157501050627887   806.34      3      0     0.00  0.00 18.00
B18939512          37373201512157501142936286   747.33      8      0     0.00  0.00 18.00
B18939512          37373201512157501326008402   975.88     25      0     0.00  0.00 18.00
B18939512          37373201512157501326001137   888.34      8      0     0.00  0.00 18.00
B18939512          37373201512157501326001175   888.34      5      0     0.00  0.00 18.00
B18939512          37373201512157501326001977  1187.82     90      0     0.00  0.00 18.00
B18939512          37373201512157501326000864  1035.49     25      0     0.00  0.00 18.00
B18939512          37373201512157501201400833   637.76      8      0     0.00  0.00 18.00
B18939512          37373201512157502216930865   283.69      4      0     0.00  0.00 18.00
B18939512          37373201512157501049721176   269.55      8      0     0.00  0.00 18.00
B18939512          37373201512157501287669001   137.77      4      0     0.00  0.00 18.00
B18939512          37373201512157501326004176   459.72     25      0     0.00  0.00 18.00
B18939512          37373201512157501287652683   584.66      8      0     0.00  0.00 18.00
B18939512          37373201512157501201400352   649.91     13      0     0.00  0.00 18.00
B18939512          37373201512157501287688347   562.06      5      0     0.00  0.00 18.00
B18939512          37373201512157501201400406   469.75      8      0     0.00  0.00 18.00
B18939512          37373201512157501287688361   667.51      8      0     0.00  0.00 18.00
B18939512          37373201512157501201400567   363.86     17      0     0.00  0.00 18.00
B18939512          37373201512157501201400581   655.73      5      0     0.00  0.00 18.00
B18939512          37373201512157501201490797   494.46      8      0     0.00  0.00 18.00
B18939512          37373201512157501326004947   909.98     45      0     0.00  0.00 18.00
B18939512          37373201512157501287686237   301.37      3      0     0.00  0.00 18.00
B18939512          37373201512157501326007368  1085.76      8      0     0.00  0.00 18.00
B18939512          37373201512157501050617161   581.91      3      0     0.00  0.00 18.00
B18939512          37373201512157501142911306   272.36      3      0     0.00  0.00 18.00
B18939512          37373201512157501287669032   168.97      5      0     0.00  0.00 18.00
B18939512          37373201512157501287619105   618.85      5      0     0.00  0.00 18.00
B18939513          37373201512157501273500387   206.67      8      0    16.00  0.00 18.00
B18939513          37373201512157501250813295   934.60     25      0     0.00  6.00 18.00
B18939513          37373201512157501070900243   287.98      8      0     0.00  0.00 18.00
B18939513          37373201512157501088504808   443.26     17      0     0.00 13.04 18.00
B18939513          37373201512157501314705535   744.45      8      0     0.00  0.00 18.00
B18939513          37373201512157501088504365   495.74     17      0     0.00  0.00 18.00
B18939513          3737320151215 736085905373   694.22      8      0     0.00  0.00 18.00
B18939513          37373201512157501088504501   272.61     17      0     0.00  0.00 18.00
B18939513          37373201512157501314701353   511.80      4      0     0.00  0.00 18.00
B18939513          37373201512157501124855239   533.10      4      0     0.00  0.00 18.00
B18939513          37373201512157503007704658   306.57      8      0     0.00  0.00 18.00
B18939513          37373201512157501022110263   407.00     17      0     0.00  0.00 18.00
B18939513          37373201512157502209290075   518.34     13      0     0.00  5.00 18.00
B18939513          37373201512157501250822174   506.82      8      0     0.00  6.00 18.00
B18939513          37373201512157502209290198  1077.60     13      0     0.00  5.00 18.00
B18939513          37373201512157501092780014   143.02      8      0     0.00  0.00 18.00
B18939513          37373201512157501094916848  1020.25     13      0     0.00  0.00 18.00
B18939513          37373201512157501250838786   528.82      8      0     0.00  6.00 18.00
B18939513          37373201512157501088604058   565.20      8      0     0.00  0.00 18.00
B18939513          37373201512157501124814052   824.72     13      0     0.00  0.00 18.00
B18939513          37373201512157503007315021   234.36     13      0     0.00  0.00 18.00
B18939513          37373201512157501250838212   404.97      8      0     0.00  6.00 18.00
B18939513          37373201512157503007315014   209.16     13      0     0.00  0.00 18.00
B18939513          37373201512157501168810713   482.98      8      0     0.00  0.00 18.00
B18939513          37373201512157501314704552   118.14     13      0     0.00  0.00 18.00
B18939513          37373201512157501168890180   334.56     13      0     0.00  0.00 18.00
B18939513          37373201512157501094916558   289.95      8      0     0.00  0.00 18.00
B18939513          37373201512157501250838533   418.00      8      0     0.00  6.00 18.00
B18939513          37373201512157501299307199   302.81      4      0     0.00  0.00 18.00
B18939513          37373201512157501070902384   325.67      4      0     0.00  0.00 18.00
B18939513          3737320151215 008400000774   123.41      4      0     0.00  0.00 18.00
B18939513          37373201512157501088507502   350.90      4      0     0.00  0.00 18.00
B18939513          37373201512157501088507601   475.71      4      0     0.00  0.00 18.00
B18939513          37373201512157501293200656   290.58      5      0     0.00  0.00 18.00
B18939513          37373201512157501273500073   171.49      5      0    16.00  0.00 18.00
B18939513          37373201512157502209290181   438.71      5      0     0.00  0.00 18.00
B18939513          37373201512157501273500417   223.15      5      0    16.00  0.00 18.00
B18939513          37373201512157501314701742   198.80      5      0     0.00  0.00 18.00
B18939513          37373201512157501314701766   362.59      5      0     0.00  0.00 18.00
B18939513          37373201512157501088507755   999.31      5      0     0.00  0.00 18.00
B18939513          37373201512157501250838939   469.34      8      0     0.00  6.00 18.00
B18939513          3737320151215 008400005489   408.75      8      0     0.00  0.00 18.00
B18939513          37373201512157501314701360   668.31      4      0     0.00  0.00 18.00
B18939513          37373201512157501314701322   634.47      8      0     0.00  0.00 18.00
B18939513          37373201512157501250810645   290.08     25      0     0.00  6.00 18.00
B18939513          37373201512157501070903695   318.40      5      0     0.00  0.00 18.00
B18939513          37373201512157501094914103   186.33      5      0     0.00  0.00 18.00
B18939513          37373201512157501168870625   527.26      5      0     0.00  0.00 18.00
B18939513          37373201512157501124816520   219.76      5      0     0.00  0.00 18.00
B18939513          37373201512157501293200946  1189.33      5      0     0.00  0.00 18.00
B18938483          37374201512157501273500509   239.64     10      0    16.00  0.00 18.00
B18938483          3737420151215 008400000460   211.70      5      0     0.00  0.00 18.00
B18938483          37374201512157501250838786   528.82     60      0     0.00  6.00 18.00
B18938483          37374201512157501088507601   475.71     10      0     0.00  0.00 18.00
B18938483          37374201512157501022110263   407.00     25      0     0.00  0.00 18.00
B18938483          37374201512157501273500073   171.49      5      0    16.00  0.00 18.00
B18938483          37374201512157501250810645   290.08     50      0     0.00  6.00 18.00
B18938483          3737420151215 736085011937   115.72      2      0     0.00  0.00 18.00
B18938483          37374201512157501250813295   934.60     40      0     0.00  6.00 18.00
B18938483          37374201512157501250838236   537.78     10      0     0.00  0.00 18.00
B18938483          37374201512157503007704658   306.57     10      0     0.00  0.00 18.00
B18938483          37374201512157501168810508   394.42     10      0     0.00  0.00 18.00
B18938483          37374201512157501124818234   411.11      6      0     0.00  0.00 18.00
B18938483          37374201512157501094915230  1491.51     10      0     0.00  0.00 18.00
B18938483          37374201512157502209290082   456.82      5      0     0.00  0.00 18.00
B18938483          37374201512157501314705535   744.45     20      0     0.00  0.00 18.00
B18938483          37374201512157501250818689   363.41     38      0     0.00  6.00 18.00
B18938483          37374201512157502209290488   646.13     10      0     0.00  0.00 18.00
B18938483          37374201512157501070903695   318.40     30      0     0.00  0.00 18.00
B18938483          37374201512157501094913298   421.97     10      0     0.00  0.00 18.00
B18938483          37374201512157501168890180   334.56     20      0     0.00  0.00 18.00
B18938483          37374201512157501094913304   803.83     10      0     0.00  0.00 18.00
B18938483          3737420151215 736085280005   317.61     20      0    16.00  0.00 18.00
B18938483          37374201512157501094913809   382.70     10      0     0.00  0.00 18.00
B18938483          37374201512158470002456938   976.00      5      0    16.00  0.00 18.00
B18938483          37374201512157501088504808   443.26     40      0     0.00 13.04 18.00
B18938483          37374201512157501124815851  1076.23     10      0     0.00  0.00 18.00
B18938483          3737420151215 736085905373   694.22     10      0     0.00  0.00 18.00
B18938483          37374201512157501168810713   482.98     10      0     0.00  0.00 18.00
B18938483          37374201512157501088504365   495.74     30      0     0.00  0.00 18.00
B18938483          37374201512157501094915223   821.38     10      0     0.00  0.00 18.00
B18938483          37374201512157501124818227   348.44      6      0     0.00  0.00 18.00
B18938484          37374201512157501123011803   237.01      5      0     0.00  0.00  8.00
B18938484          37374201512155702191008074   616.95      3      0     0.00  0.00  8.00
B18938484          37374201512157501123016907   334.55     10      0     0.00  9.09  8.00
B18938484          37374201512155702191008067   625.76      3      0     0.00  0.00  8.00
B18938484          37374201512153499320002448   635.71     20      0     0.00  0.00  8.00
B18938484          37374201512157501123011704   259.64     10      0     0.00 16.66  8.00
B18938484          37374201512157501122961901   260.60      5      0     0.00  9.09  8.00
B18938485          37374201512157502209290921   489.80     10      0     0.00  9.09 10.00
B18938485          37374201512154019338605159   323.57     15      0     0.00  0.00 10.00
B18938485          37374201512157501303455793   127.20      5      0     0.00  0.00 10.00
B18938485          37374201512157501303433029   204.32      5      0     0.00  0.00 10.00
B18938486          37374201512157501289514460   253.51     70      0     0.00 14.00 15.00
B18938486          37374201512157501101606236   480.80     15      0     0.00 10.00 15.00
B18938486          37374201512157501101649097   671.79     38      0     0.00 10.00 15.00
B18938486          37374201512157503006916748   556.57      2      0     0.00  0.00 15.00
B18938486          37374201512157501101615856   499.90     38      0     0.00 10.00 15.00
B18938487          37374201512157501326000864  1035.49     30      0     0.00  0.00 18.00
B18938487          37374201512157501287619105   618.85      5      0     0.00  0.00 18.00
B18938487          37374201512157501326004060   486.26     30      0     0.00  0.00 18.00
B18938487          37374201512157501326004176   459.72     70      0     0.00  0.00 18.00
B18938487          37374201512157501287613516   647.82     10      0     0.00  0.00 18.00
B18938487          37374201512157501201400659   431.46     30      0    16.00  0.00 18.00
B18938487          37374201512157501326008396   932.20     15      0     0.00  0.00 18.00
B18938487          37374201512157501142936286   747.33      5      0     0.00  0.00 18.00
B18938487          37374201512157501287652683   584.66     15      0     0.00  0.00 18.00
B18938487          37374201512157501326008402   975.88     30      0     0.00  0.00 18.00
B18938487          37374201512157501326001137   888.34     25      0     0.00  0.00 18.00
B18938487          37374201512157501326001977  1187.82     30      0     0.00  0.00 18.00
B18938487          37374201512157501201490797   494.46     20      0     0.00  0.00 18.00
B18938487          37374201512157501142911306   272.36     10      0     0.00  0.00 18.00
B18938488          37374201512157503013040863   187.52     14      0     0.00  0.00  5.00
B18938489          37374201512157501009071471   137.35     10      0     0.00  0.00  0.00
B18938489          37374201512157501033952784   614.43      5      0     0.00  0.00  0.00
B18938489          37374201512157501324402516   356.00      5      0     0.00  0.00  0.00
B18938489          37374201512157501326003476   254.10      6      0     0.00  0.00  0.00
B18938489          37374201512157501328979229   780.07     30      0     0.00  0.00  0.00
B18938489          37374201512157501033923234   281.70     10      0     0.00  0.00  0.00
B18938489          37374201512157501324402288   208.00      6      0     0.00  0.00  0.00
B18938489          37374201512157501033954412   720.58     30      0     0.00  0.00  0.00
B18938489          37374201512157501871720774   161.92     10      0     0.00  0.00  0.00
B18938489          37374201512157501098611329   405.00     68      0     0.00  0.00  0.00
B18938489          37374201512157501089803184   277.34      5      0     0.00  0.00  0.00
B18938489          37374201512157501092777212   384.02     30      0     0.00  0.00  0.00
B18938489          37374201512153594456400103   341.00    135      0     0.00  0.00  0.00
B18938489          37374201512157501165001619   510.88     10      0     0.00  0.00  0.00
B18938489          37374201512157501871720934   329.20     10      0     0.00  0.00  0.00
B18938489          37374201512157501092773511   283.92      5      0     0.00  0.00  0.00
B18938489          37374201512157501328979564   425.63     20      0     0.00  0.00  0.00
B18938489          37374201512157501328979601   949.87     10      0     0.00  0.00  0.00
B18938489          37374201512157501089808936   345.38      5      0     0.00  0.00  0.00
B18938489          37374201512157501089800664   486.00     10      0     0.00  0.00  0.00
B18938489          37374201512157501089802071   231.98     15      0     0.00  0.00  0.00
B18938489          37374201512157501098604710   546.00     10      0     0.00  0.00  0.00
B18938489          37374201512157501871721214   739.30     50      0     0.00  0.00  0.00
B18938489          37374201512157501098605915   776.00     10      0     0.00  0.00  0.00
B18938489          37374201512157501022101681   118.47     30      0     0.00  0.00  0.00
B18938489          37374201512157501092776413   236.82     10      0     0.00  0.00  0.00
B18938489          37374201512157501037905588   489.91     40      0     0.00  0.00  0.00
B18938489          37374201512157501050625272    82.85     40      0    16.00  0.00  0.00
B18938489          37374201512157501089803160    90.07     10      0     0.00  0.00  0.00
B18938489          37374201512157501089803177   171.72     30      0     0.00  0.00  0.00
B18938489          37374201512157501098633260   473.00     30      0     0.00  0.00  0.00
B18938489          37374201512157501361693038   490.42      5      0     0.00  0.00  0.00
B18938489          37374201512157501361693021   588.92      5      0     0.00  0.00  0.00
B18938489          37374201512157501098608398   318.00      5      0     0.00  0.00  0.00
B18938489          37374201512157730979095464   281.59     10      0     0.00  0.00  0.00
B18938489          37374201512158020030053090   205.91      5      0     0.00  0.00  0.00
B18938489          37374201512157502257270067   446.82     10      0     0.00  0.00  0.00
B18938489          37374201512157841141003436   255.61     50      0     0.00  0.00  0.00
B18938489          37374201512158430308624516   221.81      5      0     0.00  0.00  0.00
B18938489          37374201512157501324403612   728.00      5      0     0.00  0.00  0.00
B18938489          37374201512157501298234700   149.98     15      0     0.00  0.00  0.00
B18938489          37374201512157501043166522   705.24     10      0     0.00  0.00  0.00
B18938489          37374201512157501324402868   422.00      5      0     0.00  0.00  0.00
B18938489          37374201512157501298209067   282.18     10      0     0.00  0.00  0.00
B18938489          37374201512157501082212136   937.92     20      0     0.00  0.00  0.00
B18938489          37374201512157501871720682   353.46     25      0     0.00  0.00  0.00
B18938489          37374201512157501871720590   719.62     50      0     0.00  0.00  0.00
B18938489          37374201512157501098605229  1161.00      5      0     0.00  0.00  0.00
