B18445135           2766201509257501088619854   685.92      2      0     0.00  0.00 18.00
B18445135           276620150925 736085405668   365.39      4      0     0.00  0.00 18.00
B18445135           2766201509257501168810713   482.98      3      0     0.00  0.00 18.00
B18445135           2766201509257501124815899  1341.11      1      0     0.00  0.00 18.00
B18445135           276620150925 736085402346   562.66      4      0     0.00  0.00 18.00
B18445136           2766201509257501318685499  1651.88      1      0     0.00  0.00 10.00
B18445137           2766201509257501037946215   431.83      6      0     0.00  0.00  0.00
B18445137           2766201509257501298213569   214.36      3      0     0.00  0.00  0.00
B18445138           2766201509253594456400103   430.51      3      0     0.00  0.00 18.00
B18445138           2766201509257501168870403   201.24      3      0     0.00  0.00 18.00
B18445138           2766201509257501080912076   147.68      1      0    16.00  0.00 18.00
B18445139           2766201509253499320000215   248.87      1      0     0.00  0.00  8.00
B18445140           2766201509257501101615856   499.90      2      0     0.00  0.00 15.00
B18445140           2766201509257501289514460   241.44      1      0     0.00  0.00 15.00
B18445141           2766201509257501037946246   762.43      2      0     0.00  0.00  0.00
B18445141           2766201509257501037950526   456.95      1      0     0.00  0.00  0.00
B18445141           2766201509257501328979229   742.93      1      0     0.00  0.00  0.00
B18445141           2766201509257501871720590   719.62      2      0     0.00  0.00  0.00
B18445141           2766201509257501098611329   405.00      3      0     0.00  0.00  0.00
B18445141           2766201509257501082224214   969.30      1      0     0.00  0.00  0.00
B18445141           2766201509257501871721214   739.30      2      0     0.00  0.00  0.00
B18445141           2766201509257501033957871   541.35      2      0     0.00  0.00  0.00
B18445142           2766201509257501326004176   459.72      3      0     0.00  0.00 18.00
B18445142           2766201509257501228300291   405.00      3      0     0.00  0.00 18.00
B18445143           2766201509257501168870403   201.24      2      0     0.00  0.00 18.00
B18445143           2766201509253594456400103   430.51      1      0     0.00  0.00 18.00
B18445188           2766201509257501165002937   946.40      1      0     0.00  0.00  0.00
B18445189           276620150925 300092960030   664.87      2      0     0.00  0.00 18.00
B18449330           2766201509257501088619854   685.92      2      0     0.00  0.00 18.00
B18449331           2766201509257501101615856   499.90      2      0     0.00  0.00 15.00
B18449332           2766201509257501098611329   405.00      2      0     0.00  0.00  0.00
B18449333           2766201509257501326007368  1085.76      2      0     0.00  0.00 18.00
B18449333           2766201509257501326001977  1187.82      2      0     0.00  0.00 18.00
B18449333           2766201509257501326004176   459.72      1      0     0.00  0.00 18.00
B18449333           2766201509257501228300291   405.00      2      0     0.00  0.00 18.00
B18444995           5230201509257501384503215   238.50     30      0     0.00  0.00  0.00
B18444995           5230201509257501384503253   961.95      8      0     0.00  0.00  0.00
B18444995           5230201509257501384502010   204.32      8      0     0.00  0.00  0.00
B18444995           5230201509257501384502027   506.42      2      0     0.00  0.00  0.00
B18444995           5230201509257501384502171   167.75     10      0     0.00  0.00  0.00
B18444995           5230201509257501384502201   220.22     10      0     0.00  0.00  0.00
B18444995           5230201509257501384502232   385.58      2      0     0.00  0.00  0.00
B18444995           5230201509257502216932531   251.26     10      0     0.00  0.00  0.00
B18444995           523020150925 300090017125   785.69     10      0     0.00  0.00  0.00
B18444995           5230201509257501384502065   259.17     30      0     0.00  0.00  0.00
B18444995           5230201509257501384502324   166.95     30      0     0.00  0.00  0.00
B18444995           5230201509257501871720736   371.37      4      0     0.00  0.00  0.00
B18444995           5230201509257501009004561   259.96     10      0     0.00  0.00  0.00
B18444995           5230201509257501009004585   416.74     10      0     0.00  0.00  0.00
B18444995           5230201509257501384502355   454.74     10      0     0.00  0.00  0.00
B18444995           5230201509257501258205801   572.03      2      0     0.00  0.00  0.00
B18444995           5230201509257501258205818  1019.60     10      0     0.00  0.00  0.00
B18444995           5230201509257501089800800   312.89     10      0     0.00  0.00  0.00
B18444995           5230201509257501089800718   230.27      3      0     0.00  0.00  0.00
B18444995           5230201509257501384502133   213.06     15      0     0.00  0.00  0.00
B18444995           5230201509257501125152627   185.81     15      0     0.00  0.00  0.00
B18444995           5230201509257501094910501   360.14      8      0     0.00  0.00  0.00
B18444995           5230201509257501094912437   698.55      2      0     0.00  0.00  0.00
B18444995           5230201509257501094913922   886.55      5      0     0.00  0.00  0.00
B18444995           5230201509257501009007074   397.98     10      0     0.00  0.00  0.00
B18444995           5230201509257501009007111   267.33     30      0     0.00  0.00  0.00
B18444995           5230201509257501300406651   278.13      8      0     0.00  0.00  0.00
B18444995           523020150925 300090029081   245.27     10      0     0.00  0.00  0.00
B18444995           523020150925 300090055097   355.83     10      0     0.00  0.00  0.00
B18444995           523020150925 300090094119   874.68      2      0     0.00  0.00  0.00
B18444995           5230201509257501385420221   447.58      4      0     0.00  0.00  0.00
B18444995           5230201509257501050610001   437.66     15      0     0.00  0.00  0.00
B18444995           5230201509257501050612463   455.23     10      0     0.00  0.00  0.00
B18444995           5230201509257501328980249   345.90      7      0     0.00  0.00  0.00
B18444995           5230201509257501384503123   183.65     30      0     0.00  0.00  0.00
B18444995           5230201509257501384503116   151.05      8      0     0.00  0.00  0.00
B18444995           5230201509257501089800770   195.84     10      0     0.00  0.00  0.00
B18444995           5230201509257501125133183   142.03     10      0     0.00  0.00  0.00
B18444995           5230201509257501384503192   239.30     10      0     0.00  0.00  0.00
B18444995           5230201509257501094914493  1029.44      5      0     0.00  0.00  0.00
B18444995           5230201509257501072340382   141.35      5      0     0.00  0.00  0.00
B18449315           5257201509257501125122491   146.56     10      0     0.00  0.00 18.00
B18449315           5257201509257501125118333   343.63     60      0     0.00 14.28 18.00
B18449315           525720150925 736085400953   367.84      5      0     0.00  0.00 18.00
B18449315           525720150925 736085053876   135.83      5      0     0.00  0.00 18.00
B18449315           5257201509257501299307236    43.96     50      0     0.00  0.00 18.00
B18449315           5257201509257501299302286   134.27      4      0     0.00  0.00 18.00
B18449315           525720150925 736085105032    81.94      4      0     0.00  0.00 18.00
B18449315           5257201509257501250813608   556.52     10      0     0.00  4.76 18.00
B18449315           5257201509257501070615277   352.36     10      0     0.00  0.00 18.00
B18449315           5257201509257501299300909   114.29     30      0     0.00  0.00 18.00
B18449315           5257201509257501250810614   462.11     20      0     0.00 16.66 18.00
B18449315           5257201509257501299300763   118.29     30      0     0.00  0.00 18.00
B18449315           5257201509257501250838533   418.00     15      0     0.00  4.76 18.00
B18449315           5257201509257501088504501   272.61     20      0     0.00  0.00 18.00
B18449316           5257201509257501318609020    72.01     50      0     0.00  0.00 10.00
B18449317           5257201509257501101640049   331.33      1      0     0.00  0.00 15.00
B18449318           5257201509257502216930599   186.87      2      0     0.00  0.00 18.00
B18449319           5257201509257501034645067    69.13     80      0     0.00  0.00  0.00
B18445122          37369201509257503013040863   187.52      2      0     0.00  0.00  5.00
B18445122          37369201509257501033958717    50.79      8      0    16.00  0.00  5.00
B18445123          37369201509257501094916688   955.07      2      0     0.00  0.00 18.00
B18445123          37369201509257501094916671   949.22      2      0     0.00  0.00 18.00
B18445123          37369201509257501124815899  1341.11      2      0     0.00  0.00 18.00
B18445123          37369201509257501124815844   577.39      2      0     0.00  0.00 18.00
B18445123          3736920150925 736085401226   252.69      2      0     0.00  0.00 18.00
B18445123          37369201509257501250838267   104.30      2      0     0.00  0.00 18.00
B18445123          37369201509257501250838915   767.56      6      0     0.00  4.76 18.00
B18445123          37369201509257501385494192   282.40      2      0     0.00  0.00 18.00
B18445123          37369201509257501088504808   443.26     12      0     0.00  0.00 18.00
B18445123          37369201509257501088604058   565.20      2      0     0.00  0.00 18.00
B18445123          3736920150925 008400004123   362.98      2      0    16.00  0.00 18.00
B18445123          37369201509257501258203227   465.51      8      0     0.00  0.00 18.00
B18445123          37369201509257501250838939   469.34      8      0     0.00  4.76 18.00
B18445123          37369201509257501124810863   991.84      2      0     0.00  0.00 18.00
B18445123          37369201509257501088507670  1025.37      5      0     0.00  0.00 18.00
B18445123          37369201509257897473206632   108.70      1      0    16.00  0.00 18.00
B18445123          37369201509257501094917081   364.21      1      0    16.00  0.00 18.00
B18445123          3736920150925 736085280005   317.61      5      0    16.00  0.00 18.00
B18445123          37369201509257501088504501   272.61      5      0     0.00  0.00 18.00
B18445123          37369201509257501314706228   162.96      1      0     0.00  0.00 18.00
B18445123          37369201509257501314704552   110.00      5      0     0.00  0.00 18.00
B18445123          37369201509257501250818689   363.41      5      0     0.00  4.76 18.00
B18445123          37369201509257503007704658   306.57      5      0     0.00  0.00 18.00
B18445123          37369201509257502261160767   535.34      5      0     0.00  0.00 18.00
B18445123          37369201509257501124814052   824.72      2      0     0.00  0.00 18.00
B18445123          37369201509257501022110263   407.00      5      0     0.00  0.00 18.00
B18445123          37369201509257501314705535   693.69      2      0     0.00  0.00 18.00
B18445123          37369201509257503007315021   234.36      2      0     0.00  0.00 18.00
B18445123          37369201509257501168870502   308.32      2      0     0.00  0.00 18.00
B18445123          37369201509257501088507755   951.18      2      0     0.00  0.00 18.00
B18445123          37369201509257501070903695   306.16      2      0     0.00  0.00 18.00
B18445123          37369201509257501250832296   294.15      2      0     0.00  0.00 18.00
B18445123          37369201509257501124814007  2097.31      2      0     0.00  0.00 18.00
B18445123          37369201509257501124813994  2097.31      2      0     0.00  0.00 18.00
B18445124          37369201509257501300407863   144.38      1      0     0.00  0.00  0.00
B18445125          37369201509257501122963103   135.72      2      0     0.00 23.07  8.00
B18445125          37369201509257501406870097    84.42      1      0    16.00  0.00  8.00
B18445126          37369201509257891010020927    43.86      2      0    16.00  0.00  0.00
B18450581          37369201509253594456400103   430.51     35      0     0.00  0.00 18.00
B18450581          37369201509257501250813295   934.60     10      0     0.00  0.00 18.00
B18450581          37369201509257501258203234   697.87      8      0     0.00  0.00 18.00
B18450581          37369201509257501094915230  1491.51      7      0     0.00  0.00 18.00
B18450582          37369201509257501318628519   178.03      5      0     0.00  0.00  5.00
B18450582          37369201509257503013040894   171.18      5      0     0.00  0.00  5.00
B18450582          37369201509257506205802690   228.00      5      0     0.00  0.00  5.00
B18450583          37369201509257501033952784   614.43      2      0     0.00  0.00  0.00
B18450583          37369201509257501033923234   281.70      2      0     0.00  0.00  0.00
B18450583          37369201509257501033954412   720.58      2      0     0.00  0.00  0.00
B18450583          37369201509258430308413516   225.96      3      0     0.00  0.00  0.00
B18450583          37369201509257501033920356   614.57      2      0     0.00  0.00  0.00
B18450583          37369201509257501037915051   315.12      2      0     0.00  0.00  0.00
B18450583          37369201509257501009071938  1099.47      5      0     0.00  0.00  0.00
B18450583          37369201509257501089801166   287.06      5      0     0.00  0.00  0.00
B18450583          37369201509257501082221084   496.49      2      0     0.00  0.00  0.00
B18450583          37369201509257501092776642   285.23      2      0     0.00  0.00  0.00
B18450583          37369201509257501089801173   566.35      5      0     0.00  0.00  0.00
B18450583          37369201509257501089802033   223.56      2      0     0.00  0.00  0.00
B18450583          37369201509257501328979564   405.37      8      0     0.00  0.00  0.00
B18450583          37369201509257501328979601   917.75      5      0     0.00  0.00  0.00
B18450583          37369201509257501089800015   230.04      2      0     0.00  0.00  0.00
B18450583          37369201509257501092779278   271.49      8      0     0.00  0.00  0.00
B18450583          37369201509257501409201829   249.83      3      0     0.00  0.00  0.00
B18450583          37369201509257501328980119   240.05      2      0     0.00  0.00  0.00
B18450583          37369201509257501165001879   744.33      8      0     0.00  0.00  0.00
B18450583          37369201509257501871720217   113.85      7      0     0.00  0.00  0.00
B18450583          37369201509257501082212037   755.40      2      0     0.00  0.00  0.00
B18450583          37369201509257501871720668   157.78      5      0     0.00  0.00  0.00
B18450583          37369201509257501089800664   474.98      2      0     0.00  0.00  0.00
B18450583          37369201509257501165001862  1449.50      5      0     0.00  0.00  0.00
B18450583          37369201509257501098604116   518.00      1      0     0.00  0.00  0.00
B18450583          37369201509257501871720675   139.21      3      0     0.00  0.00  0.00
B18450583          37369201509257501871720590   719.62     10      0     0.00  0.00  0.00
B18450583          37369201509257501082212136   893.24      8      0     0.00  0.00  0.00
B18450583          37369201509257501098611305   284.00      8      0     0.00  0.00  0.00
B18450583          37369201509257501033921759   286.35      2      0     0.00  0.00  0.00
B18450583          37369201509257501089800053   247.54      2      0     0.00  0.00  0.00
B18450583          37369201509257501098611329   405.00     35      0     0.00  0.00  0.00
B18450583          37369201509257501089800060   301.32      2      0     0.00  0.00  0.00
B18450583          37369201509257501871721214   739.30     10      0     0.00  0.00  0.00
B18450583          37369201509257501092778226    95.51      2      0     0.00  0.00  0.00
B18450583          37369201509257501082224214   969.30     10      0     0.00  0.00  0.00
B18450583          37369201509257501092743033   229.62      2      0     0.00  0.00  0.00
B18450583          37369201509257501092774723   303.55      2      0     0.00  0.00  0.00
B18450583          37369201509257501092776413   236.82      2      0     0.00  0.00  0.00
B18450583          37369201509257501037905588   489.91      8      0     0.00  0.00  0.00
B18450583          37369201509257501092777212   384.02      8      0     0.00  0.00  0.00
B18450583          37369201509257501033955952   642.30      4      0     0.00  0.00  0.00
B18450583          37369201509258020030053090   205.91      5      0     0.00  0.00  0.00
B18450583          37369201509257501089803351   146.45      2      0     0.00  0.00  0.00
B18450583          37369201509257841141003436   255.61     15      0     0.00  0.00  0.00
B18450583          37369201509257501089803368   179.50      2      0     0.00  0.00  0.00
B18450583          37369201509257730979093026   288.60      2      0     0.00  0.00  0.00
B18450583          37369201509257501033958632   333.56      2      0     0.00  0.00  0.00
B18450584          37369201509257501318634732    84.55      5      0     0.00  0.00 10.00
B18450584          37369201509257501318643482   580.21      2      0     0.00  0.00 10.00
B18450584          37369201509257501318610798   472.21      2      0     0.00  0.00 10.00
B18450584          37369201509257896116861566   279.64      2      0     0.00  0.00 10.00
B18450584          37369201509257501318600508  1179.68      5      0     0.00  0.00 10.00
B18450584          37369201509257501318685499  1651.88      5      0     0.00  0.00 10.00
B18450584          37369201509254019338605159   323.57      5      0     0.00  0.00 10.00
B18450585          37369201509257501289514460   241.44      8      0     0.00  0.00 15.00
B18450585          37369201509257501324403520   343.82      1      0     0.00  0.00 15.00
B18450586          37369201509257501326001977  1187.82      5      0     0.00  0.00 18.00
B18450586          37369201509257501326001137   888.34     14      0     0.00  0.00 18.00
B18450586          37369201509257501326000864  1035.49     10      0     0.00  0.00 18.00
B18450586          37369201509257501326000918   655.30      8      0     0.00  0.00 18.00
B18450586          37369201509257501326004060   486.26      8      0     0.00  0.00 18.00
B18450586          37369201509257501326004176   459.72     12      0     0.00  0.00 18.00
B18450586          37369201509257501326003568   533.94      2      0     0.00  0.00 18.00
B18450586          37369201509257502216931220   167.38      5      0     0.00  0.00 18.00
B18450586          37369201509257501287652683   584.66      6      0     0.00  0.00 18.00
B18450586          37369201509257501050617611   846.65      2      0     0.00  0.00 18.00
B18450586          37369201509257501142911306   272.36      2      0     0.00  0.00 18.00
B18450586          37369201509257501287620507   482.43      2      0     0.00  0.00 18.00
B18450586          37369201509257501326003162   601.55      2      0     0.00  0.00 18.00
B18450586          37369201509257501326003179   409.00      3      0     0.00  0.00 18.00
B18450586          37369201509257501326004947   909.98     14      0     0.00  0.00 18.00
B18450586          37369201509257501326007368  1085.76      2      0     0.00  0.00 18.00
B18450586          37369201509257501326008402   975.88     10      0     0.00  0.00 18.00
B18450586          37369201509257501287619105   618.85      3      0     0.00  0.00 18.00
B18450586          37369201509257502216930551   329.20      2      0     0.00  9.09 18.00
B18450586          37369201509257502216930568   188.12      2      0     0.00  9.09 18.00
B18450586          37369201509257501201400710   329.33      3      0    16.00  0.00 18.00
B18450586          37369201509257501287640888   938.91      1      0     0.00  0.00 18.00
B18450586          37369201509257501201400659   431.46      2      0    16.00  0.00 18.00
B18450586          37369201509257502216930865   270.19      5      0     0.00  0.00 18.00
B18450587          3736920150925     75004996   149.04      2      0     0.00 23.07  8.00
B18450587          37369201509257501122961413   211.48      2      0     0.00 23.07  8.00
B18450587          37369201509253499320002448   596.99      8      0     0.00  0.00  8.00
B18445127          37370201509257501385494192   282.40      4      0     0.00  0.00 18.00
B18445127          37370201509257501250810645   290.08      4      0     0.00  4.76 18.00
B18445127          37370201509257501094913229   521.40      8      0     0.00  0.00 18.00
B18445127          37370201509257502209290082   456.82      4      0     0.00  0.00 18.00
B18445127          37370201509257501094913809   382.70      4      0     0.00  9.09 18.00
B18445127          37370201509257501088507670  1025.37      4      0     0.00  0.00 18.00
B18445127          37370201509257501088507755   951.18      4      0     0.00  0.00 18.00
B18445127          37370201509257501250838311   946.01      4      0     0.00  4.76 18.00
B18445127          37370201509257501094915223   821.38      4      0     0.00  0.00 18.00
B18445127          37370201509257502209290211   759.83      4      0     0.00  0.00 18.00
B18445127          37370201509257503007704634   743.11      8      0     0.00  0.00 18.00
B18445127          37370201509257501088504501   272.61      8      0     0.00  0.00 18.00
B18445127          3737020150925 736085905373   694.22      4      0     0.00  0.00 18.00
B18445127          37370201509257501273500417   223.15      4      0    16.00  0.00 18.00
B18445127          37370201509257501273500165   206.67      4      0    16.00  0.00 18.00
B18445127          37370201509257501124810474   584.07      4      0     0.00  0.00 18.00
B18445127          37370201509257501250839233   598.08      4      0     0.00  4.76 18.00
B18445127          37370201509257501273500387   206.67      4      0    16.00  0.00 18.00
B18445127          37370201509257502209290075   518.34      4      0     0.00  0.00 18.00
B18445127          37370201509257501124103118   195.29      4      0     0.00  0.00 18.00
B18445127          37370201509257501314704927   186.11      4      0     0.00  0.00 18.00
B18445127          37370201509257501250838236   537.78      4      0     0.00  4.76 18.00
B18445127          3737020150925 736085409833   440.21      4      0     0.00  0.00 18.00
B18445127          37370201509257501168810508   394.42      4      0     0.00  0.00 18.00
B18445127          3737020150925 736085280005   317.61      4      0    16.00  0.00 18.00
B18445127          37370201509257501022110348   648.00     10      0     0.00  5.00 18.00
B18445127          37370201509257501124855208   310.00      4      0     0.00  0.00 18.00
B18445127          37370201509257501022110263   407.00     10      0     0.00  0.00 18.00
B18445127          37370201509257501088507625   291.66      4      0     0.00  0.00 18.00
B18445127          37370201509257501314704828   296.09      4      0     0.00  0.00 18.00
B18445127          37370201509257501094916855   991.00      8      0     0.00  0.00 18.00
B18445127          37370201509257501124814052   824.72      8      0     0.00  0.00 18.00
B18445127          37370201509257501070902384   283.18      4      0     0.00  0.00 18.00
B18445127          37370201509257502261160767   535.34      8      0     0.00  0.00 18.00
B18445127          37370201509257501168830100   176.29      4      0     0.00  0.00 18.00
B18445127          37370201509257501168810621   172.20      4      0     0.00  0.00 18.00
B18445127          37370201509257501080912076   147.68      4      0    16.00  0.00 18.00
B18445127          37370201509257501088575396    87.42      4      0     0.00  0.00 18.00
B18445127          37370201509257501168810713   482.98      4      0     0.00  0.00 18.00
B18445127          37370201509257501094916794   958.42      4      0     0.00  0.00 18.00
B18445127          37370201509257501088619458   525.87      4      0     0.00  9.09 18.00
B18445127          3737020150925 736085126006   193.30      4      0     0.00  0.00 18.00
B18445127          37370201509257501384541248   876.09      2      0     0.00  0.00 18.00
B18445128          37370201509257501287688569  1623.79      2      0     0.00  0.00 18.00
B18445128          37370201509257501201490797   494.46      4      0     0.00  0.00 18.00
B18445128          37370201509257501201490803   641.23      4      0     0.00  0.00 18.00
B18445128          37370201509257501050617208   646.60      4      0     0.00  0.00 18.00
B18445128          37370201509257501049721145   500.38      4      0     0.00  0.00 18.00
B18445128          37370201509257501287669032   168.97      4      0     0.00  0.00 18.00
B18445128          37370201509257501108767893  1279.72      4      0     0.00  0.00 18.00
B18445128          37370201509257501287613516   647.82      4      0     0.00  0.00 18.00
B18445128          37370201509257501326004190   962.53     10      0     0.00  0.00 18.00
B18445128          37370201509257501201400710   329.33      4      0    16.00  0.00 18.00
B18445128          37370201509257501326004954   962.53      8      0     0.00  0.00 18.00
B18445128          37370201509257501108767923  1278.70      4      0     0.00  0.00 18.00
B18445128          37370201509257501108767886   746.51      4      0     0.00  0.00 18.00
B18445128          37370201509257501326007368  1085.76      4      0     0.00  0.00 18.00
B18445128          37370201509257501142936286   747.33      4      0     0.00  0.00 18.00
B18445128          37370201509257501201400635   751.62      4      0     0.00  0.00 18.00
B18445128          37370201509257501326000925   513.27      4      0     0.00  0.00 18.00
B18445128          37370201509257501201400659   431.46      4      0    16.00  0.00 18.00
B18445128          37370201509253282779369084   314.83      4      0    16.00  0.00 18.00
B18445128          37370201509257501326001137   888.34      4      0     0.00  0.00 18.00
B18445128          37370201509257501326000864  1035.49      8      0     0.00  0.00 18.00
B18445128          37370201509257501326000888   685.70      4      0     0.00  0.00 18.00
B18445128          37370201509257501326000895   452.70      4      0     0.00  0.00 18.00
B18445128          37370201509257501326004060   486.26     10      0     0.00  0.00 18.00
B18445128          37370201509257501201400352   649.91      4      0     0.00  0.00 18.00
B18445129          37370201509253499320001205   249.66      4      0     0.00  0.00  8.00
B18445129          37370201509257501390912766   496.10      4      0    16.00  0.00  8.00
B18445129          37370201509253499320002448   596.99      4      0     0.00  0.00  8.00
B18445129          37370201509257501122961901   260.60      4      0     0.00 23.07  8.00
B18445129          37370201509253499320002868   353.70      4      0     0.00  0.00  8.00
B18445130          37370201509257501298204987   330.14      4      0     0.00  0.00  0.00
B18445130          37370201509257501043166522   705.24      4      0     0.00  0.00  0.00
B18445130          37370201509255034642032575   661.86      4      0     0.00  0.00  0.00
B18445130          37370201509257501009071471   137.35      4      0     0.00  0.00  0.00
B18445130          37370201509257501033952784   614.43      4      0     0.00  0.00  0.00
B18445130          37370201509257501033923234   281.70      4      0     0.00  0.00  0.00
B18445130          37370201509257501159580182   114.33      4      0     0.00  0.00  0.00
B18445130          37370201509257501033954412   720.58      4      0     0.00  0.00  0.00
B18445130          37370201509257501037980165   394.15      4      0     0.00  0.00  0.00
B18445130          37370201509257501092792031   126.26      4      0     0.00  0.00  0.00
B18445130          37370201509257501089802033   223.56      4      0     0.00  0.00  0.00
B18445130          37370201509257501092779278   271.49      8      0     0.00  0.00  0.00
B18445130          37370201509257501328980119   240.05      4      0     0.00  0.00  0.00
B18445130          37370201509257501089800077   175.61      4      0     0.00  0.00  0.00
B18445130          37370201509257501082221084   496.49      4      0     0.00  0.00  0.00
B18445130          37370201509257501092701033    77.20      4      0     0.00  0.00  0.00
B18445130          37370201509257501089802071   227.45      4      0     0.00  0.00  0.00
B18445130          37370201509257501871720507   276.70      4      0     0.00  0.00  0.00
B18445130          37370201509257501089808943   662.26      4      0     0.00  0.00  0.00
B18445130          37370201509257501082212136   893.24      4      0     0.00  0.00  0.00
B18445130          37370201509257501082212198   562.17      4      0     0.00  0.00  0.00
B18445130          37370201509257501089804099   243.65      4      0     0.00  0.00  0.00
B18445130          37370201509257501089803177   165.24      4      0     0.00  0.00  0.00
B18445130          37370201509257501871720668   157.78      4      0     0.00  0.00  0.00
B18445130          37370201509257501871720590   719.62      8      0     0.00  0.00  0.00
B18445130          37370201509257501871720750   352.60      4      0     0.00  0.00  0.00
B18445130          37370201509257501098610841   197.00      4      0     0.00  0.00  0.00
B18445130          37370201509257501082224214   969.30      4      0     0.00  0.00  0.00
B18445130          37370201509257501098608398   318.00      4      0     0.00  0.00  0.00
B18445130          37370201509257501033958861   893.57      4      0     0.00  0.00  0.00
B18445130          37370201509257501092777212   384.02      8      0     0.00  0.00  0.00
B18445130          37370201509257501092777229   633.27      8      0     0.00  0.00  0.00
B18445130          37370201509258020030053090   205.91      4      0     0.00  0.00  0.00
B18445130          37370201509257501033957871   541.35      4      0     0.00  0.00  0.00
B18445130          37370201509258027950210497   714.00      2      0     0.00  0.00  0.00
B18445131          37370201509257703281001454   263.20      4      0    16.00  0.00 10.00
B18445131          37370201509257501318685499  1651.88      4      0     0.00  0.00 10.00
B18445131          37370201509257501303451573  1561.46      2      0     0.00  0.00 10.00
B18445131          37370201509257501318643482   580.21      4      0     0.00  0.00 10.00
B18445131          37370201509257501318600508  1179.68      4      0     0.00  0.00 10.00
B18445131          37370201509257501390912551   266.50      4      0    16.00  0.00 10.00
B18445132          37370201509257899026437449    84.59      4      0    16.00  0.00 14.00
B18445133          37370201509257501101606236   466.68      4      0     0.00  0.00 15.00
B18445133          37370201509257503006916465   368.95      4      0     0.00  0.00 15.00
B18445133          37370201509257503006916472   701.79      4      0     0.00  0.00 15.00
B18445102          37372201509257501124103118   195.29     10      0     0.00  0.00 18.00
B18445102          37372201509257501285600365   116.79      2      0     0.00  0.00 18.00
B18445102          37372201509257501125110702    29.60    150      0     0.00  0.00 18.00
B18445102          37372201509257501314701360   642.93     38      0     0.00  0.00 18.00
B18445102          37372201509257501314701322   609.09     40      0     0.00  0.00 18.00
B18445102          37372201509257501088507618   570.34      5      0     0.00  0.00 18.00
B18445102          37372201509257501091440117   500.25    100      0     0.00  0.00 18.00
B18445102          37372201509257501168810713   482.98     30      0     0.00  0.00 18.00
B18445102          37372201509257501125111136   463.32      9      0     0.00  0.00 18.00
B18445102          37372201509253594456400103   430.51     80      0     0.00  0.00 18.00
B18445102          37372201509257501124760076   350.20     10      0     0.00  0.00 18.00
B18445102          37372201509257501314701766   342.23      5      0     0.00  0.00 18.00
B18445102          37372201509257501088504501   272.61     30      0     0.00  0.00 18.00
B18445103          37372201509257501033956140    44.37     48      0    16.00  0.00  5.00
B18445104          37372201509257501328978383   451.28     10      0     0.00  0.00 18.00
B18445104          3737220150925 300090887018   362.49     10      0     0.00  0.00 18.00
B18445104          37372201509257501287620507   482.43     20      0     0.00  0.00 18.00
B18445105          37372201509257501098603317    57.00     10      0     0.00  0.00  0.00
B18445105          37372201509257501098611329   405.00     80      0     0.00  0.00  0.00
B18445105          37372201509257501098604383   236.00     50      0     0.00  0.00  0.00
B18445105          37372201509257841141003436   255.61     80      0     0.00  0.00  0.00
B18445105          37372201509257501033950827   486.91     15      0     0.00  0.00  0.00
B18445105          37372201509257501328980119   240.05     40      0     0.00  0.00  0.00
B18445105          37372201509257501098602815    58.00      5      0     0.00  0.00  0.00
B18445105          3737220150925 612197222204    28.09     30      0    16.00  0.00  0.00
B18445106          37372201509257501123011704   259.64     10      0     0.00 23.07  8.00
B18445107          37372201509257501318629301   539.43     10      0     0.00  0.00 10.00
B18444959          37373201509257501088507021   623.13      2      0     0.00  0.00 10.00
B18445108          37373201509257501088507007   498.67      5      0     0.00  0.00  5.00
B18445109          37373201509257501871720668   157.78      4      0     0.00  0.00  0.00
B18445109          37373201509257501871720682   353.46      4      0     0.00  0.00  0.00
B18445109          37373201509257501082212136   893.24      5      0     0.00  0.00  0.00
B18445109          37373201509257501089800077   175.61      5      0     0.00  0.00  0.00
B18445109          37373201509257501089800268   198.94      6      0     0.00  0.00  0.00
B18445109          37373201509257501089800664   474.98      2      0     0.00  0.00  0.00
B18445109          37373201509257501089802071   227.45      2      0     0.00  0.00  0.00
B18445109          37373201509257501089803160    86.18      5      0     0.00  0.00  0.00
B18445109          37373201509257501089803177   165.24      7      0     0.00  0.00  0.00
B18445109          37373201509257501033953057   173.89      2      0     0.00  0.00  0.00
B18445109          37373201509257501009071938  1099.47      4      0     0.00  0.00  0.00
B18445109          37373201509257501033953507   282.39      5      0     0.00  0.00  0.00
B18445109          37373201509257501033923234   281.70      5      0     0.00  0.00  0.00
B18445109          37373201509257501033954412   720.58      4      0     0.00  0.00  0.00
B18445109          37373201509257501033920356   614.57      3      0     0.00  0.00  0.00
B18445109          37373201509257501409201270   325.98      5      0     0.00  0.00  0.00
B18445109          37373201509257501082242041   332.03      4      0     0.00  0.00  0.00
B18445109          37373201509257501082212198   562.17      5      0     0.00  0.00  0.00
B18445109          37373201509257501871720750   352.60      2      0     0.00  0.00  0.00
B18445109          37373201509257501082212297  1129.29      4      0     0.00  0.00  0.00
B18445109          37373201509257501098610872   236.00      8      0     0.00  0.00  0.00
B18445109          37373201509257501098624114   344.00      2      0     0.00  0.00  0.00
B18445109          37373201509257501098633260   473.00      8      0     0.00  0.00  0.00
B18445109          37373201509257501098611305   284.00      4      0     0.00  0.00  0.00
B18445109          37373201509257501098611329   405.00      4      0     0.00  0.00  0.00
B18445109          37373201509257501098610803   183.00      2      0     0.00  0.00  0.00
B18445109          37373201509257501037980189   722.26      3      0     0.00  0.00  0.00
B18445109          37373201509257501033921759   286.35      5      0     0.00  0.00  0.00
B18445109          37373201509257501082224214   969.30      4      0     0.00  0.00  0.00
B18445109          37373201509257501037980172   612.08      3      0     0.00  0.00  0.00
B18445109          37373201509257501089801180   299.38      2      0     0.00  0.00  0.00
B18445109          37373201509257501082242256   466.32      6      0     0.00  0.00  0.00
B18445109          37373201509257501037980226   698.20      3      0     0.00  0.00  0.00
B18445109          37373201509257501092776413   236.82      4      0     0.00  0.00  0.00
B18445109          37373201509257501037905588   489.91      4      0     0.00  0.00  0.00
B18445109          37373201509257891010020927    43.86      2      0    16.00  0.00  0.00
B18445109          37373201509257501050625272    82.85      8      0    16.00  0.00  0.00
B18445109          37373201509257501871721214   739.30      8      0     0.00  0.00  0.00
B18445109          37373201509257501037908671   714.88      3      0     0.00  0.00  0.00
B18445109          37373201509257501082242607   832.22      4      0     0.00  0.00  0.00
B18445109          37373201509257841141003436   255.61      4      0     0.00  0.00  0.00
B18445109          3737320150925 650240027789    50.92      8      0     0.00  0.00  0.00
B18445109          37373201509257501043100137   602.93      2      0     0.00  0.00  0.00
B18445110          37373201509257501122961901   260.60      5      0     0.00 23.07  8.00
B18445110          37373201509255702191008098   205.65      2      0     0.00  0.00  8.00
B18445111          37373201509257501314701360   642.93      5      0     0.00  0.00 18.00
B18445111          37373201509257501088617058   565.20      5      0     0.00  0.00 18.00
B18445111          37373201509253594456400103   430.51      8      0     0.00  0.00 18.00
B18445111          37373201509257501314701353   490.66      5      0     0.00  0.00 18.00
B18445111          37373201509257501250813295   934.60      4      0     0.00  0.00 18.00
B18445111          3737320150925 736085905373   694.22      4      0     0.00  0.00 18.00
B18445111          37373201509257501124814052   824.72      5      0     0.00  0.00 18.00
B18445111          37373201509257501314705535   693.69      4      0     0.00  0.00 18.00
B18445111          37373201509257501088507106   514.99      5      0     0.00  9.09 18.00
B18445111          37373201509257501250813363   535.34      4      0     0.00  0.00 18.00
B18445111          37373201509257501088504808   443.26      4      0     0.00  0.00 18.00
B18445111          37373201509257501022110263   407.00      4      0     0.00  0.00 18.00
B18445111          37373201509257501250818689   363.41      4      0     0.00  4.76 18.00
B18445111          37373201509257503007704658   306.57      4      0     0.00  0.00 18.00
B18445111          37373201509257501088504365   495.74      8      0     0.00  0.00 18.00
B18445111          37373201509257501070903695   306.16      8      0     0.00  0.00 18.00
B18445111          37373201509257501250810645   290.08      8      0     0.00  4.76 18.00
B18445111          37373201509257501088504501   272.61      8      0     0.00  0.00 18.00
B18445111          37373201509257501273500387   206.67      8      0    16.00  0.00 18.00
B18445111          37373201509257501273500073   171.49      8      0    16.00  0.00 18.00
B18445111          37373201509257501070900243   276.89      2      0     0.00  0.00 18.00
B18445111          37373201509257501124855208   310.00      2      0     0.00  0.00 18.00
B18445111          37373201509257503007315021   234.36      2      0     0.00  0.00 18.00
B18445111          37373201509257501273500417   223.15      2      0    16.00  0.00 18.00
B18445111          37373201509257503007315014   209.16      2      0     0.00  0.00 18.00
B18445111          37373201509257501088507670  1025.37      5      0     0.00  0.00 18.00
B18445111          37373201509257501094916848  1020.25      5      0     0.00  0.00 18.00
B18445111          37373201509257501094916855   991.00      5      0     0.00  0.00 18.00
B18445111          37373201509257501088507755   951.18      5      0     0.00  0.00 18.00
B18445111          37373201509257501250838311   946.01      5      0     0.00  4.76 18.00
B18445111          37373201509257503000883404   669.61      2      0     0.00  2.00 18.00
B18445111          37373201509257501314701322   609.09      2      0     0.00  0.00 18.00
B18445111          37373201509257501168810713   482.98      5      0     0.00  0.00 18.00
B18445111          37373201509257501088504822   479.93      5      0     0.00  0.00 18.00
B18445111          37373201509257501095435027   355.89      5      0     0.00  0.00 18.00
B18445111          3737320150925 008400000446   215.74      5      0     0.00  9.09 18.00
B18445111          37373201509257501124103118   195.29      5      0     0.00  0.00 18.00
B18445111          37373201509257501092780014   143.02      5      0     0.00 13.04 18.00
B18445111          37373201509257501094914103   186.33      5      0     0.00  0.00 18.00
B18445111          37373201509257501124813994  2097.31      3      0     0.00  0.00 18.00
B18445111          37373201509257501088507687  1875.99      3      0     0.00  0.00 18.00
B18445111          37373201509257502209290068   485.33      2      0     0.00  0.00 18.00
B18445111          37373201509257502209290181   438.71      2      0     0.00  0.00 18.00
B18445112          37373201509257502209290938   501.68      3      0     0.00  0.00 10.00
B18445112          37373201509257501318610798   472.21      5      0     0.00  0.00 10.00
B18445112          37373201509257501390911035   268.14      5      0     0.00  0.00 10.00
B18445112          37373201509257501390910991   296.84      5      0     0.00  0.00 10.00
B18445112          37373201509257501390911011   152.52      5      0     0.00  0.00 10.00
B18445112          37373201509257896116861566   279.64      5      0     0.00  0.00 10.00
B18445112          3737320150925 891671002277   299.87      5      0     0.00  0.00 10.00
B18445113          37373201509257501101615856   499.90      4      0     0.00  0.00 15.00
B18445113          37373201509257501289514460   241.44      4      0     0.00  0.00 15.00
B18445113          37373201509257501101649035   480.80      5      0     0.00  0.00 15.00
B18445113          37373201509257501101649097   671.79      7      0     0.00  0.00 15.00
B18445113          37373201509257503006916748   556.57      3      0     0.00  0.00 15.00
B18445114          37373201509257501201400352   649.91      5      0     0.00  0.00 18.00
B18445114          37373201509257501201400406   469.75      2      0     0.00  0.00 18.00
B18445114          37373201509257501201400567   363.86      4      0     0.00  0.00 18.00
B18445114          37373201509257501201400680   305.76      5      0     0.00  0.00 18.00
B18445114          37373201509257501201490797   494.46      5      0     0.00  0.00 18.00
B18445114          37373201509257501108715528  1739.96      2      0     0.00  0.00 18.00
B18445114          37373201509257501049721145   500.38      2      0     0.00  0.00 18.00
B18445114          37373201509257501108767893  1279.72      3      0     0.00  0.00 18.00
B18445114          37373201509257501287613516   647.82      2      0     0.00  0.00 18.00
B18445114          37373201509257501201400710   329.33      4      0    16.00  0.00 18.00
B18445114          37373201509257501108767923  1278.70      3      0     0.00  0.00 18.00
B18445114          37373201509257501201400635   751.62      8      0     0.00  0.00 18.00
B18445114          37373201509257502216931763   372.73      2      0     0.00  0.00 18.00
B18445114          37373201509257501326004947   909.98      8      0     0.00  0.00 18.00
B18445114          37373201509257501326007368  1085.76      2      0     0.00  0.00 18.00
B18445114          37373201509253700039500034   451.91      5      0     0.00  0.00 18.00
B18445114          37373201509257501142936286   747.33      5      0     0.00  0.00 18.00
B18445114          37373201509257501326001137   888.34      8      0     0.00  0.00 18.00
B18445114          37373201509257501326001151   888.34      5      0     0.00  0.00 18.00
B18445114          37373201509257501326001977  1187.82      8      0     0.00  0.00 18.00
B18445114          37373201509257501326000864  1035.49      4      0     0.00  0.00 18.00
B18445114          37373201509257501326004176   459.72      8      0     0.00  0.00 18.00
B18445114          37373201509257501287652683   584.66      5      0     0.00  0.00 18.00
B18445115          37374201509257501303451573  1561.46      3      0     0.00  0.00 10.00
B18445115          37374201509257703331157506   279.64      4      0     0.00  0.00 10.00
B18445115          37374201509257501390911004   327.18      2      0     0.00  0.00 10.00
B18445115          37374201509257501303433029   204.32      3      0     0.00 16.66 10.00
B18445116          37374201509257501101615856   499.90      4      0     0.00  0.00 15.00
B18445116          37374201509257501289514460   241.44     13      0     0.00  0.00 15.00
B18445116          37374201509257501101649097   671.79      4      0     0.00  0.00 15.00
B18445116          37374201509257501101698453   457.55      4      0     0.00  0.00 15.00
B18445117          37374201509257501326000383   734.45      4      0     0.00  0.00 18.00
B18445117          37374201509257501326003162   601.55      4      0     0.00  0.00 18.00
B18445117          37374201509257501326007368  1085.76      4      0     0.00  0.00 18.00
B18445117          37374201509257501326008402   975.88      4      0     0.00  0.00 18.00
B18445117          37374201509257501326001137   888.34      8      0     0.00  0.00 18.00
B18445117          37374201509257501326001977  1187.82      4      0     0.00  0.00 18.00
B18445117          37374201509257501326000864  1035.49      4      0     0.00  0.00 18.00
B18445117          37374201509257501326004060   486.26      4      0     0.00  0.00 18.00
B18445117          37374201509257501326004176   459.72     14      0     0.00  0.00 18.00
B18445117          37374201509257501287624529  1260.51      8      0     0.00  0.00 18.00
B18445117          37374201509257501201490797   494.46      4      0     0.00  0.00 18.00
B18445117          37374201509257501050600873   544.79      4      0     0.00  0.00 18.00
B18445117          37374201509257501201400659   431.46      8      0    16.00  0.00 18.00
B18445117          37374201509257502216930865   270.19      3      0     0.00  0.00 18.00
B18445117          37374201509253282779369077   303.45      4      0    16.00  0.00 18.00
B18445118          37374201509257501094916558   289.95      4      0     0.00  0.00 18.00
B18445118          37374201509257501314703227   270.71      8      0     0.00  0.00 18.00
B18445118          37374201509257501168890166   244.36      4      0     0.00  0.00 18.00
B18445118          37374201509257501094914103   186.33      4      0     0.00  0.00 18.00
B18445118          37374201509257501273500073   171.49      4      0    16.00  0.00 18.00
B18445118          37374201509257501250838915   767.56      4      0     0.00  4.76 18.00
B18445118          37374201509257502209290488   646.13      4      0     0.00  0.00 18.00
B18445118          37374201509257501250813363   535.34      4      0     0.00  0.00 18.00
B18445118          37374201509257501314701322   609.09      4      0     0.00  0.00 18.00
B18445118          37374201509257502209290471   484.87      4      0     0.00  0.00 18.00
B18445118          3737420150925 736085280005   317.61      4      0    16.00  0.00 18.00
B18445118          37374201509257501070902384   283.18      4      0     0.00  0.00 18.00
B18445118          37374201509257501168810713   482.98      8      0     0.00  0.00 18.00
B18445118          37374201509257502261161085   469.34      4      0     0.00  0.00 18.00
B18445118          37374201509257501258203227   465.51      4      0     0.00  0.00 18.00
B18445118          37374201509257501168870618   440.27      4      0     0.00  0.00 18.00
B18445118          37374201509257501070903695   306.16      4      0     0.00  0.00 18.00
B18445118          37374201509257501250838939   469.34      4      0     0.00  4.76 18.00
B18445118          37374201509254030571000389   318.47      4      0    16.00  0.00 18.00
B18445118          37374201509257501124855208   310.00      4      0     0.00  0.00 18.00
B18445118          37374201509257501124815851  1076.23      3      0     0.00  0.00 18.00
B18445118          3737420150925 008400000026   238.82      2      0     0.00  9.09 18.00
B18445118          3737420150925 736085011937   115.72      2      0     0.00  0.00 18.00
B18445118          37374201509257501094916855   991.00      4      0     0.00  0.00 18.00
B18445118          37374201509257501094916848  1020.25      4      0     0.00  0.00 18.00
B18445118          37374201509257501258203234   697.87      4      0     0.00  0.00 18.00
B18445118          37374201509253594456400103   430.51     14      0     0.00  0.00 18.00
B18445118          37374201509257501250818689   363.41     13      0     0.00  4.76 18.00
B18445118          3737420150925 736085905373   694.22      4      0     0.00  0.00 18.00
B18445118          37374201509257503000883404   669.61      4      0     0.00  2.00 18.00
B18445118          37374201509257501088504501   272.61     13      0     0.00  0.00 18.00
B18445118          37374201509257501250813530   748.01      8      0     0.00  4.76 18.00
B18445118          37374201509257501250838786   528.82      8      0     0.00  0.00 18.00
B18445118          37374201509257501088504808   443.26      8      0     0.00  0.00 18.00
B18445118          37374201509257503007704658   306.57      8      0     0.00  0.00 18.00
B18445118          37374201509257501250810645   290.08      8      0     0.00  4.76 18.00
B18445119          37374201509257501088507007   498.67      4      0     0.00  0.00  5.00
B18445119          37374201509257503013040863   187.52      7      0     0.00  0.00  5.00
B18445120          37374201509257501871720774   161.92      4      0     0.00  0.00  0.00
B18445120          37374201509257501098611329   405.00     14      0     0.00  0.00  0.00
B18445120          37374201509257501037980189   722.26      4      0     0.00  0.00  0.00
B18445120          37374201509257501033921759   286.35      4      0     0.00  0.00  0.00
B18445120          37374201509257501082224214   969.30      4      0     0.00  0.00  0.00
B18445120          37374201509257501098633260   473.00     13      0     0.00  0.00  0.00
B18445120          37374201509257501092777212   384.02      8      0     0.00  0.00  0.00
B18445120          37374201509257501050625272    82.85     13      0    16.00  0.00  0.00
B18445120          37374201509257501871721214   739.30     14      0     0.00  0.00  0.00
B18445120          37374201509257501098605915   776.00      4      0     0.00  0.00  0.00
B18445120          37374201509257501022101681   118.47      4      0     0.00  6.00  0.00
B18445120          37374201509257501037905588   489.91      4      0     0.00  0.00  0.00
B18445120          37374201509257502257270067   446.82      4      0     0.00  0.00  0.00
B18445120          37374201509257501089803351   146.45      4      0     0.00  0.00  0.00
B18445120          37374201509257841141003436   255.61     13      0     0.00  0.00  0.00
B18445120          37374201509257501033958861   893.57      4      0     0.00  0.00  0.00
B18445120          37374201509257501088505485   106.75      3      0     0.00  0.00  0.00
B18445120          37374201509258430308413516   225.96      4      0     0.00  0.00  0.00
B18445120          37374201509257501324402868   422.00      4      0     0.00  0.00  0.00
B18445120          37374201509257501298209067   273.96      4      0     0.00  0.00  0.00
B18445120          37374201509257501043166522   705.24      4      0     0.00  0.00  0.00
B18445120          37374201509255034642032575   661.86      4      0     0.00  0.00  0.00
B18445120          37374201509257501009071938  1099.47      5      0     0.00  0.00  0.00
B18445120          37374201509257501033953507   282.39      3      0     0.00  0.00  0.00
B18445120          37374201509257501037901030   519.49      4      0     0.00  0.00  0.00
B18445120          37374201509257501009071457   471.68      4      0     0.00  0.00  0.00
B18445120          37374201509257501033952784   614.43      4      0     0.00  0.00  0.00
B18445120          37374201509257501037950526   456.95      4      0     0.00  0.00  0.00
B18445120          37374201509257501033954412   720.58      4      0     0.00  0.00  0.00
B18445120          37374201509257501033920325   278.58      4      0     0.00  0.00  0.00
B18445120          37374201509257501092701033    77.20      4      0     0.00  0.00  0.00
B18445120          37374201509257501328979564   405.37      4      0     0.00  0.00  0.00
B18445120          37374201509257501328979656   672.23      4      0     0.00  0.00  0.00
B18445120          37374201509257501089800664   474.98      8      0     0.00  0.00  0.00
B18445120          37374201509257501089803177   165.24      8      0     0.00  0.00  0.00
B18445120          37374201509257501871720682   353.46      4      0     0.00  0.00  0.00
B18445120          37374201509257501871720590   719.62     14      0     0.00  0.00  0.00
B18445120          37374201509257501082212136   893.24      4      0     0.00  0.00  0.00
B18445120          37374201509257501871720750   352.60      4      0     0.00  0.00  0.00
B18445121          37374201509257501122960317   276.17      2      0     0.00 23.07  8.00
B18445121          37374201509257501123011704   259.64      4      0     0.00 23.07  8.00
B18445121          37374201509257501123013807   241.16      4      0     0.00 16.66  8.00
B18445121          37374201509257501122969808   113.17      4      0     0.00 23.07  8.00
B18445121          37374201509257501123016907   334.55      4      0     0.00 16.66  8.00
B18445121          37374201509257501122961901   260.60      4      0     0.00 23.07  8.00
B18445121          37374201509257501390912766   496.10      4      0    16.00  0.00  8.00
