B18598480          37369201510217501082224214   969.30      4      0     0.00  0.00  0.00
B18598480          37369201510217501098633260   473.00     15      0     0.00  0.00  0.00
B18598480          37369201510217501165006683   310.14      3      0     0.00  0.00  0.00
B18598480          37369201510217501092777212   384.02     10      0     0.00  0.00  0.00
B18598480          37369201510217502216930575   143.60      5      0     0.00  0.00  0.00
B18598480          37369201510217501050625272    82.85     10      0    16.00  0.00  0.00
B18598480          37369201510217501022101681   118.47      3      0     0.00  6.00  0.00
B18598480          37369201510217501092776413   236.82      2      0     0.00  0.00  0.00
B18598480          37369201510217501037905588   489.91     10      0     0.00  0.00  0.00
B18598480          37369201510217501037908671   714.88      5      0     0.00  0.00  0.00
B18598480          37369201510217501089803351   152.28      4      0     0.00  0.00  0.00
B18598480          37369201510217501033957871   541.35      5      0     0.00  0.00  0.00
B18598480          37369201510218027950210510   403.00      4      0     0.00  0.00  0.00
B18598480          37369201510217501324402868   422.00      2      0     0.00  0.00  0.00
B18598480          37369201510217501298204987   340.05      3      0     0.00  0.00  0.00
B18598480          37369201510217501324403223   510.00      2      0     0.00  0.00  0.00
B18598480          37369201510217501298205038   411.87      3      0     0.00  0.00  0.00
B18598480          37369201510217501033953057   173.89      4      0     0.00  0.00  0.00
B18598480          37369201510217501033954412   720.58      8      0     0.00  0.00  0.00
B18598480          37369201510217501037980165   394.15      5      0     0.00  0.00  0.00
B18598480          37369201510217501009005407   245.22      3      0     0.00  0.00  0.00
B18598480          37369201510217501009005414   733.65      1      0     0.00  0.00  0.00
B18598480          37369201510217501328979229   780.07      5      0     0.00  0.00  0.00
B18598480          37369201510217501092701033    77.20      2      0     0.00  0.00  0.00
B18598480          37369201510217501328979564   425.63     10      0     0.00  0.00  0.00
B18598480          37369201510217501328979601   949.87      3      0     0.00  0.00  0.00
B18598480          37369201510217501092743064   181.21     30      0     0.00  0.00  0.00
B18598480          37369201510217501089801166   295.49      5      0     0.00  0.00  0.00
B18598480          37369201510217501089801173   576.72      5      0     0.00  0.00  0.00
B18598480          37369201510217501328979113   342.63      1      0     0.00  0.00  0.00
B18598480          37369201510217501089809438   116.64      2      0     0.00  0.00  0.00
B18598480          37369201510217501871720668   157.78      5      0     0.00  0.00  0.00
B18598480          37369201510217501871720682   353.46     10      0     0.00  0.00  0.00
B18598480          37369201510217501871720590   719.62     20      0     0.00  0.00  0.00
B18598480          37369201510217501082212136   893.24     10      0     0.00  0.00  0.00
B18598480          37369201510217501089804327   210.60      3      0     0.00  0.00  0.00
B18598480          37369201510217501871720774   161.92      5      0     0.00  0.00  0.00
B18598480          37369201510217501098611329   405.00     40      0     0.00  0.00  0.00
B18598480          37369201510217501037980189   722.26      5      0     0.00  0.00  0.00
B18598480          37369201510218027950210497   714.00      5      0     0.00  0.00  0.00
B18598480          37369201510213401053831356    59.66      5      0    16.00  0.00  0.00
B18598480          37369201510217841141003740   568.42      5      0     0.00  0.00  0.00
B18598480          37369201510217501033958854   526.66      2      0     0.00  0.00  0.00
B18598480          37369201510217730979095464   281.59      2      0     0.00  0.00  0.00
B18598481          37369201510217501287688361   667.51      2      0     0.00  0.00 18.00
B18598481          37369201510217503003746287  1080.00      2      0     0.00  0.00 18.00
B18598481          37369201510217501326003162   601.55      5      0     0.00  0.00 18.00
B18598481          37369201510217501326000864  1035.49     26      0     0.00  0.00 18.00
B18598481          37369201510217501201400567   363.86      5      0     0.00  0.00 18.00
B18598481          37369201510217501201400581   655.73      5      0     0.00  0.00 18.00
B18598481          37369201510217503003746348  2067.20      2      0     0.00  0.00 18.00
B18598481          37369201510217501287613516   647.82      5      0     0.00  0.00 18.00
B18598481          37369201510217501326007368  1085.76      8      0     0.00  0.00 18.00
B18598481          37369201510217501142936286   747.33      8      0     0.00  0.00 18.00
B18598481          37369201510217501326000888   685.70      6      0     0.00  0.00 18.00
B18598481          37369201510217501326004060   486.26     10      0     0.00  0.00 18.00
B18598481          37369201510217501201490797   494.46      5      0     0.00  0.00 18.00
B18598481          37369201510217501201400710   329.33      8      0    16.00  0.00 18.00
B18598481          37369201510217501326008402   975.88     10      0     0.00  0.00 18.00
B18598481          37369201510217501328977980   255.96      5      0     0.00  0.00 18.00
B18598481          37369201510217501201400352   649.91      5      0     0.00  0.00 18.00
B18598481          37369201510217501201400482   512.79      2      0     0.00  0.00 18.00
B18598481          37369201510217501142911306   272.36      7      0     0.00  0.00 18.00
B18598481          37369201510217501108712374   648.20      2      0     0.00  0.00 18.00
B18598481          37369201510217501326000383   734.45      4      0     0.00  0.00 18.00
B18598481          37369201510217501201400659   431.46      8      0    16.00  0.00 18.00
B18598481          37369201510217501326001137   888.34     20      0     0.00  0.00 18.00
B18598481          37369201510217501326001977  1187.82     35      0     0.00  0.00 18.00
B18598482          3736920151021 736085400984   440.60      2      0     0.00  0.00 18.00
B18598482          37369201510217501094917012   987.66      2      0     0.00  0.00 18.00
B18598482          37369201510217501250839233   598.08      5      0     0.00  4.76 18.00
B18598482          37369201510217501088617959   461.28      2      0    16.00  0.00 18.00
B18598482          37369201510217501070648022   694.00      2      0     0.00  9.09 18.00
B18598482          3736920151021 736085905373   694.22      5      0     0.00  0.00 18.00
B18598482          37369201510217501124103118   203.11      5      0     0.00  0.00 18.00
B18598482          37369201510217501250813295   934.60     15      0     0.00  0.00 18.00
B18598482          37369201510217501314704927   203.03      5      0     0.00  0.00 18.00
B18598482          37369201510217501168890180   334.56      5      0     0.00  0.00 18.00
B18598482          37369201510217501250838939   469.34     10      0     0.00  4.76 18.00
B18598482          37369201510217501094914103   186.33      3      0     0.00  0.00 18.00
B18598482          37369201510217501124816520   219.76      3      0     0.00  0.00 18.00
B18598482          37369201510217501070903435   400.89      2      0     0.00  0.00 18.00
B18598482          37369201510217501384541248   876.09      5      0     0.00  0.00 18.00
B18598482          37369201510213282776088209   214.69      1      0    16.00  0.00 18.00
B18598482          37369201510217501070903695   318.40      5      0     0.00  0.00 18.00
B18598482          37369201510217501088504501   272.61     15      0     0.00  0.00 18.00
B18598482          37369201510217501250810645   290.08     10      0     0.00  4.76 18.00
B18598482          37369201510217501168810508   394.42      5      0     0.00  0.00 18.00
B18598482          37369201510217501299307175   254.96      8      0     0.00  0.00 18.00
B18598482          37369201510217501250838311   946.01      3      0     0.00  4.76 18.00
B18598482          37369201510217501293201523   499.37      2      0    16.00  0.00 18.00
B18598482          37369201510217502209290587   486.11      2      0     0.00  0.00 18.00
B18598482          37369201510217501273500073   171.49      5      0    16.00  0.00 18.00
B18598482          37369201510217501314701759   215.92      5      0     0.00  0.00 18.00
B18598482          37369201510218429420058705   352.00      1      0    16.00  0.00 18.00
B18598482          37369201510217501299307168   586.65      5      0     0.00  0.00 18.00
B18598482          37369201510217503007704658   306.57      5      0     0.00  0.00 18.00
B18598482          37369201510217501022110263   407.00     10      0     0.00  0.00 18.00
B18598482          37369201510217501314705535   744.45      4      0     0.00  0.00 18.00
B18598482          37369201510217501124813192   422.80      4      0     0.00  0.00 18.00
B18598482          3736920151021 736085280005   317.61      8      0    16.00  0.00 18.00
B18598482          37369201510217502261160767   535.34      8      0     0.00  0.00 18.00
B18598482          37369201510217501124810863   991.84      3      0     0.00  0.00 18.00
B18598482          37369201510217501168810713   482.98      8      0     0.00  0.00 18.00
B18598482          37369201510217501080911178   161.22      2      0    16.00  0.00 18.00
B18598482          37369201510217501314701711   114.20      5      0     0.00  0.00 18.00
B18598482          37369201510217501088504808   443.26     30      0     0.00  0.00 18.00
B18598482          37369201510217501124855208   310.00      5      0     0.00  0.00 18.00
B18598482          37369201510217501250818689   363.41     10      0     0.00  4.76 18.00
B18598482          37369201510213282776432026   106.21      3      0    16.00  0.00 18.00
B18598483          37369201510217501033956140    44.37     40      0    16.00  0.00  5.00
B18598483          37369201510217501033954078    42.89     40      0    16.00  0.00  5.00
B18598483          37369201510217501088507007   498.67      5      0     0.00  0.00  5.00
B18598484          37369201510217501033950636    58.81     40      0     0.00  0.00  8.00
B18598484          37369201510217501122967019   301.07      2      0     0.00  9.09  8.00
B18598484          37369201510217501123010608   254.76     10      0     0.00  9.09  8.00
B18598485          37369201510217501318626522   334.07      4      0     0.00  0.00 10.00
B18598485          37369201510217501318620186   787.00      4      0     0.00  0.00 10.00
B18598485          37369201510217703331157506   279.64      5      0     0.00  0.00 10.00
B18598485          37369201510217705849004013   319.20      3      0    16.00  0.00 10.00
B18598485          37369201510217501318600508  1179.68      5      0     0.00  0.00 10.00
B18598485          37369201510217501318612655    62.80      2      0     0.00  0.00 10.00
B18598485          37369201510217501318634732    84.55      5      0     0.00  0.00 10.00
B18598485          37369201510214019338605159   323.57     10      0     0.00  0.00 10.00
B18598486          37369201510213337872418587   260.54      2      0    16.00  0.00 14.00
B18598487          37369201510217501101606236   480.80      5      0     0.00  0.00 15.00
B18598487          37369201510217501101612084   504.05      6      0     0.00  0.00 15.00
B18598487          37369201510217501289514460   253.51     40      0     0.00  0.00 15.00
B18598487          37369201510217501101649097   671.79     10      0     0.00  0.00 15.00
B18598487          37369201510217503006916724   423.12      5      0     0.00  0.00 15.00
B18598487          37369201510213700028501509   424.79      4      0    16.00  0.00 15.00
B18599769          37370201510217501250818689   363.41     20      0     0.00  4.76 18.00
B18599769          37370201510217501088504501   272.61     20      0     0.00  0.00 18.00
B18599769          37370201510217501250838939   469.34     15      0     0.00  4.76 18.00
B18599769          37370201510217501124103118   203.11     10      0     0.00  0.00 18.00
B18599769          37370201510214035710006628   167.01      6      0    16.00 16.66 18.00
B18599769          37370201510218470002358201   540.00      2      0    16.00 15.00 18.00
B18599769          37370201510218470002456938   976.00      2      0    16.00  0.00 18.00
B18599769          37370201510217501088504808   443.26     30      0     0.00  0.00 18.00
B18599770          37370201510217502003560572   221.52      3      0    16.00  0.00  8.00
B18599771          37370201510217501009071938  1099.47      1      0     0.00  0.00  0.00
B18599771          37370201510217501082212228   867.52      3      0     0.00  0.00  0.00
B18599771          37370201510217501098611329   405.00     80      0     0.00  0.00  0.00
B18599771          37370201510217501098633260   473.00     80      0     0.00  0.00  0.00
B18599771          37370201510217501298214207   378.95      2      0     0.00  0.00  0.00
B18599771          37370201510217501328979229   780.07      2      0     0.00  0.00  0.00
B18599771          37370201510217501072340603   434.75      2      0     0.00  0.00  0.00
B18599771          37370201510217501871720682   353.46     10      0     0.00  0.00  0.00
B18599771          37370201510217501871720590   719.62     40      0     0.00  0.00  0.00
B18599771          37370201510217501092777212   384.02     20      0     0.00  0.00  0.00
B18599771          37370201510217501033957970   523.67      2      0     0.00  0.00  0.00
B18599771          37370201510217501033958861   893.57      5      0     0.00  0.00  0.00
B18599771          37370201510217501092777229   633.27     27      0     0.00  0.00  0.00
B18599771          37370201510217501871721214   739.30     30      0     0.00  0.00  0.00
B18599771          37370201510218020030053106   380.01      5      0     0.00  0.00  0.00
B18599771          37370201510217501082242454   867.52      5      0     0.00  0.00  0.00
B18599771          37370201510217841141003436   255.61     79      0     0.00  0.00  0.00
B18599772          37370201510217501101654985   657.67     20      0     0.00  0.00 15.00
B18599772          37370201510217501101615856   499.90     20      0     0.00  0.00 15.00
B18599772          37370201510217501101649035   500.73     18      0     0.00  0.00 15.00
B18599772          37370201510217501101649097   671.79     20      0     0.00  0.00 15.00
B18599773          37370201510217501326008402   975.88     20      0     0.00  0.00 18.00
B18599773          37370201510217501326000925   513.27     10      0     0.00  0.00 18.00
B18599773          37370201510217501326001137   888.34     10      0     0.00  0.00 18.00
B18599773          37370201510217501326000864  1035.49     20      0     0.00  0.00 18.00
B18599773          37370201510217501326001977  1187.82     60      0     0.00  0.00 18.00
B18599773          37370201510217501326004176   459.72     81      0     0.00  0.00 18.00
B18599773          37370201510217502216930551   329.20     10      0     0.00  5.00 18.00
B18599774          37370201510217703281007616   552.00     10      0    16.00  0.00 10.00
B18598468          37372201510217501022110348   648.00     50      0     0.00  5.00 18.00
B18598468          3737220151021 736085905373   694.22     20      0     0.00  0.00 18.00
B18598468          37372201510217501250810645   290.08     10      0     0.00  4.76 18.00
B18598468          37372201510217501299302330   202.21      6      0     0.00  0.00 18.00
B18598468          3737220151021 786759213075    10.60    800      0     0.00  0.00 18.00
B18598468          37372201510217501088505126    84.74     30      0     0.00  0.00 18.00
B18598468          37372201510217501314701773   350.37     10      0     0.00  0.00 18.00
B18598468          3737220151021 786759200877    10.60    150      0     0.00  0.00 18.00
B18598468          3737220151021 786759200624    12.34     75      0     0.00  0.00 18.00
B18598468          37372201510217501385494215   375.20     20      0     0.00  0.00 18.00
B18598468          37372201510217501314701360   668.31     20      0     0.00  0.00 18.00
B18598468          3737220151021 008400000446   215.74     10      0     0.00  9.09 18.00
B18598468          37372201510217501250813295   934.60     50      0     0.00  0.00 18.00
B18598468          37372201510217501314701322   634.47     20      0     0.00  0.00 18.00
B18598468          37372201510217503007704658   306.57     10      0     0.00  0.00 18.00
B18598469          37372201510217501009071938  1099.47      2      0     0.00  0.00  0.00
B18598469          37372201510217501092777212   384.02     10      0     0.00  0.00  0.00
B18598469          37372201510217501098611329   405.00     50      0     0.00  0.00  0.00
B18598469          37372201510217501098633260   473.00     75      0     0.00  0.00  0.00
B18598469          37372201510217501098605755   369.00      2      0     0.00  0.00  0.00
B18598469          37372201510217501033952760   275.74     30      0     0.00  0.00  0.00
B18598469          37372201510217501033954412   720.58     10      0     0.00  0.00  0.00
B18598469          37372201510217501092760016   210.00      5      0     0.00  0.00  0.00
B18598469          37372201510217501092771975   215.23     60      0     0.00  0.00  0.00
B18598469          37372201510217501089808936   345.38      5      0     0.00  0.00  0.00
B18598469          37372201510217501089808943   673.92      5      0     0.00  0.00  0.00
B18598469          37372201510217501871720682   353.46     20      0     0.00  0.00  0.00
B18598469          37372201510217501328979564   425.63     10      0     0.00  0.00  0.00
B18598470          37372201510215702191008098   205.65      5      0     0.00  0.00  8.00
B18598471          37372201510217501318685499  1651.88     15      0     0.00  0.00 10.00
B18598471          37372201510217502209290921   489.80     10      0     0.00  0.00 10.00
B18598471          37372201510217501318629301   539.43     30      0     0.00  0.00 10.00
B18598472          37372201510217501289514460   253.51     75      0     0.00  0.00 15.00
B18598473          37372201510217501287620507   482.43     30      0     0.00  0.00 18.00
B18598473          37372201510217501201400659   431.46     10      0    16.00  0.00 18.00
B18598473          37372201510217501108767893  1279.72      3      0     0.00  0.00 18.00
B18598473          37372201510217501094914431   464.08     30      0     0.00  0.00 18.00
B18598473          37372201510217501326000864  1035.49     40      0     0.00  0.00 18.00
B18598473          37372201510217501287624529  1260.51     20      0     0.00  0.00 18.00
B18598473          3737220151021 300090887018   362.49     45      0     0.00  0.00 18.00
B18598473          37372201510217501049721176   269.55      4      0     0.00  0.00 18.00
B18598473          37372201510217501287652362   582.61     20      0     0.00  9.09 18.00
B18598474          37372201510217501033955693   238.47      2      0    16.00  0.00  5.00
B18598474          37372201510217506205802690   228.00      5      0     0.00  0.00  5.00
B18599762          37373201510217501088504365   495.74     10      0     0.00  0.00 18.00
B18599762          37373201510217501088504501   272.61     10      0     0.00  0.00 18.00
B18599762          37373201510217501250838786   528.82     10      0     0.00  0.00 18.00
B18599762          37373201510217501070615277   352.36     25      0     0.00  9.09 18.00
B18599762          37373201510217501250838212   404.97     10      0     0.00  4.76 18.00
B18599762          37373201510217501250818689   363.41     20      0     0.00  4.76 18.00
B18599762          37373201510217501088504808   443.26     18      0     0.00  0.00 18.00
B18599762          37373201510217502209290181   438.71      5      0     0.00  0.00 18.00
B18599762          37373201510217501088507755   951.18      5      0     0.00  0.00 18.00
B18599762          37373201510217501299307168   586.65     18      0     0.00  0.00 18.00
B18599762          37373201510217501022110263   407.00     20      0     0.00  0.00 18.00
B18599762          3737320151021 736085126006   193.30      5      0     0.00  0.00 18.00
B18599762          37373201510217503007704658   306.57     15      0     0.00  0.00 18.00
B18599762          37373201510217502213142131   249.84      5      0     0.00  9.09 18.00
B18599762          37373201510217501250810645   290.08     10      0     0.00  4.76 18.00
B18599762          37373201510217501168810713   482.98      5      0     0.00  0.00 18.00
B18599762          37373201510217501094916848  1020.25     10      0     0.00  0.00 18.00
B18599762          37373201510217501314704934   313.01      5      0     0.00  0.00 18.00
B18599762          37373201510217501168890180   334.56      5      0     0.00  0.00 18.00
B18599762          37373201510217501124814052   824.72     10      0     0.00  0.00 18.00
B18599762          37373201510217501250813295   934.60     10      0     0.00  0.00 18.00
B18599762          37373201510217501258203234   697.87      5      0     0.00  0.00 18.00
B18599762          37373201510217501385494192   282.40     10      0     0.00  0.00 18.00
B18599762          37373201510217501088617553   634.64      3      0     0.00  0.00 18.00
B18599762          37373201510217501299307205   398.21      3      0     0.00  0.00 18.00
B18599762          3737320151021 736085156096   175.90      2      0     0.00  0.00 18.00
B18599762          37373201510218470002456938   976.00      2      0    16.00  0.00 18.00
B18599762          37373201510218470002358201   540.00      2      0    16.00 15.00 18.00
B18599762          37373201510217501258203227   465.51      2      0     0.00  0.00 18.00
B18599762          37373201510217501168810508   394.42      5      0     0.00  0.00 18.00
B18599762          37373201510217501070902384   325.67      3      0     0.00  0.00 18.00
B18599762          37373201510213282776432026   106.21      3      0    16.00  0.00 18.00
B18599762          3737320151021 736085905373   694.22     10      0     0.00  0.00 18.00
B18599762          37373201510217501092780038   226.31      3      0     0.00  0.00 18.00
B18599762          37373201510217501293200946  1189.33      3      0     0.00  0.00 18.00
B18599762          37373201510217501070903695   318.40     10      0     0.00  0.00 18.00
B18599762          37373201510217501168810621   172.20      1      0     0.00  0.00 18.00
B18599762          37373201510217501124763022   353.66      1      0     0.00  0.00 18.00
B18599763          37373201510217503013040863   187.52      5      0     0.00  0.00  5.00
B18599763          37373201510217506205805028   223.27      5      0     0.00  0.00  5.00
B18599764          37373201510213499320002448   596.99      2      0     0.00  0.00  8.00
B18599765          37373201510217501009071471   137.35      5      0     0.00  0.00  0.00
B18599765          37373201510217501033954412   720.58     10      0     0.00  0.00  0.00
B18599765          37373201510217501409201270   325.98      5      0     0.00  0.00  0.00
B18599765          37373201510217501324402868   422.00      3      0     0.00  0.00  0.00
B18599765          37373201510217501298209067   282.18     10      0     0.00  0.00  0.00
B18599765          37373201510215034642021753   620.96      5      0     0.00  0.00  0.00
B18599765          37373201510215034642032575   661.86      5      0     0.00  0.00  0.00
B18599765          37373201510217501009071938  1099.47     10      0     0.00  0.00  0.00
B18599765          37373201510217501092760016   210.00     10      0     0.00  0.00  0.00
B18599765          37373201510217501089803160    90.07      5      0     0.00  0.00  0.00
B18599765          37373201510217501098611305   284.00     15      0     0.00  0.00  0.00
B18599765          37373201510217501098611329   405.00     18      0     0.00  0.00  0.00
B18599765          37373201510217501098610803   183.00     10      0     0.00  0.00  0.00
B18599765          37373201510217501871720682   353.46     10      0     0.00  0.00  0.00
B18599765          37373201510217501871720590   719.62     25      0     0.00  0.00  0.00
B18599765          37373201510217501098633253   262.00      2      0     0.00  0.00  0.00
B18599765          37373201510217501082212136   893.24     10      0     0.00  0.00  0.00
B18599765          37373201510217501037946246   762.43      5      0     0.00  0.00  0.00
B18599765          37373201510217501037905588   489.91     15      0     0.00  0.00  0.00
B18599765          37373201510217501033921759   286.35      5      0     0.00  0.00  0.00
B18599765          37373201510217501082224214   969.30     18      0     0.00  0.00  0.00
B18599765          37373201510217501098633260   473.00     18      0     0.00  0.00  0.00
B18599765          37373201510217501089801180   304.56      3      0     0.00  0.00  0.00
B18599765          37373201510217501050625272    82.85     10      0    16.00  0.00  0.00
B18599765          37373201510217501098607834   421.00      2      0     0.00  0.00  0.00
B18599765          37373201510217501871721214   739.30     25      0     0.00  0.00  0.00
B18599765          37373201510217841141003436   255.61     25      0     0.00  0.00  0.00
B18599766          37373201510217501101615856   499.90     10      0     0.00  0.00 15.00
B18599766          37373201510217501101649097   671.79     15      0     0.00  0.00 15.00
B18599767          37373201510217703331157506   279.64      3      0     0.00  0.00 10.00
B18599767          37373201510217501390910991   296.84      5      0     0.00  0.00 10.00
B18599767          37373201510217705849004037   559.20      2      0    16.00  0.00 10.00
B18599767          37373201510217501318600508  1179.68      5      0     0.00  0.00 10.00
B18599767          37373201510217501303457513   292.20      2      0     0.00  0.00 10.00
B18599767          37373201510217501293201660   323.57     10      0     0.00  0.00 10.00
B18599768          37373201510217501326000864  1035.49     10      0     0.00  0.00 18.00
B18599768          37373201510217501326004176   459.72     25      0     0.00  0.00 18.00
B18599768          37373201510217501201400352   649.91      5      0     0.00  0.00 18.00
B18599768          37373201510217501201400567   363.86      5      0     0.00  0.00 18.00
B18599768          37373201510217501287686237   301.37      3      0     0.00 16.66 18.00
B18599768          37373201510217501287669001   137.77      5      0     0.00  0.00 18.00
B18599768          37373201510217501201400710   329.33     25      0    16.00  0.00 18.00
B18599768          37373201510217501108767923  1278.70      5      0     0.00  0.00 18.00
B18599768          37373201510217501201400635   751.62      5      0     0.00  0.00 18.00
B18599768          37373201510217501326000383   734.45      5      0     0.00  0.00 18.00
B18599768          37373201510217501326004947   909.98     25      0     0.00  0.00 18.00
B18599768          37373201510217501326007368  1085.76      3      0     0.00  0.00 18.00
B18599768          37373201510217501326008396   932.20      2      0     0.00  0.00 18.00
B18599768          37373201510217501326008402   975.88     20      0     0.00  0.00 18.00
B18599768          37373201510217501326001137   888.34     10      0     0.00  0.00 18.00
B18599768          37373201510217501326001977  1187.82     25      0     0.00  0.00 18.00
B18598475          37374201510214019338605159   323.57      5      0     0.00  0.00 10.00
B18598475          37374201510217501303451573  1561.46      3      0     0.00  0.00 10.00
B18598476          37374201510217501089803351   152.28      5      0     0.00  0.00  0.00
B18598476          37374201510217501037965148  1146.02      5      0     0.00  0.00  0.00
B18598476          37374201510217501037965131  1134.93      5      0     0.00  0.00  0.00
B18598476          37374201510218027950210497   714.00     10      0     0.00  0.00  0.00
B18598476          37374201510218430308413516   225.96      5      0     0.00  0.00  0.00
B18598476          37374201510217501037950526   456.95     10      0     0.00  0.00  0.00
B18598476          37374201510217501324402288   208.00      6      0     0.00  0.00  0.00
B18598476          37374201510217501328979229   780.07     20      0     0.00  0.00  0.00
B18598476          37374201510217501089800664   486.00     10      0     0.00  0.00  0.00
B18598476          37374201510217501033954412   720.58     19      0     0.00  0.00  0.00
B18598476          37374201510217501324402516   356.00      6      0     0.00  0.00  0.00
B18598476          37374201510217501871720682   353.46     15      0     0.00  0.00  0.00
B18598476          37374201510217501871720590   719.62     40      0     0.00  0.00  0.00
B18598476          37374201510217501082212280   641.46     10      0     0.00  0.00  0.00
B18598476          37374201510217501092777212   384.02     20      0     0.00  0.00  0.00
B18598476          37374201510217501050625272    82.85     24      0    16.00  0.00  0.00
B18598476          37374201510217501871721214   739.30     40      0     0.00  0.00  0.00
B18598476          37374201510217501098611329   405.00     40      0     0.00  0.00  0.00
B18598476          37374201510217501033921759   286.35      5      0     0.00  0.00  0.00
B18598476          37374201510217501098633260   473.00     25      0     0.00  0.00  0.00
B18598477          37374201510217501101615856   499.90     24      0     0.00  0.00 15.00
B18598477          37374201510217501101649097   671.79     24      0     0.00  0.00 15.00
B18598478          37374201510217501088513527   665.72      6      0     0.00  0.00 18.00
B18598478          37374201510217501250838786   528.82     25      0     0.00  0.00 18.00
B18598478          37374201510217501088507632   464.75      6      0     0.00  0.00 18.00
B18598478          37374201510214030571000389   318.47      5      0    16.00 16.66 18.00
B18598478          37374201510217501088504808   443.26     40      0     0.00  0.00 18.00
B18598478          37374201510217503007704658   306.57     15      0     0.00  0.00 18.00
B18598478          3737420151021 736085280005   317.61     10      0    16.00  0.00 18.00
B18598478          37374201510217501273500073   171.49      5      0    16.00  0.00 18.00
B18598478          37374201510217501250813530   748.01     35      0     0.00  4.76 18.00
B18598478          37374201510217501314705535   744.45      5      0     0.00  0.00 18.00
B18598478          37374201510217501070902384   325.67     10      0     0.00  0.00 18.00
B18598478          37374201510217501088513510   665.72      6      0     0.00  0.00 18.00
B18598478          37374201510217501250818689   363.41     30      0     0.00  4.76 18.00
B18598479          37374201510217501326008402   975.88     15      0     0.00  0.00 18.00
B18598479          37374201510217501326001137   888.34     15      0     0.00  0.00 18.00
B18598479          37374201510217501326000864  1035.49     10      0     0.00  0.00 18.00
B18598479          37374201510217501326004060   486.26     10      0     0.00  0.00 18.00
B18598479          37374201510217501326004176   459.72     80      0     0.00  0.00 18.00
B18598479          37374201510217501326000383   734.45     10      0     0.00  0.00 18.00
B18598479          37374201510217501326007368  1085.76     10      0     0.00  0.00 18.00
B18598479          37374201510217501050600873   544.79      5      0     0.00  0.00 18.00
