B18814089           5257201511247501298281308    70.04      2      0     0.00  0.00  0.00
B18814089           5257201511247501095409004    37.29     10      0     0.00 10.00  0.00
B18814089           5257201511247501008433515    60.43      2      0     0.00  0.00  0.00
B18814089           5257201511247501328979601   949.87     10      0     0.00  0.00  0.00
B18814089           5257201511247501871720668   157.78     50      0     0.00  0.00  0.00
B18814089           5257201511247501095452505    63.21     10      0     0.00  0.00  0.00
B18814089           5257201511247501037908022   169.43     10      0     0.00  0.00  0.00
B18814089           5257201511247501324402394   280.00      4      0     0.00  0.00  0.00
B18814089           5257201511247501050610018   136.97     30      0     0.00  0.00  0.00
B18814089           5257201511247501034645067    69.13     20      0     0.00  0.00  0.00
B18814090           5257201511247501125118333   343.63     80      0     0.00 14.28 18.00
B18814090           5257201511247501299300787   127.88     30      0     0.00  0.00 18.00
B18814090           5257201511247501299300909   119.09     30      0     0.00  0.00 18.00
B18814090           5257201511247501088579707    91.63    100      0     0.00  0.00 18.00
B18814090           5257201511247501088575396    87.42     70      0     0.00  0.00 18.00
B18814090           5257201511247501299301579   290.93     30      0     0.00  0.00 18.00
B18814090           5257201511247501094910723   324.21     10      0     0.00  0.00 18.00
B18814090           5257201511247503008821019   154.29      1      0    16.00 16.66 18.00
B18814090           5257201511247501299307236    43.96     50      0     0.00  0.00 18.00
B18814090           5257201511247501299306772   119.89     10      0     0.00  0.00 18.00
B18814090           5257201511247501250810614   462.11      3      0     0.00 16.66 18.00
B18814090           5257201511247501299300107   388.44      5      0     0.00  0.00 18.00
B18814091           5257201511247501390911561   299.30      4      0     0.00  0.00 10.00
