B18509955           2766201510067501033950827   486.91     20      0     0.00  0.00  0.00
B18505758          37374201510067501168890166   244.36      5      0     0.00  0.00 18.00
B18505758          37374201510067501250838786   528.82     10      0     0.00  0.00 18.00
B18505758          37374201510067501250818689   363.41     10      0     0.00  4.76 18.00
B18505758          3737420151006 736085905373   694.22      5      0     0.00  0.00 18.00
B18505758          37374201510064030571000389   318.47      5      0    16.00  0.00 18.00
B18505758          37374201510067501314703227   287.63      5      0     0.00  0.00 18.00
B18505758          3737420151006 736085280005   317.61      5      0    16.00  0.00 18.00
B18505758          37374201510067501094914103   186.33      5      0     0.00  0.00 18.00
B18505758          37374201510067503007704658   306.57     10      0     0.00  0.00 18.00
B18505758          37374201510067501273500073   171.49      5      0    16.00  0.00 18.00
B18505759          37374201510067503013040863   187.52      7      0     0.00  0.00  5.00
B18505760          37374201510067501043166522   705.24      5      0     0.00  0.00  0.00
B18505760          37374201510065034642032575   661.86      5      0     0.00  0.00  0.00
B18505760          37374201510067501009071938  1099.47      5      0     0.00  0.00  0.00
B18505760          37374201510067501009071457   471.68      5      0     0.00  0.00  0.00
B18505760          37374201510068430308413516   225.96      5      0     0.00  0.00  0.00
B18505760          37374201510067501324402868   422.00      5      0     0.00  0.00  0.00
B18505760          37374201510067501871720682   353.46      5      0     0.00  0.00  0.00
B18505760          37374201510067501871720774   161.92      5      0     0.00  0.00  0.00
B18505760          37374201510067501098611329   405.00     15      0     0.00  0.00  0.00
B18505760          37374201510067501037980189   722.26      5      0     0.00  0.00  0.00
B18505760          37374201510067501037950526   456.95      5      0     0.00  0.00  0.00
B18505760          37374201510067501033954412   720.58      5      0     0.00  0.00  0.00
B18505760          37374201510067501089800664   486.00     10      0     0.00  0.00  0.00
B18505760          37374201510067501089803177   171.72      5      0     0.00  0.00  0.00
B18505760          37374201510067501033921759   286.35      5      0     0.00  0.00  0.00
B18505760          37374201510067501098633260   473.00     10      0     0.00  0.00  0.00
B18505760          37374201510067501092777212   384.02     10      0     0.00  0.00  0.00
B18505760          37374201510067501050625272    82.85      5      0    16.00  0.00  0.00
B18505760          37374201510067501089803351   152.28      5      0     0.00  0.00  0.00
B18505760          37374201510067501033958861   893.57      5      0     0.00  0.00  0.00
B18505761          37374201510067501122960317   276.17      2      0     0.00 23.07  8.00
B18505761          37374201510067501122969808   113.17      5      0     0.00 23.07  8.00
B18505762          37374201510067501303451573  1561.46      3      0     0.00  0.00 10.00
B18505762          37374201510067703331157506   279.64      5      0     0.00  0.00 10.00
B18505763          37374201510067501101615856   499.90     25      0     0.00  0.00 15.00
B18505763          37374201510067501101649097   671.79     25      0     0.00  0.00 15.00
B18505763          37374201510067501101654985   657.67      6      0     0.00  0.00 15.00
B18505764          37374201510067501326000383   734.45     10      0     0.00  0.00 18.00
B18505764          37374201510067501326001137   888.34      5      0     0.00  0.00 18.00
B18505764          37374201510067501326008402   975.88     15      0     0.00  0.00 18.00
B18505764          37374201510067501326000864  1035.49     10      0     0.00  0.00 18.00
B18505764          37374201510067501326004060   486.26      5      0     0.00  0.00 18.00
B18505764          37374201510067501326004176   459.72      5      0     0.00  0.00 18.00
B18505764          37374201510067501287624529  1260.51     15      0     0.00  0.00 18.00
B18505764          37374201510067501050600873   544.79      5      0     0.00  0.00 18.00
B18505764          37374201510067501326007368  1085.76      5      0     0.00  0.00 18.00
