B19285957           5223201602157501124812874    80.21      1      0     0.00  0.00 18.00
B19285957           522320160215     75004088   129.08      1      0     0.00  0.00 18.00
B19285958           5223201602157501088509766    54.20      1      0     0.00  0.00  0.00
B19285958           5223201602157501082212136   937.92      1      0     0.00  0.00  0.00
B19285958           5223201602157501098603867    86.34      2      0     0.00  0.00  0.00
B19285958           5223201602157501001164003    29.01      5      0    16.00  0.00  0.00
B19285958           5223201602157501001157296    14.29      1      0    16.00  0.00  0.00
B19285958           5223201602157501061002703    29.30      1      0     0.00  0.00  0.00
B19285958           5223201602157501080950146    34.12      1      0    16.00  0.00  0.00
B19285958           5223201602157501008485033    39.79      1      0     0.00  0.00  0.00
B19285958           5223201602157702018913640    34.70      1      0    16.00  0.00  0.00
B19285959           522320160215 354312225140    17.27      1      0     0.00  0.00 11.00
B19285960           5224201602157501258200080   166.26      1      0     0.00  0.00 18.00
B19285961           5224201602157501287622402    71.41      1      0     0.00  0.00 18.00
B19285962           522420160215 650240004650    14.83      1      0    16.00  0.00  0.00
B19285962           5224201602157501299307236    36.58      3      0     0.00  0.00  0.00
B19285962           5224201602157501300408204   216.88      1      0     0.00  0.00  0.00
B19285962           522420160215 650240001635   258.39      1      0     0.00  0.00  0.00
B19285962           5224201602157501035908246    14.80      1      0    16.00  0.00  0.00
B19285962           5224201602157501159514026   145.17      1      0     0.00  0.00  0.00
B19285962           5224201602157501034630070    88.82      1      0     0.00  0.00  0.00
B19285962           5224201602157501086472017    17.38      1      0    16.00  0.00  0.00
B19285962           522420160215     75000950     8.07      2      0    16.00  0.00  0.00
B19285962           5224201602157501098603867    86.34      1      0     0.00  0.00  0.00
B19285962           5224201602157501048333202    16.09      1      0    16.00  0.00  0.00
B19285962           5224201602157501035900264    20.43      1      0    16.00  0.00  0.00
B19285962           5224201602157501050617697    39.56      1      0     0.00  0.00  0.00
B19285962           5224201602157501054500063    16.15      1      0    16.00  0.00  0.00
B19285962           5224201602157501008486504    16.64      1      0    16.00  0.00  0.00
B19285962           5224201602154005808225941    31.44      1      0    16.00  0.00  0.00
B19285962           5224201602157501050624008    14.53      1      0    16.00  0.00  0.00
B19285962           5224201602157501041941848    64.23      1      0     0.00  0.00  0.00
B19285962           5224201602157501065041012    22.43      1      0    16.00  0.00  0.00
B19285067           5227201602157501124812874    80.21      1      0     0.00  0.00 18.00
B19285068           5227201602157501590211232    83.90      6      0     0.00  0.00  5.00
B19285069           5227201602157501122960317   289.98      1      0     0.00  9.09  8.00
B19285070           5227201602157501108762157   129.20      1      0     0.00  0.00 18.00
B19285070           5227201602157501050610704   294.00      1      0     0.00  0.00 18.00
B19285071           5227201602157501318608900    59.48      3      0     0.00  0.00  0.00
B19285071           5227201602157501318620223   171.73      1      0     0.00  0.00  0.00
B19285071           5227201602157501050611053   299.60      1      0     0.00  0.00  0.00
B19285071           5227201602157501299306277    60.52      1      0     0.00  0.00  0.00
B19285071           5227201602157501299306352    86.45      1      0     0.00  0.00  0.00
B19285071           5227201602157501300408228   125.63      1      0     0.00  0.00  0.00
B19285071           5227201602157501061002703    29.30      1      0     0.00  0.00  0.00
B19285071           5227201602157501050613453    37.50      3      0     0.00  0.00  0.00
B19285071           5227201602157896009490651    72.08      1      0    16.00  0.00  0.00
B19285071           5227201602157501314703173    71.70      1      0     0.00  0.00  0.00
B19285071           5227201602157501092772385   149.16      1      0     0.00  0.00  0.00
B19285071           5227201602157501072300171    61.62      1      0     0.00  0.00  0.00
B19285071           5227201602157501871720668   162.60      1      0     0.00  0.00  0.00
B19285071           5227201602157501080920842    71.02      1      0    16.00  0.00  0.00
B19285071           522720160215     75000950     8.07      4      0    16.00  0.00  0.00
B19285071           5227201602157501080950146    34.12      1      0    16.00  0.00  0.00
B19285071           5227201602157501299306475    57.85      1      0     0.00  0.00  0.00
B19285071           5227201602157501300408136   295.00      1      0     0.00  0.00  0.00
B19285071           522720160215     75001865    16.16      1      0    16.00  0.00  0.00
B19285071           5227201602157501035908239    10.28      4      0    16.00  0.00  0.00
B19285071           522720160215 650240012525    35.76      1      0    16.00  0.00  0.00
B19285071           5227201602157501165008120    19.79      1      0    16.00  0.00  0.00
B19285071           522720160215 650240017100    47.10      1      0     0.00  0.00  0.00
B19285071           5227201602157501050624015    25.99      1      0    16.00  0.00  0.00
B19285071           5227201602157502224227339    51.92      1      0     0.00  0.00  0.00
B19285951           523020160215 714706100307    51.66      1      0     0.00  0.00 18.00
B19285951           5230201602157501124812874    80.21      1      0     0.00  0.00 18.00
B19285951           5230201602157501001258030    62.23      1      0     0.00  0.00 18.00
B19285951           5230201602157501124815677   110.64      1      0     0.00  0.00 18.00
B19285951           5230201602157501124817947    36.53      1      0     0.00  0.00 18.00
B19285951           5230201602157501125103520    26.82      1      0     0.00  0.00 18.00
B19285951           5230201602157501125104794    45.68      1      0     0.00  0.00 18.00
B19285951           5230201602157501250829852   448.15      1      0     0.00  0.00 18.00
B19285952           5230201602157502264950105   289.93      1      0    16.00  0.00  8.00
B19285953           5230201602157501324402868   422.00      1      0     0.00  0.00  0.00
B19285953           5230201602157501318620162   200.75      1      0     0.00  0.00  0.00
B19285953           5230201602157501318620223   171.73      1      0     0.00  0.00  0.00
B19285953           5230201602157501050614641    36.95      1      0     0.00  0.00  0.00
B19285953           5230201602157501095452130    74.18      1      0     0.00  0.00  0.00
B19285953           5230201602157501299303085    44.56      3      0     0.00  0.00  0.00
B19285953           5230201602157501034650580    76.73      1      0     0.00  0.00  0.00
B19285953           5230201602157501165002920    38.53      1      0     0.00  0.00  0.00
B19285953           5230201602157501086472048    17.38      1      0    16.00  0.00  0.00
B19285953           5230201602157501088575396    77.60      1      0     0.00  0.00  0.00
B19285953           5230201602157501089804136   174.96      1      0     0.00  0.00  0.00
B19285953           5230201602157501022105276    12.78      1      0    16.00  0.00  0.00
B19285953           5230201602157501089809506   113.40      1      0     0.00  0.00  0.00
B19285953           5230201602157501086472017    17.38      1      0    16.00  0.00  0.00
B19285953           5230201602157501098603867    86.34      1      0     0.00  0.00  0.00
B19285953           5230201602157501050624640    56.15      1      0     0.00  0.00  0.00
B19285953           5230201602157501048333202    16.09      1      0    16.00  0.00  0.00
B19285953           5230201602157501091440094    14.02      1      0     0.00  0.00  0.00
B19285953           5230201602157501035911376    41.80      1      0    16.00  0.00  0.00
B19285953           5230201602157501035911031    19.03      4      0    16.00  0.00  0.00
B19285953           5230201602157501035916265    35.03      1      0    16.00  0.00  0.00
B19285953           5230201602157501035911369    29.47      2      0    16.00  0.00  0.00
B19285953           5230201602157501080950146    34.12      1      0    16.00  0.00  0.00
B19285953           5230201602157509546000343    15.55      7      0    16.00  0.00  0.00
B19285953           5230201602157501050619943    39.74      1      0     0.00  0.00  0.00
B19285953           5230201602157501165008120    19.79      1      0    16.00  0.00  0.00
B19285953           5230201602157501037908619   120.09      1      0     0.00  0.00  0.00
B19285953           523020160215 650240021138    33.70      2      0     0.00  0.00  0.00
B19285953           5230201602157506309898889    34.30      1      0    16.00  0.00  0.00
B19285953           5230201602157501299301975    89.77      1      0     0.00  0.00  0.00
B19285953           523020160215 650240012525    35.76      1      0    16.00  0.00  0.00
B19285953           5230201602157501300407122    51.88      1      0     0.00  0.00  0.00
B19285954           5230201602157501289511117    69.88      1      0     0.00  0.00 15.00
B19285954           5230201602157501289512749    48.50      1      0    16.00  0.00 15.00
B19285954           5230201602157501289511469    84.18      2      0     0.00  0.00 15.00
B19285955           5230201602157501033956638    26.13      1      0     0.00  0.00 17.00
B19285956           5230201602157501287622402    71.41      1      0     0.00  0.00 18.00
B19285059           523520160215 736085405040    70.54      1      0     0.00  0.00 18.00
B19285059           5235201602157501001258030    62.23      1      0     0.00  0.00 18.00
B19285059           5235201602157501124815486    53.08      1      0     0.00  0.00 18.00
B19285059           5235201602157590002037843    44.57      1      0     0.00  0.00 18.00
B19285060           5235201602157501123018031   166.93      1      0     0.00  9.09  8.00
B19285061           5235201602157501041941848    64.23      1      0     0.00  0.00  0.00
B19285061           5235201602157506309898872    34.30      1      0    16.00  0.00  0.00
B19285061           5235201602157506309898889    34.30      2      0    16.00  0.00  0.00
B19285061           5235201602157506309839110    34.31      3      0    16.00  0.00  0.00
B19285061           5235201602157501298249902    55.36      1      0     0.00  0.00  0.00
B19285061           5235201602157501318620162   200.75      1      0     0.00  0.00  0.00
B19285061           5235201602157501050617055    32.91      1      0     0.00  0.00  0.00
B19285061           5235201602157501095476495    24.56      2      0     0.00  0.00  0.00
B19285061           5235201602157501034645012   104.01      2      0     0.00  0.00  0.00
B19285061           5235201602157501318620223   171.73      2      0     0.00  0.00  0.00
B19285061           5235201602157501318670891   253.52      1      0     0.00  0.00  0.00
B19285061           523520160215 650240011153    75.62      1      0     0.00  0.00  0.00
B19285061           5235201602157501008448243   167.68      1      0     0.00  0.00  0.00
B19285061           5235201602157501037908084    65.89      3      0     0.00  9.09  0.00
B19285061           5235201602157501086494262    20.26      1      0    16.00  0.00  0.00
B19285061           5235201602157501165002920    38.53      1      0     0.00  0.00  0.00
B19285061           5235201602157501070600730    61.44      1      0     0.00  0.00  0.00
B19285061           5235201602157501086472048    17.38      3      0    16.00  0.00  0.00
B19285061           523520160215 650240007828    14.83      1      0    16.00  0.00  0.00
B19285061           5235201602157501314701513   190.06      1      0     0.00  0.00  0.00
B19285061           5235201602157501165008120    19.79      1      0    16.00  0.00  0.00
B19285061           5235201602157501048333202    16.09      1      0    16.00  0.00  0.00
B19285061           5235201602157501080950146    34.12      1      0    16.00  0.00  0.00
B19285061           5235201602157501299307922    61.18      1      0     0.00  0.00  0.00
B19285061           5235201602157501008497340   135.29      1      0     0.00  0.00  0.00
B19285061           523520160215 650240012525    35.76      1      0    16.00  0.00  0.00
B19285061           5235201602157501082242478   497.08      1      0     0.00  0.00  0.00
B19285061           523520160215 650240017100    47.10      1      0     0.00  0.00  0.00
B19285062           5235201602157501289511421    26.68      1      0     0.00  0.00 15.00
B19284376           5236201602157501001116187    88.07      1      0     0.00  0.00 18.00
B19284376           5236201602157501001147587    16.97      1      0     0.00  0.00 18.00
B19284376           5236201602157501001147594    16.97      1      0     0.00  0.00 18.00
B19284376           5236201602157501001168889    80.99      1      0     0.00  0.00 18.00
B19284376           5236201602157501094911249    99.38      1      0     0.00  0.00 18.00
B19284376           5236201602157501124103118   203.11      1      0     0.00  0.00 18.00
B19284376           5236201602157501124815677   110.64      1      0     0.00  0.00 18.00
B19284377           5236201602157503013040900   375.11      1      0     0.00  0.00  5.00
B19284378           5236201602157501054500063    16.15      1      0    16.00  0.00  0.00
B19284378           5236201602157501008486504    16.64      1      0    16.00  0.00  0.00
B19284378           5236201602157501300408402   138.13      1      0     0.00  0.00  0.00
B19284378           5236201602157501034651020   152.96      1      0     0.00  0.00  0.00
B19284378           5236201602157501054503095    27.01      1      0    16.00  0.00  0.00
B19284378           5236201602157501070600730    61.44      1      0     0.00  0.00  0.00
B19284378           5236201602157501035916586    35.03      1      0    16.00  0.00  0.00
B19284378           523620160215 650240009556    66.98      1      0    16.00  0.00  0.00
B19284378           523620160215     75001858    23.11      1      0    16.00  0.00  0.00
B19284511           5236201602157501082208108   389.92      1      0     0.00  0.00  0.00
B19285063           5237201602157501314705542   344.19      1      0     0.00  0.00  0.00
B19285063           5237201602157501035911567     9.99      2      0    16.00  0.00  0.00
B19285063           5237201602157501328979502    80.70      2      0     0.00  0.00  0.00
B19285063           5237201602157501050624640    56.15      2      0     0.00  0.00  0.00
B19285063           5237201602157501022105207    10.86      1      0    16.00  0.00  0.00
B19285063           5237201602157501022105191     8.11      1      0    16.00  2.00  0.00
B19285063           5237201602157501089809438   116.64      1      0     0.00  0.00  0.00
B19285063           5237201602157501080920842    71.02      2      0    16.00  0.00  0.00
B19285063           523720160215 650240011153    75.62      1      0     0.00  0.00  0.00
B19285063           5237201602157501080950146    34.12      1      0    16.00  0.00  0.00
B19285063           523720160215 650240011818   154.69      1      0     0.00  0.00  0.00
B19285063           523720160215 650240012525    35.76      1      0    16.00  0.00  0.00
B19285064           5237201602157501287622402    71.41      1      0     0.00  0.00 18.00
B19285065           5237201602157501001258030    62.23      1      0     0.00  0.00 18.00
B19285065           5237201602157501124855208   325.88      1      0     0.00  9.09 18.00
B19285066           5237201602157501289511421    26.68      1      0     0.00  0.00 15.00
B19283819           5243201602157501125104688    26.82      2      0     0.00 25.00 18.00
B19283819           5243201602157501001147594    16.97      1      0     0.00  0.00 18.00
B19283820           5243201602157501035911567     9.99      1      0    16.00  0.00  0.00
B19283820           5243201602157501299303047    40.57      1      0     0.00  0.00  0.00
B19283820           5243201602157501061002703    29.30      2      0     0.00  0.00  0.00
B19283820           5243201602157501034665553    49.55      1      0     0.00  0.00  0.00
B19283820           5243201602157501050623766    49.72      2      0     0.00  0.00  0.00
B19283820           5243201602157501008453780    72.37      1      0     0.00  0.00  0.00
B19283820           524320160215 650240017100    47.10      1      0     0.00  0.00  0.00
B19283820           5243201602157501037908619   120.09      2      0     0.00  0.00  0.00
B19283821           5257201602157501123014101   209.16      2      0     0.00  9.09  8.00
B19283822           5257201602157501008496152    49.92      4      0     0.00  0.00  0.00
B19283822           5257201602157501299301999   139.65     15      0     0.00  0.00  0.00
B19283822           5257201602157501092793052    66.07     10      0     0.00  0.00  0.00
B19283822           5257201602157501328978710    84.44     20      0     0.00  0.00  0.00
B19283822           5257201602157501165001725   317.87     10      0     0.00  0.00  0.00
B19283822           5257201602157501088575396    77.60     30      0     0.00  0.00  0.00
B19283822           5257201602157501088579707    81.80    100      0     0.00  0.00  0.00
B19283822           5257201602157501871720668   162.60     30      0     0.00  0.00  0.00
B19283822           5257201602157501385420238   144.20      2      0     0.00  0.00  0.00
B19283822           5257201602157501050610018   136.97     20      0     0.00  0.00  0.00
B19283822           5257201602157501070612368   109.20     40      0     0.00  0.00  0.00
B19283822           5257201602157501299308073   171.57     50      0     0.00  0.00  0.00
B19283822           525720160215 650240015366    34.49     10      0     0.00  0.00  0.00
B19283822           5257201602157501361693007   877.80      2      0     0.00  0.00  0.00
B19283822           5257201602157501037908084    65.89     30      0     0.00  9.09  0.00
B19283822           5257201602157501298281308    70.04      2      0     0.00  0.00  0.00
B19283822           5257201602157501318609020    63.94     30      0     0.00  0.00  0.00
B19283822           5257201602157501050613460    39.02     20      0     0.00  0.00  0.00
B19283822           5257201602157501299303047    40.57      5      0     0.00  0.00  0.00
B19283822           5257201602157501299300787   106.40     50      0     0.00  0.00  0.00
B19283822           5257201602157501299300909    99.08     20      0     0.00  0.00  0.00
B19283822           5257201602157501318608900    59.48     30      0     0.00  0.00  0.00
B19283822           5257201602157501034645067    69.13     30      0     0.00  9.09  0.00
B19283823           5257201602157501050611657   198.78     10      0     0.00  0.00 18.00
B19283823           5257201602157501050610704   294.00     10      0     0.00  0.00 18.00
B19283824           5257201602157501125109935    60.11     20      0     0.00  0.00 18.00
B19283824           5257201602157501293200069   124.77     30      0     0.00  0.00 18.00
B19283824           5257201602157501088504532   121.98     15      0     0.00  0.00 18.00
B19283824           5257201602157502213144012   219.27      2      0     0.00  0.00 18.00
B19283824           5257201602157501125118333   343.63     30      0     0.00 14.28 18.00
N2517501            5373201602157501050611671   241.97      2      0     0.00  0.00 18.00
N2517502            5373201602157501065030405    17.41      1      0     0.00  0.00  0.00
N2517502            5373201602157501022105436    12.38      1      0    16.00  0.00  0.00
N2517502            5373201602157501300407139   175.00      1      0     0.00  0.00  0.00
N2517502            5373201602157501048333202    16.09      1      0    16.00  0.00  0.00
N2517502            5373201602157501080950146    34.12      1      0    16.00  0.00  0.00
N2516948            5397201602157501035911031    19.03      1      0    16.00  0.00  0.00
N2516948            5397201602157501092772354    80.47      1      0     0.00  0.00  0.00
N2516948            5397201602157800005082024    39.24      1      0    16.00  0.00  0.00
M2231291            544720160215 008400001313    42.90      1      0     0.00  0.00 18.00
M2231291            544720160215 736085405040    70.54      1      0     0.00  0.00 18.00
M2231291            5447201602157501001147594    16.97      1      0     0.00  0.00 18.00
M2231291            544720160215 736085132069    47.47      2      0     0.00  0.00 18.00
M2231292            5447201602157501050611671   241.97      2      0     0.00  0.00 18.00
M2231292            5447201602157501287627605   386.78      1      0     0.00  0.00 18.00
M2231292            5447201602157501287630926   186.78      1      0     0.00  0.00 18.00
M2231292            5447201602157501050610704   294.00      4      0     0.00  0.00 18.00
M2231293            5447201602157501070622152   153.18      1      0     0.00  0.00  0.00
M2231293            5447201602157501034650580    76.73      1      0     0.00  0.00  0.00
M2231293            5447201602157501009070092   199.66      1      0     0.00  0.00  0.00
M2231293            5447201602157501086301041    77.97      1      0     0.00  0.00  0.00
M2231293            5447201602157501088579707    81.80      1      0     0.00  0.00  0.00
M2231293            5447201602157501035908246    14.80      1      0    16.00  0.00  0.00
M2231293            5447201602157501314701827   340.59      3      0     0.00  0.00  0.00
M2231293            5447201602157501034650559   107.82      1      0     0.00  0.00  0.00
M2231293            5447201602157501082201307   302.23      2      0     0.00  0.00  0.00
M2231293            5447201602157501098611329   405.00      1      0     0.00  0.00  0.00
M2231293            5447201602157501298217703   244.99      1      0     0.00  0.00  0.00
M2231293            5447201602157501088505447   124.50      4      0     0.00  0.00  0.00
M2231293            5447201602157501098603867    86.34      1      0     0.00  0.00  0.00
M2231293            5447201602157501050610018   136.97      1      0     0.00  0.00  0.00
M2231293            5447201602157501050624572    47.83      1      0     0.00  0.00  0.00
M2231293            544720160215 650240012525    35.76      1      0    16.00  0.00  0.00
