B18619748           5230201510247501384502133   213.06      5      0     0.00  0.00  0.00
B18619748           5230201510247501384503192   239.30     10      0     0.00  0.00  0.00
B18619748           5230201510247501125133183   142.03     20      0     0.00  0.00  0.00
B18619748           5230201510247501384503253   961.95     15      0     0.00  0.00  0.00
B18619748           5230201510247501125141096   211.66     20      0     0.00  0.00  0.00
B18619748           5230201510247501009007074   397.98     15      0     0.00  0.00  0.00
B18619748           5230201510247501009007081   968.15      5      0     0.00  0.00  0.00
B18619748           5230201510247502209290532   720.74     10      0     0.00  0.00  0.00
B18619748           5230201510247501384502324   166.95     30      0     0.00  0.00  0.00
B18619748           5230201510247501384503215   238.50     30      0     0.00  0.00  0.00
B18619748           5230201510247501050612463   455.23     10      0     0.00  0.00  0.00
B18619748           5230201510247501384502065   259.17     20      0     0.00  0.00  0.00
B18619748           5230201510247501094913922   886.55      6      0     0.00  0.00  0.00
B18619748           5230201510247501009007111   267.33     30      0     0.00  0.00  0.00
B18619748           5230201510247501072340382   147.77     10      0     0.00  0.00  0.00
B18619748           5230201510247501258205818  1019.60     10      0     0.00  0.00  0.00
B18619748           523020151024 300090017125   785.69     15      0     0.00  0.00  0.00
B18619748           523020151024 300090055356   823.98      6      0     0.00  0.00  0.00
B18619748           5230201510247501361680748    50.97     30      0     0.00  0.00  0.00
B18620373           5230201510247501088507687  1875.99     10      0     0.00  0.00 18.00
B18620373           5230201510247501124103118   203.11     12      0     0.00  0.00 18.00
B18620373           5230201510247501070902384   325.67     10      0     0.00  0.00 18.00
B18620374           5230201510247501086301041    84.78     10      0     0.00  9.09 10.00
B18620374           5230201510247501070647025   256.06     20      0     0.00  0.00 10.00
B18620374           5230201510247501318612655    62.80     30      0     0.00  0.00 10.00
B18620374           5230201510247501142924184   753.74     20      0     0.00  0.00 10.00
B18620375           5230201510247501559614135   790.05      5      0     0.00  0.00  0.00
B18620375           5230201510247501009071471   137.35     10      0     0.00  0.00  0.00
B18620375           5230201510247501033921292   400.12      5      0     0.00  0.00  0.00
B18620375           5230201510247501033954412   720.58     15      0     0.00  0.00  0.00
B18620375           5230201510247501328979229   780.07     15      0     0.00  0.00  0.00
B18620375           5230201510247501328979267   619.93     10      0     0.00  0.00  0.00
B18620375           5230201510247501871720668   157.78     20      0     0.00  0.00  0.00
B18620375           5230201510247501871720675   139.21      5      0     0.00  0.00  0.00
B18620375           5230201510247501871720682   353.46     30      0     0.00  0.00  0.00
B18620375           5230201510247501871720750   352.60     15      0     0.00  0.00  0.00
B18620375           5230201510247501328979274   970.33      5      0     0.00  0.00  0.00
B18620375           5230201510247501303442021    33.67     30      0     0.00  0.00  0.00
B18620375           5230201510247501871720767   165.36     20      0     0.00  0.00  0.00
B18620375           5230201510247501098611329   405.00     30      0     0.00  0.00  0.00
B18620375           5230201510247501098633260   473.00     20      0     0.00  0.00  0.00
B18620375           5230201510247501165007956   573.66      5      0    16.00  0.00  0.00
B18620375           5230201510247841141003436   255.61     50      0     0.00  0.00  0.00
B18620376           5230201510247501289514460   253.51     20      0     0.00  0.00 15.00
B18620377           5230201510247502216934269  1067.12      8      0     0.00  9.09 18.00
B18620377           5230201510247503003746157  1256.00      5      0     0.00  0.00 18.00
B18620546           5230201510247501082242447   205.88      2      0     0.00  0.00  0.00
B18619328          37369201510247501314706228   175.18      5      0     0.00  0.00 18.00
B18619328          37369201510247501384541224   193.19      2      0     0.00  0.00 18.00
B18619328          3736920151024 736085103168   129.96      2      0     0.00  0.00 18.00
B18619328          37369201510247501094917616   578.22      2      0     0.00  0.00 18.00
B18619328          37369201510247501273500509   239.64      5      0    16.00  0.00 18.00
B18619328          37369201510247501124816520   219.76      3      0     0.00  0.00 18.00
B18619328          37369201510247501080912274   136.02      3      0    16.00  0.00 18.00
B18619328          37369201510247501124818272  1234.99      2      0     0.00  0.00 18.00
B18619328          37369201510247501094914899  1234.99      2      0     0.00  0.00 18.00
B18619328          37369201510243282776088209   214.69      1      0    16.00  0.00 18.00
B18619328          37369201510247503000883282   230.79      2      0     0.00  0.00 18.00
B18619328          37369201510247501088507618   570.34      5      0     0.00  0.00 18.00
B18619328          3736920151024 736085278507    45.48      2      0     0.00  0.00 18.00
B18619328          37369201510247501070903435   400.89      2      0     0.00  0.00 18.00
B18619328          37369201510247501124815899  1341.11      2      0     0.00  0.00 18.00
B18619328          37369201510247501094915025   631.71      3      0     0.00  0.00 18.00
B18619328          3736920151024 736085400984   440.60      2      0     0.00  0.00 18.00
B18619328          37369201510247501124815790  1234.99      2      0     0.00  0.00 18.00
B18619328          37369201510248429420058705   352.00      1      0    16.00  0.00 18.00
B18619328          37369201510247501314704927   203.03      5      0     0.00  0.00 18.00
B18619328          37369201510247501088507625   291.66      5      0     0.00  0.00 18.00
B18619328          37369201510247501088504853   626.60      2      0     0.00  0.00 18.00
B18619328          3736920151024     75004088   129.08      4      0     0.00  0.00 18.00
B18619328          37369201510247501124815844   577.39      2      0     0.00  0.00 18.00
B18619328          37369201510247501124815851  1076.23      2      0     0.00  0.00 18.00
B18619328          37369201510247501094917012   987.66      3      0     0.00  0.00 18.00
B18619328          37369201510247501299302927    46.37      3      0     0.00  0.00 18.00
B18619328          37369201510247501258203227   465.51      5      0     0.00  0.00 18.00
B18619328          37369201510247502209290549   539.34      2      0     0.00  0.00 18.00
B18619328          37369201510247501094916909  1219.12      2      0     0.00  0.00 18.00
B18619328          37369201510247501070648022   694.00      2      0     0.00  9.09 18.00
B18619328          37369201510247501299304051   123.08      2      0     0.00  0.00 18.00
B18619328          37369201510247501094916893  1219.12      2      0     0.00  0.00 18.00
B18619328          37369201510247501124813192   422.80      4      0     0.00  0.00 18.00
B18619328          37369201510247501094914882  1234.99      2      0     0.00  0.00 18.00
B18619328          37369201510247501094914875  1234.99      4      0     0.00  0.00 18.00
B18619328          37369201510247501385420238   158.61      2      0     0.00  9.09 18.00
B18619328          37369201510247501080911185   161.22      5      0    16.00  0.00 18.00
B18619328          37369201510247501094914103   186.33      3      0     0.00  0.00 18.00
B18619328          37369201510247501285600365   116.79      2      0     0.00  0.00 18.00
B18619329          37369201510247501101649035   500.73     10      0     0.00  0.00 15.00
B18619329          37369201510247501101649097   671.79     15      0     0.00  0.00 15.00
B18619329          37369201510247503006916724   423.12      5      0     0.00  0.00 15.00
B18619329          37369201510247501101606236   480.80      8      0     0.00  0.00 15.00
B18619329          37369201510247501289514460   253.51     40      0     0.00  0.00 15.00
B18619329          37369201510247501101612084   504.05      6      0     0.00  0.00 15.00
B18619329          37369201510247501101615856   499.90     10      0     0.00  0.00 15.00
B18619330          37369201510247501201401014   633.34      5      0     0.00  0.00 18.00
B18619330          37369201510247503003746140   628.00      2      0     0.00  0.00 18.00
B18619331          37369201510247501328979113   342.63      2      0     0.00  0.00  0.00
B18619331          37369201510247501092772385   149.16      3      0     0.00  0.00  0.00
B18619331          37369201510247501165001862  1521.98     10      0     0.00  0.00  0.00
B18619331          37369201510247501165001879   781.55     15      0     0.00  0.00  0.00
B18619331          37369201510247501092760016   210.00     10      0     0.00  0.00  0.00
B18619331          37369201510247501089801166   295.49      8      0     0.00  0.00  0.00
B18619331          37369201510247501089801173   576.72      8      0     0.00  0.00  0.00
B18619331          37369201510247501092779278   271.49     10      0     0.00  0.00  0.00
B18619331          37369201510247501328980119   248.44     10      0     0.00  0.00  0.00
B18619331          37369201510247501033953057   173.89      2      0     0.00  0.00  0.00
B18619331          37369201510247501037908930   365.20      1      0     0.00  0.00  0.00
B18619331          37369201510248430308624516   221.81      5      0     0.00  0.00  0.00
B18619331          37369201510247501324402868   422.00      2      0     0.00  0.00  0.00
B18619331          37369201510247501298204987   340.05      3      0     0.00  0.00  0.00
B18619331          37369201510247501324403223   510.00      2      0     0.00  0.00  0.00
B18619331          37369201510247501061019008   191.58      3      0     0.00  0.00  0.00
B18619331          37369201510247501054530398   104.36      1      0    16.00  0.00  0.00
B18619331          37369201510247501871720774   161.92      8      0     0.00  0.00  0.00
B18619331          37369201510247501082212280   641.46      4      0     0.00  0.00  0.00
B18619331          37369201510247501082212297  1129.29     10      0     0.00  0.00  0.00
B18619331          37369201510247501871720507   276.70      3      0     0.00  0.00  0.00
B18619331          37369201510247501871720217   113.85      5      0     0.00  0.00  0.00
B18619331          37369201510247501871720668   157.78     10      0     0.00  0.00  0.00
B18619331          37369201510247501871720682   353.46     15      0     0.00  0.00  0.00
B18619331          37369201510247501871720590   719.62     25      0     0.00  0.00  0.00
B18619331          37369201510247501082212136   893.24     15      0     0.00  0.00  0.00
B18619331          37369201510247501009005407   245.22      3      0     0.00  0.00  0.00
B18619331          37369201510247501009005414   733.65      2      0     0.00  0.00  0.00
B18619331          37369201510247501328979229   780.07     10      0     0.00  0.00  0.00
B18619331          37369201510247501037901030   519.49      1      0     0.00  0.00  0.00
B18619331          37369201510247501009071471   137.35      8      0     0.00  0.00  0.00
B18619331          37369201510247501033952784   614.43      5      0     0.00  0.00  0.00
B18619331          37369201510247501033923234   281.70     10      0     0.00  0.00  0.00
B18619331          37369201510247501033954412   720.58     10      0     0.00  0.00  0.00
B18619331          37369201510247501037980165   394.15      8      0     0.00  0.00  0.00
B18619331          37369201510247501054530107   132.05     10      0    16.00  0.00  0.00
B18619331          37369201510247501054530114    82.29     10      0    16.00  0.00  0.00
B18619331          37369201510247501098610810   240.00     10      0     0.00  0.00  0.00
B18619331          37369201510247501098611305   284.00     15      0     0.00  0.00  0.00
B18619331          37369201510247501098611329   405.00     40      0     0.00  0.00  0.00
B18619331          37369201510247501098604505   395.00      5      0     0.00  0.00  0.00
B18619331          37369201510247501092773511   283.92      5      0     0.00  0.00  0.00
B18619331          37369201510247501092793045   121.03      2      0     0.00  0.00  0.00
B18619331          37369201510247501328979601   949.87      5      0     0.00  0.00  0.00
B18619331          37369201510247501328979656   705.84      4      0     0.00  0.00  0.00
B18619331          37369201510247501082242041   332.03     10      0     0.00  0.00  0.00
B18619331          37369201510247501092743064   181.21     15      0     0.00  0.00  0.00
B18619331          37369201510247501082221084   496.49      3      0     0.00  0.00  0.00
B18619331          37369201510247501092701033    77.20     10      0     0.00  0.00  0.00
B18619331          37369201510247501328979564   425.63     20      0     0.00  0.00  0.00
B18619332          37369201510247503013040863   187.52      5      0     0.00  0.00  5.00
B18619332          37369201510247503013040894   171.18      5      0     0.00  0.00  5.00
B18619332          37369201510247501033957215   238.47      2      0    16.00  6.00  5.00
B18619332          37369201510247501033954078    42.89     80      0    16.00  0.00  5.00
B18619332          37369201510247501088507007   498.67      5      0     0.00  0.00  5.00
B18619332          37369201510247506205802690   228.00      5      0     0.00  0.00  5.00
B18619332          37369201510247501033958717    50.79     15      0    16.00  0.00  5.00
B18619332          37369201510247501033956140    44.37     95      0    16.00  0.00  5.00
B18619333          37369201510247501326003162   601.55     10      0     0.00  0.00 18.00
B18619333          37369201510247501201400680   305.76      6      0     0.00  0.00 18.00
B18619333          37369201510247501201400659   431.46     15      0    16.00  0.00 18.00
B18619333          37369201510247501201400833   637.76      5      0     0.00  0.00 18.00
B18619333          37369201510247501326008402   975.88     15      0     0.00  0.00 18.00
B18619333          37369201510247503003746065  1132.00      4      0     0.00  0.00 18.00
B18619333          37369201510247501326000871   928.41     10      0     0.00  0.00 18.00
B18619333          37369201510247501108767893  1279.72      5      0     0.00  0.00 18.00
B18619333          37369201510247503003746287  1080.00      2      0     0.00  0.00 18.00
B18619333          37369201510247501287652683   584.66     10      0     0.00  0.00 18.00
B18619333          37369201510247501108767916   745.47      8      0     0.00  0.00 18.00
B18619333          37369201510247501050600873   544.79     15      0     0.00  0.00 18.00
B18619333          37369201510247501326004947   909.98     20      0     0.00  0.00 18.00
B18619333          37369201510247501326007368  1085.76     15      0     0.00  0.00 18.00
B18619333          37369201510247501201490797   494.46     10      0     0.00  0.00 18.00
B18619333          37369201510247501108713487   948.95      5      0     0.00  0.00 18.00
B18619333          37369201510243282779369077   303.45      6      0    16.00  0.00 18.00
B18619333          37369201510247501326000925   513.27      5      0     0.00  0.00 18.00
B18619333          37369201510247501326001137   888.34     25      0     0.00  0.00 18.00
B18619333          37369201510247501142911306   272.36     15      0     0.00  0.00 18.00
B18619333          37369201510247501108712374   648.20      5      0     0.00  0.00 18.00
B18619333          37369201510247501326000888   685.70     14      0     0.00  0.00 18.00
B18619333          37369201510247501326004060   486.26     15      0     0.00  0.00 18.00
B18619333          37369201510247502216930551   329.20     15      0     0.00  5.00 18.00
B18619333          37369201510247501201400352   649.91     10      0     0.00  0.00 18.00
B18619333          37369201510247501201400482   512.79      2      0     0.00  0.00 18.00
B18619333          37369201510247501201400710   329.33     15      0    16.00  0.00 18.00
B18619333          37369201510247501326008396   932.20      1      0     0.00  0.00 18.00
B18619333          37369201510247501108718147  1066.40      5      0     0.00  0.00 18.00
B18619333          37369201510247501326001977  1187.82     30      0     0.00  0.00 18.00
B18619333          37369201510247501287613509   386.06      5      0     0.00 16.66 18.00
B18619333          37369201510247501326004176   459.72     20      0     0.00  0.00 18.00
B18619333          37369201510247502216930568   188.12      5      0     0.00  9.09 18.00
B18619333          37369201510247501287688361   667.51      5      0     0.00  0.00 18.00
B18619333          37369201510247501108767923  1278.70      5      0     0.00  0.00 18.00
B18619333          37369201510247501108767886   746.51      8      0     0.00  0.00 18.00
B18619333          37369201510247501326000383   734.45      4      0     0.00  0.00 18.00
B18619333          37369201510247501201400581   655.73      8      0     0.00  0.00 18.00
B18619333          37369201510247501201400567   363.86     15      0     0.00  0.00 18.00
B18619333          37369201510247502216931701   606.88     10      0     0.00  0.00 18.00
B18619333          37369201510243700039500034   451.91      1      0     0.00  0.00 18.00
B18619333          37369201510247501142936286   747.33      5      0     0.00  0.00 18.00
B18619333          37369201510247501049721176   269.55      5      0     0.00  0.00 18.00
B18619333          37369201510247501287688743   432.69      2      0     0.00  0.00 18.00
B18619333          37369201510247501326000772   740.75      5      0     0.00  0.00 18.00
B18619333          37369201510247501326000864  1035.49     25      0     0.00  0.00 18.00
B18619333          37369201510247501287619105   618.85     10      0     0.00  0.00 18.00
B18619333          37369201510247501326003568   533.94      5      0     0.00  0.00 18.00
B18619333          37369201510247501142915755   312.62      2      0     0.00  0.00 18.00
B18619333          37369201510247501287613516   647.82      5      0     0.00  0.00 18.00
B18619334          37369201510247501037908671   714.88      8      0     0.00  0.00  0.00
B18619334          37369201510248020030053090   205.91     10      0     0.00  0.00  0.00
B18619334          37369201510247501089803351   152.28     10      0     0.00  0.00  0.00
B18619334          37369201510247501092778226    95.51      5      0     0.00  0.00  0.00
B18619334          37369201510247501092776413   236.82      5      0     0.00  0.00  0.00
B18619334          37369201510247501082242386   500.20      2      0     0.00  0.00  0.00
B18619334          37369201510247501037905588   489.91     10      0     0.00  0.00  0.00
B18619334          37369201510248430308001379   496.15      1      0     0.00  0.00  0.00
B18619334          37369201510247501033958854   526.66      5      0     0.00  0.00  0.00
B18619334          37369201510247501033958632   333.56      2      0     0.00  0.00  0.00
B18619334          37369201510248430308130031  1239.88      2      0     0.00  0.00  0.00
B18619334          37369201510248430308015901   480.27      5      0     0.00  0.00  0.00
B18619334          37369201510247501165007956   573.66      2      0    16.00  0.00  0.00
B18619334          37369201510248027950210510   403.00      4      0     0.00  0.00  0.00
B18619334          37369201510248027950210497   714.00      5      0     0.00  0.00  0.00
B18619334          37369201510247730979093026   288.60      5      0     0.00  0.00  0.00
B18619334          37369201510243401053831356    59.66     10      0    16.00  0.00  0.00
B18619334          37369201510247501324402356   134.00      5      0     0.00  0.00  0.00
B18619334          37369201510247501165006683   310.14      3      0     0.00  0.00  0.00
B18619334          37369201510247501298213569   220.79      5      0     0.00  0.00  0.00
B18619334          37369201510247501037980189   722.26      8      0     0.00  0.00  0.00
B18619334          37369201510247501082224214   969.30      6      0     0.00  0.00  0.00
B18619334          37369201510247501050612364   271.68      5      0     0.00  0.00  0.00
B18619334          37369201510247501098602587   454.00      2      0     0.00  0.00  0.00
B18619334          37369201510247501098633260   473.00     20      0     0.00  0.00  0.00
B18619334          37369201510247501871721214   739.30     15      0     0.00  0.00  0.00
B18619334          37369201510247501098605915   776.00      3      0     0.00  0.00  0.00
B18619334          37369201510247501022101681   118.47      3      0     0.00  6.00  0.00
B18619334          37369201510247501092777212   384.02     15      0     0.00  0.00  0.00
B18619334          37369201510247502216930575   143.60     10      0     0.00  0.00  0.00
B18619334          37369201510247501050625272    82.85     40      0    16.00  0.00  0.00
B18619335          37369201510247501123015405   117.12     15      0     0.00  9.09  8.00
B18619335          37369201510247502003560497   405.70      5      0     0.00  0.00  8.00
B18619335          37369201510247501122961901   260.60      5      0     0.00  9.09  8.00
B18619335          37369201510245702191008098   205.65      5      0     0.00  0.00  8.00
B18619335          37369201510247501122900801   177.26      3      0     0.00  9.09  8.00
B18619335          37369201510247501033950636    58.81     40      0     0.00  0.00  8.00
B18619335          37369201510243499320000215   248.87     15      0     0.00  0.00  8.00
B18619335          37369201510247501390912766   496.10      2      0    16.00  0.00  8.00
B18619335          37369201510247501122967019   301.07      5      0     0.00  9.09  8.00
B18619335          37369201510243499320001205   249.66      4      0     0.00  0.00  8.00
B18619335          37369201510247501123010608   254.76     15      0     0.00  9.09  8.00
B18619336          37369201510247501318626522   334.07      4      0     0.00  0.00 10.00
B18619336          37369201510247501086301041    84.78      3      0     0.00  9.09 10.00
B18619336          37369201510247502209290914   817.59      1      0     0.00  0.00 10.00
B18619336          37369201510247501390917099   219.76      5      0     0.00  0.00 10.00
B18619336          37369201510247501318610798   472.21     10      0     0.00  0.00 10.00
B18619336          37369201510247501318620186   787.00      4      0     0.00  0.00 10.00
B18619336          37369201510247705849004013   319.20      3      0    16.00  0.00 10.00
B18619336          37369201510247501142974172   376.03     20      0     0.00  0.00 10.00
B18619336          37369201510247703331157506   279.64     10      0     0.00  0.00 10.00
B18619336          3736920151024 891671002277   299.87     10      0     0.00  9.09 10.00
B18619336          37369201510247501142924030   932.33     35      0     0.00  0.00 10.00
B18619336          37369201510244019338605159   323.57     20      0     0.00  0.00 10.00
B18619336          37369201510247501318634732    84.55      8      0     0.00  0.00 10.00
B18619336          37369201510247501318643482   580.21     10      0     0.00  0.00 10.00
B18619336          37369201510247703281004325   159.20      1      0    16.00  0.00 10.00
B18619336          37369201510247501390912209   232.88      5      0     0.00  0.00 10.00
B18619336          37369201510247501318685499  1651.88      5      0     0.00  0.00 10.00
B18619336          37369201510247703281001454   263.20      5      0    16.00  0.00 10.00
B18619337          37369201510243433422404533   104.89      2      0    16.00  0.00 14.00
B18619337          37369201510243337872414527   280.84     15      0    16.00  0.00 14.00
B18619337          37369201510243337872418587   260.54      3      0    16.00  0.00 14.00
B18619338          37369201510247501250810645   290.08     15      0     0.00  4.76 18.00
B18619338          37369201510247501250838267   104.30      8      0     0.00  0.00 18.00
B18619338          37369201510247501088513527   665.72      5      0     0.00  0.00 18.00
B18619338          37369201510247501250838311   946.01      5      0     0.00  4.76 18.00
B18619338          37369201510247503007704658   306.57     15      0     0.00  0.00 18.00
B18619338          37369201510247501250818689   363.41     15      0     0.00  4.76 18.00
B18619338          37369201510247501250839233   598.08      6      0     0.00  4.76 18.00
B18619338          37369201510247501299307168   586.65     10      0     0.00  0.00 18.00
B18619338          37369201510247501250838786   528.82     10      0     0.00  0.00 18.00
B18619338          37369201510247501124814052   824.72      5      0     0.00  0.00 18.00
B18619338          37369201510247501385491085   181.86      5      0     0.00  9.09 18.00
B18619338          37369201510247501250838939   469.34     10      0     0.00  4.76 18.00
B18619338          37369201510247501314701711   114.20      5      0     0.00  0.00 18.00
B18619338          37369201510247501168870502   308.32      5      0     0.00  0.00 18.00
B18619338          37369201510247501088507670  1025.37     15      0     0.00  0.00 18.00
B18619338          37369201510247501299307175   254.96      8      0     0.00  0.00 18.00
B18619338          37369201510243582186000731   145.80      8      0     0.00  0.00 18.00
B18619338          37369201510247501168870625   527.26      5      0     0.00  0.00 18.00
B18619338          37369201510247501094914196   542.29     10      0     0.00  0.00 18.00
B18619338          37369201510247501094916701   498.84      6      0     0.00  0.00 18.00
B18619338          37369201510247501168810713   482.98     10      0     0.00  0.00 18.00
B18619338          37369201510247501273500387   206.67      5      0    16.00  0.00 18.00
B18619338          37369201510244035710006628   167.01      8      0    16.00 16.66 18.00
B18619338          37369201510247501088507755   951.18      5      0     0.00  0.00 18.00
B18619338          37369201510247502261160767   535.34     15      0     0.00  0.00 18.00
B18619338          37369201510247501022110263   407.00     20      0     0.00  0.00 18.00
B18619338          37369201510247501088604058   565.20      8      0     0.00  0.00 18.00
B18619338          37369201510247501250813295   934.60     10      0     0.00  0.00 18.00
B18619338          3736920151024 736085905373   694.22     10      0     0.00  0.00 18.00
B18619338          37369201510247501314701759   215.92      6      0     0.00  0.00 18.00
B18619338          37369201510247501384541217   317.21      5      0     0.00  0.00 18.00
B18619338          37369201510247501124855208   310.00     10      0     0.00  0.00 18.00
B18619338          37369201510247501168890180   334.56     10      0     0.00  0.00 18.00
B18619338          37369201510247501273500417   223.15      5      0    16.00  0.00 18.00
B18619338          37369201510247501273500073   171.49      5      0    16.00  0.00 18.00
B18619338          37369201510247501314701322   634.47      8      0     0.00  0.00 18.00
B18619338          37369201510247501070903695   318.40      5      0     0.00  0.00 18.00
B18619338          37369201510247501314704552   118.14      5      0     0.00  0.00 18.00
B18619338          37369201510247501088504808   443.26     25      0     0.00  0.00 18.00
B18619338          37369201510247501088504501   272.61     25      0     0.00  0.00 18.00
B18619338          37369201510247501314705535   744.45      8      0     0.00  0.00 18.00
B18619338          3736920151024 736085401226   252.69      8      0     0.00  0.00 18.00
B18619338          37369201510247501088513510   665.72      5      0     0.00  0.00 18.00
B18619338          3736920151024 736085280005   317.61     15      0    16.00  0.00 18.00
B18619338          37369201510247501168810508   394.42      8      0     0.00  0.00 18.00
B18619338          37369201510247501088507601   452.84      7      0     0.00  0.00 18.00
B18619338          37369201510247501124103118   203.11     10      0     0.00  0.00 18.00
B18619338          37369201510247501384541248   876.09      5      0     0.00  0.00 18.00
B18619338          37369201510247501258203234   697.87     10      0     0.00  0.00 18.00
B18619338          37369201510243282776432026   106.21      5      0    16.00  0.00 18.00
B18619339          37370201510247501250818689   363.41     30      0     0.00  4.76 18.00
B18619339          37370201510247501250810645   290.08     20      0     0.00  4.76 18.00
B18619339          37370201510247501168810621   172.20      5      0     0.00  0.00 18.00
B18619339          37370201510247501088504808   443.26     30      0     0.00  0.00 18.00
B18619339          37370201510247501250838939   469.34     25      0     0.00  4.76 18.00
B18619339          37370201510247501088504501   272.61     25      0     0.00  0.00 18.00
B18619339          37370201510247501273500073   171.49     20      0    16.00  0.00 18.00
B18619339          37370201510247501088507502   334.30      5      0     0.00  9.09 18.00
B18619339          37370201510247501094917036   987.66      2      0     0.00  0.00 18.00
B18619339          37370201510248470003504546   257.00      2      0    16.00  0.00 18.00
B18619339          37370201510247501250838946   879.19      7      0     0.00  0.00 18.00
B18619339          37370201510248470002358201   540.00      2      0    16.00 15.00 18.00
B18619339          37370201510247501070900243   287.98      2      0     0.00  0.00 18.00
B18619339          37370201510247501124855208   310.00     20      0     0.00  0.00 18.00
B18619339          37370201510247501250838311   946.01     10      0     0.00  4.76 18.00
B18619339          37370201510247501088604058   565.20     20      0     0.00  0.00 18.00
B18619339          37370201510247501250839233   598.08     10      0     0.00  4.76 18.00
B18619339          37370201510247501088575396    87.42     15      0     0.00  0.00 18.00
B18619339          37370201510247502209290488   646.13     15      0     0.00  0.00 18.00
B18619339          37370201510247501314701322   634.47     10      0     0.00  0.00 18.00
B18619339          37370201510247501168810713   482.98     10      0     0.00  0.00 18.00
B18619339          37370201510247501124103118   203.11     10      0     0.00  0.00 18.00
B18619339          37370201510247501314701353   511.80     10      0     0.00  0.00 18.00
B18619339          37370201510247501168870618   440.27     10      0     0.00  0.00 18.00
B18619339          37370201510247501094913809   382.70     10      0     0.00  9.09 18.00
B18619339          37370201510244035710006628   167.01      6      0    16.00 16.66 18.00
B18619339          37370201510247501250838915   767.56     20      0     0.00  4.76 18.00
B18619339          37370201510247501168870625   527.26     10      0     0.00  0.00 18.00
B18619339          37370201510247897473206632   108.70      6      0    16.00  0.00 18.00
B18619339          37370201510247501124813994  2097.31      6      0     0.00  0.00 18.00
B18619339          37370201510247501070903695   318.40     20      0     0.00  0.00 18.00
B18619339          37370201510247501080912076   147.68     40      0    16.00  0.00 18.00
B18619339          37370201510247501094915230  1491.51      6      0     0.00  0.00 18.00
B18619339          37370201510247501088507601   452.84      5      0     0.00  0.00 18.00
B18619339          37370201510247502209290105   322.97      5      0     0.00  0.00 18.00
B18619339          37370201510247501088542855   123.20      2      0     0.00  0.00 18.00
B18619339          37370201510248470002456938   976.00      2      0    16.00  0.00 18.00
B18619339          37370201510243282776129131   261.72      2      0    16.00  0.00 18.00
B18619340          37370201510247501123015405   117.12     20      0     0.00  9.09  8.00
B18619340          37370201510247501122900399   617.47      5      0     0.00 16.66  8.00
B18619340          37370201510247501390912766   496.10     10      0    16.00  0.00  8.00
B18619341          37370201510247501086301041    84.78      5      0     0.00  9.09 10.00
B18619341          3737020151024 891671002277   299.87      8      0     0.00  9.09 10.00
B18619341          37370201510247501318685499  1651.88     20      0     0.00  0.00 10.00
B18619341          37370201510247501293201660   323.57     10      0     0.00  0.00 10.00
B18619341          37370201510247502209290921   489.80      5      0     0.00  0.00 10.00
B18619341          37370201510247501318634732    84.55      3      0     0.00  0.00 10.00
B18619341          37370201510247501303458503   203.45     10      0     0.00  0.00 10.00
B18619341          37370201510247703281007616   552.00     10      0    16.00  0.00 10.00
B18619341          37370201510247703331157506   279.64     20      0     0.00  0.00 10.00
B18619341          37370201510247501390911028   482.98      2      0     0.00  0.00 10.00
B18619341          37370201510247501390910991   296.84      5      0     0.00  0.00 10.00
B18619342          37370201510247501101606236   480.80     15      0     0.00  0.00 15.00
B18619342          37370201510247501101654985   657.67      6      0     0.00  0.00 15.00
B18619342          37370201510247501101615856   499.90     19      0     0.00  0.00 15.00
B18619342          37370201510247501101649035   500.73     18      0     0.00  0.00 15.00
B18619342          37370201510247501101649097   671.79     20      0     0.00  0.00 15.00
B18619343          37370201510247501326004190   962.53     10      0     0.00  0.00 18.00
B18619343          37370201510247501326004947   909.98     30      0     0.00  0.00 18.00
B18619343          37370201510247501142936286   747.33     10      0     0.00  0.00 18.00
B18619343          37370201510247501326000925   513.27     10      0     0.00  0.00 18.00
B18619343          37370201510247501326008402   975.88     20      0     0.00  0.00 18.00
B18619343          37370201510247501326000864  1035.49     30      0     0.00  0.00 18.00
B18619343          37370201510247501326001137   888.34     19      0     0.00  0.00 18.00
B18619343          37370201510247501326001977  1187.82     80      0     0.00  0.00 18.00
B18619343          37370201510247501326004060   486.26     10      0     0.00  0.00 18.00
B18619343          37370201510247501326004176   459.72     30      0     0.00  0.00 18.00
B18619343          37370201510247501287652683   584.66      5      0     0.00  0.00 18.00
B18619343          37370201510247501287669001   137.77      5      0     0.00  0.00 18.00
B18619343          37370201510247502216930551   329.20     10      0     0.00  5.00 18.00
B18619343          37370201510247501287688361   667.51     15      0     0.00  0.00 18.00
B18619343          37370201510247501287613509   386.06      1      0     0.00 16.66 18.00
B18619343          37370201510247501108715528  1739.96      1      0     0.00  0.00 18.00
B18619343          37370201510247501326004978  1187.82      3      0     0.00  0.00 18.00
B18619343          37370201510247501287613516   647.82      5      0     0.00  0.00 18.00
B18619343          37370201510247501201400710   329.33     30      0    16.00  0.00 18.00
B18619343          37370201510247501326000383   734.45     10      0     0.00  0.00 18.00
B18619344          37370201510247501385493850   354.58     60      0     0.00  9.09  5.00
B18619345          37370201510247501082212136   893.24     20      0     0.00  0.00  0.00
B18619345          37370201510247501082212181   562.17     15      0     0.00  0.00  0.00
B18619345          37370201510247501089808936   345.38     10      0     0.00  0.00  0.00
B18619345          37370201510247501089808943   673.92     10      0     0.00  0.00  0.00
B18619345          37370201510247501871720217   113.85      5      0     0.00  0.00  0.00
B18619345          37370201510247501871720668   157.78      5      0     0.00  0.00  0.00
B18619345          37370201510247501871720682   353.46     10      0     0.00  0.00  0.00
B18619345          37370201510247501871720590   719.62     40      0     0.00  0.00  0.00
B18619345          37370201510247501098624114   344.00      1      0     0.00  0.00  0.00
B18619345          37370201510247501098633260   473.00     60      0     0.00  0.00  0.00
B18619345          37370201510247501082212228   867.52      3      0     0.00  0.00  0.00
B18619345          37370201510247501871720774   161.92     20      0     0.00  0.00  0.00
B18619345          37370201510247501082212297  1129.29     10      0     0.00  0.00  0.00
B18619345          37370201510247501298213040   380.22     10      0     0.00  0.00  0.00
B18619345          37370201510247501098611329   405.00     60      0     0.00  0.00  0.00
B18619345          37370201510247501037980189   722.26     15      0     0.00  0.00  0.00
B18619345          37370201510247501298214207   378.95      2      0     0.00  0.00  0.00
B18619345          37370201510247501300408938   112.50     10      0     0.00  0.00  0.00
B18619345          37370201510247501092777212   384.02     20      0     0.00  0.00  0.00
B18619345          37370201510247501092777229   633.27     20      0     0.00  0.00  0.00
B18619345          37370201510247501871721214   739.30     25      0     0.00  0.00  0.00
B18619345          37370201510247501037905588   489.91     25      0     0.00  0.00  0.00
B18619345          37370201510247501033955969  1067.11      3      0     0.00  0.00  0.00
B18619345          37370201510247501082242409  1487.38      5      0     0.00  0.00  0.00
B18619345          37370201510248020030053106   380.01     10      0     0.00  0.00  0.00
B18619345          37370201510247501089803351   152.28     20      0     0.00  0.00  0.00
B18619345          37370201510248430308015901   480.27     10      0     0.00  0.00  0.00
B18619345          37370201510247501082242454   867.52      5      0     0.00  0.00  0.00
B18619345          37370201510247841141003436   255.61     50      0     0.00  0.00  0.00
B18619345          37370201510247501043101011   704.97      3      0     0.00  0.00  0.00
B18619345          37370201510247501098608398   318.00      5      0     0.00  0.00  0.00
B18619345          37370201510247501033957970   523.67      2      0     0.00  0.00  0.00
B18619345          37370201510247501033958861   893.57      5      0     0.00  0.00  0.00
B18619345          37370201510247501298204994   553.24      2      0     0.00  0.00  0.00
B18619345          37370201510247501298205038   411.87      5      0     0.00  0.00  0.00
B18619345          37370201510247501082242041   332.03     10      0     0.00  0.00  0.00
B18619345          37370201510247501089801173   576.72     15      0     0.00  0.00  0.00
B18619345          37370201510247501072340603   434.75      2      0     0.00  0.00  0.00
B18619345          37370201510247501298234809    72.36      5      0     0.00  0.00  0.00
B18619345          37370201510247501009071938  1099.47      1      0     0.00  0.00  0.00
B18619345          37370201510247501037985085   657.78      5      0     0.00  0.00  0.00
B18619345          37370201510247501328979229   780.07     20      0     0.00  0.00  0.00
B18619305          3737220151024 786759200624    12.34    380      0     0.00  0.00 18.00
B18619305          37372201510247501314701773   350.37     10      0     0.00  0.00 18.00
B18619305          37372201510247501070903695   318.40     10      0     0.00  0.00 18.00
B18619305          3737220151024 786759213075    10.60   2000      0     0.00  0.00 18.00
B18619305          37372201510247501250813295   934.60     50      0     0.00  0.00 18.00
B18619305          37372201510247501314704828   313.01     30      0     0.00  0.00 18.00
B18619305          3737220151024 786759200877    10.60    208      0     0.00  0.00 18.00
B18619305          37372201510247501250810645   290.08     20      0     0.00  4.76 18.00
B18619305          37372201510247503007704573   152.81     20      0     0.00  0.00 18.00
B18619306          37372201510247501385493850   354.58    100      0     0.00  9.09  5.00
B18619307          37372201510247501033954412   720.58     20      0     0.00  0.00  0.00
B18619307          37372201510247501328979229   780.07     15      0     0.00  0.00  0.00
B18619307          37372201510247501328979564   425.63     10      0     0.00  0.00  0.00
B18619307          37372201510247501009071938  1099.47      2      0     0.00  0.00  0.00
B18619307          37372201510247501033950827   486.91     20      0     0.00  0.00  0.00
B18619307          37372201510247501033952760   275.74     31      0     0.00  0.00  0.00
B18619307          37372201510247501871730339   336.77     10      0     0.00  0.00  0.00
B18619307          37372201510247501098602815    58.00     30      0     0.00  0.00  0.00
B18619307          37372201510247501098633260   473.00    200      0     0.00  0.00  0.00
B18619307          37372201510247501098605755   369.00      5      0     0.00  0.00  0.00
B18619307          37372201510247501098606103   358.00     10      0     0.00  0.00  0.00
B18619307          37372201510247501098606127   434.00      5      0     0.00  0.00  0.00
B18619307          37372201510247501089809438   116.64     20      0     0.00  0.00  0.00
B18619307          37372201510247501871720682   353.46     20      0     0.00  0.00  0.00
B18619307          37372201510247501092777212   384.02     50      0     0.00  0.00  0.00
B18619307          37372201510247501871720774   161.92     50      0     0.00  0.00  0.00
B18619307          37372201510247730979091374   160.45     30      0     0.00  0.00  0.00
B18619307          37372201510248020030053090   205.91     10      0     0.00  0.00  0.00
B18619307          37372201510247501300407054    67.50     30      0     0.00  0.00  0.00
B18619308          37372201510247501318685499  1651.88     20      0     0.00  0.00 10.00
B18619309          37372201510247501289514460   253.51     30      0     0.00  0.00 15.00
B18619310          37372201510247501326000864  1035.49     50      0     0.00  0.00 18.00
B18619310          37372201510247501328977980   255.96     20      0     0.00  0.00 18.00
B18619310          37372201510247501201400659   431.46     50      0    16.00  0.00 18.00
B18619310          3737220151024 300090887018   362.49     50      0     0.00  0.00 18.00
B18619310          37372201510247502224228787  1345.14     10      0    16.00  0.00 18.00
B18619310          37372201510247502224228916   202.22     10      0    16.00  0.00 18.00
B18619310          37372201510247501287669001   137.77      5      0     0.00  0.00 18.00
B18619310          37372201510247501287620507   482.43    100      0     0.00  0.00 18.00
B18619310          37372201510247501094914431   464.08     50      0     0.00  0.00 18.00
B18619310          37372201510247501287652362   582.61     20      0     0.00  9.09 18.00
B18618192          3737320151024 891671002062  1677.55      2      0     0.00  0.00 10.00
B18618192          37373201510247501088507052  1246.27      3      0     0.00  0.00 10.00
B18619311          37373201510247501250810645   290.08     30      0     0.00  4.76 18.00
B18619311          37373201510247501094916855   991.00      5      0     0.00  0.00 18.00
B18619311          37373201510247501094916848  1020.25      5      0     0.00  0.00 18.00
B18619311          37373201510247501088507601   452.84     10      0     0.00  0.00 18.00
B18619311          37373201510247501124814052   824.72     10      0     0.00  0.00 18.00
B18619311          37373201510247501168810508   394.42      5      0     0.00  0.00 18.00
B18619311          37373201510247502209290587   486.11      5      0     0.00  0.00 18.00
B18619311          37373201510247501299307199   302.81      3      0     0.00  0.00 18.00
B18619311          37373201510247501088507618   570.34      3      0     0.00  0.00 18.00
B18619311          37373201510247501314701322   634.47      5      0     0.00  0.00 18.00
B18619311          37373201510247501293200649   171.28      5      0     0.00  0.00 18.00
B18619311          37373201510247501070615277   352.36     70      0     0.00  9.09 18.00
B18619311          37373201510247501273500073   171.49     10      0    16.00  0.00 18.00
B18619311          37373201510247501273500417   223.15      2      0    16.00  0.00 18.00
B18619311          37373201510243282776432026   106.21      3      0    16.00  0.00 18.00
B18619311          37373201510247501094916640   750.35      2      0     0.00  0.00 18.00
B18619311          37373201510247501250813295   934.60     30      0     0.00  0.00 18.00
B18619311          37373201510247502209290181   438.71      2      0     0.00  0.00 18.00
B18619311          37373201510247501070903695   318.40      5      0     0.00  0.00 18.00
B18619311          37373201510247503007704658   306.57     10      0     0.00  0.00 18.00
B18619311          37373201510247501070636531   544.63      5      0     0.00  9.09 18.00
B18619311          3737320151024 008400005229   268.94      5      0     0.00 16.66 18.00
B18619311          37373201510247501022110263   407.00     30      0     0.00  0.00 18.00
B18619311          3737320151024 008400004536   222.37     10      0     0.00  0.00 18.00
B18619311          37373201510247501250838786   528.82     10      0     0.00  0.00 18.00
B18619311          3737320151024 008400000446   215.74      5      0     0.00  9.09 18.00
B18619311          37373201510247501250838311   946.01     10      0     0.00  4.76 18.00
B18619311          37373201510247501124813994  2097.31      3      0     0.00  0.00 18.00
B18619311          37373201510247501088504501   272.61     10      0     0.00  0.00 18.00
B18619311          37373201510247501094914103   186.33      2      0     0.00  0.00 18.00
B18619311          37373201510247501124814007  2097.31      2      0     0.00  0.00 18.00
B18619311          37373201510247503007315021   234.36      1      0     0.00  0.00 18.00
B18619311          37373201510247501299307168   586.65     30      0     0.00  0.00 18.00
B18619311          37373201510247501385420504   378.66      2      0     0.00  9.09 18.00
B18619311          37373201510247501088504808   443.26     10      0     0.00  0.00 18.00
B18619311          37373201510247501088504365   495.74     10      0     0.00  0.00 18.00
B18619311          3737320151024 736085401226   252.69      3      0     0.00  0.00 18.00
B18619311          3737320151024 736085405668   365.39      3      0     0.00  0.00 18.00
B18619311          37373201510247501168810607    84.46      3      0     0.00  0.00 18.00
B18619311          37373201510247501168810713   482.98     10      0     0.00  0.00 18.00
B18619311          37373201510247501124855208   310.00      6      0     0.00  0.00 18.00
B18619311          37373201510247501168890180   334.56      5      0     0.00  0.00 18.00
B18619311          37373201510247501258203227   465.51      3      0     0.00  0.00 18.00
B18619311          37373201510247501258203234   697.87      5      0     0.00  0.00 18.00
B18619311          37373201510247502209290075   518.34      5      0     0.00  0.00 18.00
B18619311          37373201510247501070902384   325.67      3      0     0.00  0.00 18.00
B18619311          37373201510247501250813363   535.34     30      0     0.00  0.00 18.00
B18619311          3737320151024 008400000774   123.41      3      0     0.00  0.00 18.00
B18619311          3737320151024 008400005489   408.75      3      0     0.00  0.00 18.00
B18619312          37373201510247501122960317   276.17      3      0     0.00  9.09  8.00
B18619312          37373201510247501123014101   199.20      5      0     0.00  9.09  8.00
B18619312          37373201510245702191009026   616.95      5      0     0.00  0.00  8.00
B18619312          37373201510247501390912766   496.10      3      0    16.00  0.00  8.00
B18619313          37373201510247501098606608   259.00      2      0     0.00  0.00  0.00
B18619313          37373201510247501037908671   714.88     10      0     0.00  0.00  0.00
B18619313          37373201510247501037905588   489.91     20      0     0.00  0.00  0.00
B18619313          37373201510247502257270067   446.82      5      0     0.00  0.00  0.00
B18619313          37373201510247501089803351   152.28      5      0     0.00  0.00  0.00
B18619313          37373201510247501037965148  1146.02      1      0     0.00  0.00  0.00
B18619313          37373201510247501037965131  1134.93      1      0     0.00  0.00  0.00
B18619313          37373201510248430308015901   480.27      3      0     0.00  0.00  0.00
B18619313          37373201510247501082242454   867.52      2      0     0.00  0.00  0.00
B18619313          37373201510247501089803368   186.62      3      0     0.00  0.00  0.00
B18619313          37373201510248027950210497   714.00      3      0     0.00  0.00  0.00
B18619313          37373201510247501300407177   254.38     10      0     0.00  0.00  0.00
B18619313          37373201510247841141003436   255.61     80      0     0.00  0.00  0.00
B18619313          37373201510243401053831356    59.66     10      0    16.00  0.00  0.00
B18619313          37373201510247501043100137   602.93      3      0     0.00  0.00  0.00
B18619314          37373201510247501303443530   303.10      2      0     0.00  0.00 10.00
B18619314          37373201510247501318643482   580.21      3      0     0.00  0.00 10.00
B18619314          37373201510247501318610798   472.21      3      0     0.00  0.00 10.00
B18619314          37373201510247703331157506   279.64      5      0     0.00  0.00 10.00
B18619314          37373201510247703281004325   159.20      5      0    16.00  0.00 10.00
B18619314          37373201510247501390911035   268.14      5      0     0.00  0.00 10.00
B18619314          37373201510247501390912209   232.88      3      0     0.00  0.00 10.00
B18619314          37373201510247501390910991   296.84      3      0     0.00  0.00 10.00
B18619314          37373201510247501318685499  1651.88      5      0     0.00  0.00 10.00
B18619314          37373201510247501293201660   323.57     10      0     0.00  0.00 10.00
B18619314          37373201510247501303433029   204.32      2      0     0.00 16.66 10.00
B18619315          37373201510247501101615856   499.90      5      0     0.00  0.00 15.00
B18619315          37373201510247501289514460   253.51     50      0     0.00  0.00 15.00
B18619315          37373201510247501101649097   671.79      5      0     0.00  0.00 15.00
B18619316          37373201510247501201490797   494.46     10      0     0.00  0.00 18.00
B18619316          37373201510247502216931763   372.73      6      0     0.00  0.00 18.00
B18619316          37373201510247501201400833   637.76      6      0     0.00  0.00 18.00
B18619316          37373201510247502216930865   270.19      5      0     0.00  0.00 18.00
B18619316          37373201510247501326008402   975.88     20      0     0.00  0.00 18.00
B18619316          37373201510243700039500034   451.91      5      0     0.00  0.00 18.00
B18619316          37373201510247501108713517  1727.76      2      0     0.00  0.00 18.00
B18619316          37373201510247501108715528  1739.96      2      0     0.00  0.00 18.00
B18619316          37373201510247501326008396   932.20      3      0     0.00  0.00 18.00
B18619316          37373201510247501326000383   734.45     10      0     0.00  0.00 18.00
B18619316          37373201510247501326004190   962.53     20      0     0.00  0.00 18.00
B18619316          37373201510247501326004947   909.98     50      0     0.00  0.00 18.00
B18619316          37373201510247501326001137   888.34     10      0     0.00  0.00 18.00
B18619316          37373201510247501049721114   321.98      5      0     0.00  0.00 18.00
B18619316          37373201510247501326001151   888.34      3      0     0.00  0.00 18.00
B18619316          37373201510247501326001175   888.34      2      0     0.00  0.00 18.00
B18619316          37373201510247501049721145   500.38      5      0     0.00  0.00 18.00
B18619316          37373201510247501287669001   137.77      5      0     0.00  0.00 18.00
B18619316          37373201510247501326001977  1187.82     70      0     0.00  0.00 18.00
B18619316          37373201510247501287669032   168.97      3      0     0.00  0.00 18.00
B18619316          37373201510247501326000864  1035.49     15      0     0.00  0.00 18.00
B18619316          37373201510247501326004176   459.72     30      0     0.00  0.00 18.00
B18619316          37373201510247501108712374   648.20      2      0     0.00  0.00 18.00
B18619316          37373201510247501287619105   618.85      5      0     0.00  0.00 18.00
B18619316          37373201510247501326003568   533.94     10      0     0.00  0.00 18.00
B18619316          37373201510247502216930568   188.12      5      0     0.00  9.09 18.00
B18619316          37373201510247501328977980   255.96      5      0     0.00  0.00 18.00
B18619316          37373201510247501287652683   584.66     10      0     0.00  0.00 18.00
B18619316          37373201510247501287613516   647.82      6      0     0.00  0.00 18.00
B18619316          37373201510247501201400352   649.91      6      0     0.00  0.00 18.00
B18619316          37373201510247501201400710   329.33     30      0    16.00  0.00 18.00
B18619316          37373201510247501108767923  1278.70      3      0     0.00  0.00 18.00
B18619316          37373201510247501201400406   469.75      5      0     0.00  0.00 18.00
B18619316          37373201510247501201400567   363.86     20      0     0.00  0.00 18.00
B18619316          37373201510247501201400659   431.46     10      0    16.00  0.00 18.00
B18619317          37373201510247501009071938  1099.47     40      0     0.00  0.00  0.00
B18619317          37373201510247501033923234   281.70      5      0     0.00  0.00  0.00
B18619317          37373201510247501324402288   208.00      3      0     0.00  0.00  0.00
B18619317          37373201510248430308015109   161.61      2      0     0.00  0.00  0.00
B18619317          37373201510248430308624516   221.81      3      0     0.00  0.00  0.00
B18619317          37373201510247501298209067   282.18      5      0     0.00  0.00  0.00
B18619317          37373201510247501298234700   149.98     10      0     0.00  0.00  0.00
B18619317          37373201510247501409201270   325.98     10      0     0.00  0.00  0.00
B18619317          37373201510247501082242041   332.03     10      0     0.00  0.00  0.00
B18619317          37373201510247501089801166   295.49     10      0     0.00  0.00  0.00
B18619317          37373201510247501089801265   266.98      3      0     0.00  0.00  0.00
B18619317          37373201510247501089800268   198.94      3      0     0.00  0.00  0.00
B18619317          37373201510247501089800664   486.00      6      0     0.00  0.00  0.00
B18619317          37373201510247501033954412   720.58     20      0     0.00  0.00  0.00
B18619317          37373201510247501033920325   278.58      5      0     0.00  0.00  0.00
B18619317          37373201510247501033920332   523.33      3      0     0.00  0.00  0.00
B18619317          37373201510247501871720941   939.99      5      0     0.00  0.00  0.00
B18619317          37373201510247501089808936   345.38      3      0     0.00  0.00  0.00
B18619317          37373201510247501089808943   673.92      5      0     0.00  0.00  0.00
B18619317          37373201510247501089802071   231.98     10      0     0.00  0.00  0.00
B18619317          37373201510243393370037408   677.23      5      0     0.00  0.00  0.00
B18619317          37373201510247501089803160    90.07      5      0     0.00  0.00  0.00
B18619317          37373201510247501089803177   171.72     10      0     0.00  0.00  0.00
B18619317          37373201510247501871720675   139.21     10      0     0.00  0.00  0.00
B18619317          37373201510247501871720682   353.46     10      0     0.00  0.00  0.00
B18619317          37373201510247501871720590   719.62     28      0     0.00  0.00  0.00
B18619317          37373201510247501082212136   893.24     10      0     0.00  0.00  0.00
B18619317          37373201510247501082212082   419.71      3      0     0.00  0.00  0.00
B18619317          37373201510247501098603317    57.00      5      0     0.00  0.00  0.00
B18619317          37373201510247501098603690   223.00      5      0     0.00  0.00  0.00
B18619317          37373201510247501098611305   284.00     20      0     0.00  0.00  0.00
B18619317          37373201510247501098611329   405.00     80      0     0.00  0.00  0.00
B18619317          37373201510247501082212198   562.17      5      0     0.00  0.00  0.00
B18619317          37373201510247501082212228   867.52      1      0     0.00  0.00  0.00
B18619317          37373201510247501871720750   352.60      2      0     0.00  0.00  0.00
B18619317          37373201510247501871720774   161.92     20      0     0.00  0.00  0.00
B18619317          37373201510247501082212297  1129.29      5      0     0.00  0.00  0.00
B18619317          37373201510247501089801180   304.56      6      0     0.00  0.00  0.00
B18619317          37373201510247501098605755   369.00      2      0     0.00  0.00  0.00
B18619317          37373201510247501082242256   466.32     10      0     0.00  0.00  0.00
B18619317          37373201510247501098610803   183.00      5      0     0.00  0.00  0.00
B18619317          37373201510247501089800053   254.66      5      0     0.00  0.00  0.00
B18619317          37373201510247501089800060   310.39      3      0     0.00  0.00  0.00
B18619317          37373201510247501082224214   969.30     40      0     0.00  0.00  0.00
B18619317          37373201510247501285600334   120.50      3      0     0.00  0.00  0.00
B18619317          37373201510247501098633260   473.00     10      0     0.00  0.00  0.00
B18619317          37373201510247501050625272    82.85     30      0    16.00  0.00  0.00
B18619317          37373201510247501871721214   739.30     28      0     0.00  0.00  0.00
B18619317          37373201510247501098605915   776.00      5      0     0.00  0.00  0.00
B18619317          37373201510247501092776413   236.82     10      0     0.00  0.00  0.00
B18618193          37374201510248430308020561   603.00      4      0     0.00  0.00  0.00
B18619318          37374201510247501124810863   991.84      5      0     0.00  0.00 18.00
B18619318          37374201510247501314703333   211.85      5      0     0.00  0.00 18.00
B18619318          3737420151024     75004088   129.08      3      0     0.00  0.00 18.00
B18619318          37374201510247501094914875  1234.99      3      0     0.00  0.00 18.00
B18619318          37374201510247501124818234   411.11      2      0     0.00  0.00 18.00
B18619318          37374201510247501088617959   461.28      5      0    16.00  0.00 18.00
B18619318          37374201510247501250838915   767.56      5      0     0.00  4.76 18.00
B18619319          37374201510247501082242041   332.03      7      0     0.00  0.00  0.00
B18619319          37374201510247501098611329   405.00     60      0     0.00  0.00  0.00
B18619319          37374201510247501098610803   183.00      5      0     0.00  0.00  0.00
B18619319          37374201510247501054530107   132.05      4      0    16.00  0.00  0.00
B18619319          37374201510247501082212297  1129.29      7      0     0.00  0.00  0.00
B18619319          37374201510247501289501613   207.34      5      0     0.00  0.00  0.00
B18619319          37374201510247501285600075   366.36      4      0     0.00  0.00  0.00
B18619319          37374201510247501098610810   240.00      5      0     0.00  0.00  0.00
B18619319          37374201510247501098611305   284.00      5      0     0.00  0.00  0.00
B18619319          37374201510247501871730339   336.77      5      0     0.00  0.00  0.00
B18619319          37374201510247501871720507   276.70      5      0     0.00  0.00  0.00
B18619319          37374201510247501328980119   248.44     10      0     0.00  0.00  0.00
B18619319          37374201510247501089808943   673.92      4      0     0.00  0.00  0.00
B18619319          37374201510247501089802057   236.52      4      0     0.00  0.00  0.00
B18619319          37374201510247501328980331   542.03      4      0     0.00  0.00  0.00
B18619319          37374201510247501089800664   486.00      7      0     0.00  0.00  0.00
B18619319          37374201510247501165001619   510.88      5      0     0.00  0.00  0.00
B18619319          37374201510247501871720934   329.20      7      0     0.00  0.00  0.00
B18619319          37374201510247501082212198   562.17      4      0     0.00  0.00  0.00
B18619319          37374201510247501089804310   210.60      5      0     0.00  0.00  0.00
B18619319          37374201510247501089809506   113.40      4      0     0.00  0.00  0.00
B18619319          37374201510247501089803177   171.72     20      0     0.00  0.00  0.00
B18619319          37374201510247501871720620   363.89      5      0     0.00  0.00  0.00
B18619319          37374201510247501871720668   157.78      5      0     0.00  0.00  0.00
B18619319          37374201510247501871720682   353.46      7      0     0.00  0.00  0.00
B18619319          37374201510247501871720590   719.62     30      0     0.00  0.00  0.00
B18619319          37374201510247501082212136   893.24     20      0     0.00  0.00  0.00
B18619319          37374201510247501298205038   411.87      7      0     0.00  0.00  0.00
B18619319          37374201510247501324403612   728.00      5      0     0.00  0.00  0.00
B18619319          37374201510247501300408204   216.88      5      0     0.00  0.00  0.00
B18619319          37374201510248430308413516   225.96      5      0     0.00  0.00  0.00
B18619319          37374201510247501298204987   340.05      4      0     0.00  0.00  0.00
B18619319          37374201510247501324403223   510.00      7      0     0.00  0.00  0.00
B18619319          37374201510247501043166522   705.24     20      0     0.00  0.00  0.00
B18619319          37374201510247891010020927    43.86      5      0    16.00  0.00  0.00
B18619319          37374201510247502216930575   143.60      7      0     0.00  0.00  0.00
B18619319          37374201510247501050625272    82.85     40      0    16.00  0.00  0.00
B18619319          37374201510247501033921759   286.35      4      0     0.00  0.00  0.00
B18619319          37374201510247501098633260   473.00     30      0     0.00  0.00  0.00
B18619319          37374201510247501098605229  1161.00      5      0     0.00  0.00  0.00
B18619319          37374201510247501328979274   970.33      4      0     0.00  0.00  0.00
B18619319          37374201510247501092777212   384.02     20      0     0.00  0.00  0.00
B18619319          37374201510247501033920325   278.58      7      0     0.00  0.00  0.00
B18619319          37374201510247501092701033    77.20     10      0     0.00  0.00  0.00
B18619319          37374201510247501328979601   949.87      7      0     0.00  0.00  0.00
B18619319          37374201510247501559614135   790.05      4      0     0.00  0.00  0.00
B18619319          37374201510247501033953057   173.89      5      0     0.00  0.00  0.00
B18619319          37374201510247501037910025   535.12      2      0     0.00  0.00  0.00
B18619319          37374201510247501033923234   281.70      7      0     0.00  0.00  0.00
B18619319          37374201510247501033921292   400.12      8      0     0.00  0.00  0.00
B18619320          37374201510247501385493850   354.58     59      0     0.00  9.09  5.00
B18619321          37374201510247501037905588   489.91     20      0     0.00  0.00  0.00
B18619321          37374201510247501082242409  1487.38      4      0     0.00  0.00  0.00
B18619321          37374201510247501043100670  1092.40      5      0     0.00  0.00  0.00
B18619321          37374201510247501871721214   739.30     30      0     0.00  0.00  0.00
B18619321          37374201510247501098605915   776.00      7      0     0.00  0.00  0.00
B18619321          37374201510247501022101681   118.47      7      0     0.00  6.00  0.00
B18619321          37374201510247501092776413   236.82      7      0     0.00  0.00  0.00
B18619321          37374201510247501037908671   714.88      7      0     0.00  0.00  0.00
B18619321          37374201510248430308015901   480.27      4      0     0.00  0.00  0.00
B18619321          37374201510247501165007789   412.49      3      0     0.00  0.00  0.00
B18619321          37374201510247841141003436   255.61     40      0     0.00  0.00  0.00
B18619321          37374201510248020030053106   380.01      4      0     0.00  0.00  0.00
B18619321          37374201510247501037925579   771.26      5      0     0.00  0.00  0.00
B18619321          37374201510247501043100830   927.40      5      0     0.00  0.00  0.00
B18619321          37374201510247501043100847  1024.88      5      0     0.00  0.00  0.00
B18619321          37374201510247730979095464   281.59      7      0     0.00  0.00  0.00
B18619321          37374201510247501089803368   186.62      7      0     0.00  0.00  0.00
B18619321          37374201510247501043101011   704.97      5      0     0.00  0.00  0.00
B18619321          37374201510247501098608398   318.00      5      0     0.00  0.00  0.00
B18619322          37374201510243499320001205   249.66      7      0     0.00  0.00  8.00
B18619322          37374201510243499320001328   164.21     10      0     0.00  0.00  8.00
B18619322          37374201510243499320001335   182.04      7      0     0.00  0.00  8.00
B18619322          37374201510245702191008098   205.65      7      0     0.00  0.00  8.00
B18619322          37374201510247501390912766   496.10      5      0    16.00  0.00  8.00
B18619322          37374201510243499320002448   596.99      7      0     0.00  0.00  8.00
B18619322          37374201510247501122967019   301.07      5      0     0.00  9.09  8.00
B18619322          37374201510247501123017454   270.13      4      0     0.00 16.66  8.00
B18619322          37374201510247501122961505   224.11      7      0     0.00 16.66  8.00
B18619322          37374201510247501122961901   260.60      7      0     0.00  9.09  8.00
B18619322          37374201510243499320000215   248.87      5      0     0.00  0.00  8.00
B18619323          37374201510247501318608191  1264.25      7      0     0.00  0.00 10.00
B18619323          37374201510247501390911004   327.18      4      0     0.00  0.00 10.00
B18619323          37374201510247501293201653   197.16      5      0     0.00  0.00 10.00
B18619323          37374201510244019338605159   323.57     10      0     0.00  0.00 10.00
B18619323          37374201510247501303455793   127.20      5      0     0.00  0.00 10.00
B18619323          37374201510247501318635784   197.60      4      0     0.00  0.00 10.00
B18619323          37374201510247501318626522   334.07      5      0     0.00  0.00 10.00
B18619323          37374201510247501318626706   612.03      6      0     0.00  0.00 10.00
B18619323          37374201510247703281007616   552.00      5      0    16.00  0.00 10.00
B18619323          37374201510247703331157506   279.64      5      0     0.00  0.00 10.00
B18619323          37374201510247501390911028   482.98      5      0     0.00  0.00 10.00
B18619323          37374201510247501390912209   232.88      5      0     0.00  0.00 10.00
B18619323          37374201510247896116861566   279.64      7      0     0.00  0.00 10.00
B18619323          37374201510247896116880543   529.15      5      0     0.00  0.00 10.00
B18619323          37374201510247501318600508  1179.68      7      0     0.00  0.00 10.00
B18619323          37374201510247501303441383    78.71      5      0     0.00  0.00 10.00
B18619323          3737420151024 891671002277   299.87      5      0     0.00  9.09 10.00
B18619323          37374201510247501390912551   266.50      4      0    16.00  0.00 10.00
B18619324          37374201510243337872414527   280.84      7      0    16.00  0.00 14.00
B18619325          37374201510247501101615856   499.90     30      0     0.00  0.00 15.00
B18619325          37374201510247501289511292  1299.88      4      0     0.00  0.00 15.00
B18619325          37374201510247501101649035   500.73      7      0     0.00  0.00 15.00
B18619325          37374201510247503006916724   423.12      5      0     0.00  0.00 15.00
B18619325          37374201510247501101606236   480.80      5      0     0.00  0.00 15.00
B18619325          37374201510247501101612084   504.05      7      0     0.00  0.00 15.00
B18619326          37374201510247501326000345   465.77      7      0     0.00  0.00 18.00
B18619326          37374201510247501326000383   734.45      7      0     0.00  0.00 18.00
B18619326          37374201510247501326007368  1085.76      4      0     0.00  0.00 18.00
B18619326          37374201510243700039500034   451.91      5      0     0.00  0.00 18.00
B18619326          37374201510247501287688361   667.51      7      0     0.00  0.00 18.00
B18619326          37374201510247501142936286   747.33      7      0     0.00  0.00 18.00
B18619326          37374201510247501287688569  1623.79      7      0     0.00  0.00 18.00
B18619326          37374201510247501201400567   363.86     20      0     0.00  0.00 18.00
B18619326          37374201510247501326008402   975.88      7      0     0.00  0.00 18.00
B18619326          37374201510247501326001137   888.34     20      0     0.00  0.00 18.00
B18619326          37374201510247501201400581   655.73      7      0     0.00  0.00 18.00
B18619326          37374201510247501326001151   888.34      5      0     0.00  0.00 18.00
B18619326          37374201510247501201490797   494.46      7      0     0.00  0.00 18.00
B18619326          37374201510247501049721114   321.98      2      0     0.00  0.00 18.00
B18619326          37374201510247501326000864  1035.49     10      0     0.00  0.00 18.00
B18619326          37374201510247501326001977  1187.82     20      0     0.00  0.00 18.00
B18619326          37374201510247501049721145   500.38      5      0     0.00  0.00 18.00
B18619326          37374201510247501326004060   486.26     15      0     0.00  0.00 18.00
B18619326          37374201510247501049721176   269.55      5      0     0.00  0.00 18.00
B18619326          37374201510247501287669001   137.77      5      0     0.00  0.00 18.00
B18619326          37374201510247501326004176   459.72     70      0     0.00  0.00 18.00
B18619326          37374201510247501326003520   975.71      5      0     0.00  0.00 18.00
B18619326          37374201510247501287619105   618.85     10      0     0.00  0.00 18.00
B18619326          37374201510247501326003568   533.94      7      0     0.00  0.00 18.00
B18619326          37374201510247501108767893  1279.72      7      0     0.00  0.00 18.00
B18619326          37374201510247501201400727   968.37      7      0     0.00  0.00 18.00
B18619326          37374201510247501287652683   584.66     15      0     0.00  0.00 18.00
B18619326          37374201510247501287688347   562.06      5      0     0.00  0.00 18.00
B18619326          37374201510247501287613516   647.82      7      0     0.00  0.00 18.00
B18619326          37374201510247501050600873   544.79      7      0     0.00  0.00 18.00
B18619326          37374201510247501201400710   329.33     20      0    16.00  0.00 18.00
B18619326          37374201510247501108767923  1278.70      7      0     0.00  0.00 18.00
B18619326          37374201510247501201400635   751.62      7      0     0.00  0.00 18.00
B18619326          37374201510247501201400659   431.46     20      0    16.00  0.00 18.00
B18619326          37374201510247502224228763   554.38      5      0    16.00  0.00 18.00
B18619326          37374201510247502224228787  1345.14      5      0    16.00  0.00 18.00
B18619326          37374201510247501201400833   637.76      7      0     0.00  0.00 18.00
B18619327          37374201510247501250810645   290.08     30      0     0.00  4.76 18.00
B18619327          37374201510247501299307168   586.65     10      0     0.00  0.00 18.00
B18619327          37374201510247501273500301   100.94     10      0    16.00  0.00 18.00
B18619327          37374201510247501088504365   495.74     30      0     0.00  0.00 18.00
B18619327          37374201510244035710006628   167.01     10      0    16.00 16.66 18.00
B18619327          37374201510247501250813530   748.01     30      0     0.00  4.76 18.00
B18619327          37374201510247501088507618   570.34     10      0     0.00  0.00 18.00
B18619327          37374201510247501250813363   535.34     20      0     0.00  0.00 18.00
B18619327          37374201510247501273500417   223.15      4      0    16.00  0.00 18.00
B18619327          37374201510247501314705535   744.45      4      0     0.00  0.00 18.00
B18619327          37374201510247501070635756   297.90      5      0     0.00  9.09 18.00
B18619327          37374201510247501273500165   206.67      5      0    16.00  0.00 18.00
B18619327          37374201510247501080911178   161.22      5      0    16.00  0.00 18.00
B18619327          37374201510247501124103118   203.11      5      0     0.00  0.00 18.00
B18619327          37374201510247501070903695   318.40      5      0     0.00  0.00 18.00
B18619327          37374201510247501273500509   239.64     10      0    16.00  0.00 18.00
B18619327          37374201510247501094913298   421.97      7      0     0.00  0.00 18.00
B18619327          37374201510247501094915223   821.38      7      0     0.00  0.00 18.00
B18619327          37374201510247501088507601   452.84      7      0     0.00  0.00 18.00
B18619327          37374201510247501273500387   206.67      7      0    16.00  0.00 18.00
B18619327          37374201510247501094915230  1491.51      7      0     0.00  0.00 18.00
B18619327          37374201510247501273500073   171.49      7      0    16.00  0.00 18.00
B18619327          37374201510247501384541248   876.09     12      0     0.00  0.00 18.00
B18619327          37374201510247501385491085   181.86      7      0     0.00  9.09 18.00
B18619327          3737420151024 736085280005   317.61      7      0    16.00  0.00 18.00
B18619327          3737420151024 736085905373   694.22      7      0     0.00  0.00 18.00
B18619327          37374201510247501094916695   502.18      5      0     0.00  0.00 18.00
B18619327          37374201510247503007704658   306.57      7      0     0.00  0.00 18.00
B18619327          37374201510247501124855208   310.00      5      0     0.00  0.00 18.00
B18619327          37374201510248470002456938   976.00      5      0    16.00  0.00 18.00
B18619327          37374201510247501250822174   506.82     14      0     0.00  4.76 18.00
B18619327          37374201510247501299307199   302.81      5      0     0.00  0.00 18.00
B18619327          37374201510247501250838786   528.82      7      0     0.00  0.00 18.00
B18619327          37374201510247503007315038   523.20      5      0     0.00 16.66 18.00
B18619327          37374201510247501250838212   404.97      7      0     0.00  4.76 18.00
B18619327          37374201510247501314706228   175.18      5      0     0.00  0.00 18.00
B18619327          37374201510247501250838311   946.01      7      0     0.00  4.76 18.00
B18619327          37374201510247501250838632   611.93      4      0     0.00  0.00 18.00
B18619327          37374201510247501094916855   991.00      4      0     0.00  0.00 18.00
B18619327          37374201510247501070902384   325.67     15      0     0.00  0.00 18.00
B18619327          37374201510247501088509810    66.48     10      0     0.00  0.00 18.00
B18619327          37374201510247501088507908   172.44      7      0     0.00  0.00 18.00
B18619327          37374201510247501094916848  1020.25      4      0     0.00  0.00 18.00
B18619327          37374201510247501088618451   440.27      5      0     0.00  0.00 18.00
B18619327          37374201510247501094916909  1219.12      4      0     0.00  0.00 18.00
B18619327          37374201510247501094916893  1219.12      4      0     0.00  0.00 18.00
B18619327          3737420151024 008400003232   165.25      5      0     0.00  0.00 18.00
B18619327          3737420151024 008400001245   192.79      5      0     0.00  0.00 18.00
B18619327          37374201510247501124814052   824.72      4      0     0.00  0.00 18.00
B18619327          37374201510247501314704934   313.01      5      0     0.00  0.00 18.00
