B19306509           521420160218 020800755719    55.76      2      0     0.00  5.00 18.00
B19306509           5214201602187501125100123    45.25      2      0     0.00  0.00 18.00
B19306509           5214201602187501125118333   343.63      2      0     0.00 14.28 18.00
B19306509           5214201602187501125130878    16.51      5      0     0.00  0.00 18.00
B19306510           521420160218 310742330762    96.63      3      0     0.00  0.00 18.00
B19306510           5214201602187501108763475    35.98      2      0     0.00  0.00 18.00
B19306511           5214201602187501008485057    39.79     18      0     0.00  0.00  0.00
B19306511           5214201602187501072300171    61.62      2      0     0.00  0.00  0.00
B19306511           5214201602187800005082123    39.24      3      0    16.00  0.00  0.00
B19306511           5214201602187501050624640    56.15      2      0     0.00  0.00  0.00
B19306511           5214201602187501037908084    65.89      5      0     0.00  9.09  0.00
B19306511           5214201602187501008409541    37.98      2      0     0.00  0.00  0.00
B19306511           5214201602187501034630070    88.82      2      0     0.00  0.00  0.00
B19306511           5214201602187501298217659   252.83      6      0     0.00  0.00  0.00
B19306511           521420160218 650240017100    47.10     15      0     0.00  0.00  0.00
B19306511           5214201602187501088505447   124.50      2      0     0.00  0.00  0.00
B19306511           5214201602187501299306475    57.85      2      0     0.00  0.00  0.00
B19306511           521420160218 650240010736    66.98      2      0    16.00  0.00  0.00
B19306511           5214201602187501092776413   236.82      2      0     0.00  0.00  0.00
B19306511           521420160218 650240015670    66.98      2      0    16.00  0.00  0.00
B19307040           521520160218 008400001313    42.90      2      0     0.00  0.00 18.00
B19307040           5215201602187501125139543   189.03      2      0     0.00 12.50 18.00
B19307041           5215201602187501123018031   166.93      2      0     0.00  9.09  8.00
B19307042           5215201602187501091440094    14.02      2      0     0.00  0.00  0.00
B19307042           5215201602187501035911017    27.25      5      0    16.00  0.00  0.00
B19307042           521520160218 650240011153    75.62      2      0     0.00  0.00  0.00
B19307042           5215201602184005808225958    31.44      5      0    16.00  0.00  0.00
B19307042           521520160218 650240004643    14.83      8      0    16.00  0.00  0.00
B19307042           5215201602187501080950146    34.12      2      0    16.00  0.00  0.00
B19307042           5215201602187501008485033    39.79      2      0     0.00  0.00  0.00
B19307042           5215201602187795320050325   190.27      2      0     0.00  0.00  0.00
B19307042           5215201602187501098603867    86.34      3      0     0.00  0.00  0.00
B19307042           5215201602187501054503095    27.01      3      0    16.00  0.00  0.00
B19307042           5215201602187501314704958   129.07      2      0     0.00  0.00  0.00
B19307042           5215201602187501034650559   107.82      2      0     0.00  0.00  0.00
B19307042           5215201602187501088579707    81.80      2      0     0.00  0.00  0.00
B19307042           5215201602187501022105191     8.11      3      0    16.00  2.00  0.00
B19307042           5215201602187502224227339    51.92      2      0     0.00  0.00  0.00
B19307042           5215201602187501050623766    49.72      2      0     0.00  0.00  0.00
B19307042           521520160218 650240017100    47.10      2      0     0.00  0.00  0.00
B19308568           5223201602187501168810621   172.20      2      0     0.00  0.00 18.00
B19308568           5223201602187503008821101    57.53      2      0    16.00  0.00 18.00
B19308568           5223201602187590002037843    44.57      2      0     0.00  8.00 18.00
B19308568           5223201602187501070903510   105.04      2      0     0.00  0.00 18.00
B19308568           5223201602187501124812874    80.21      3      0     0.00  0.00 18.00
B19308569           5223201602187502242120001    94.00      2      0     0.00  0.00 15.00
B19308570           5223201602187501086453221   127.23      3      0    16.00  0.00  0.00
B19308570           5223201602187501159514026   145.17      2      0     0.00  0.00  0.00
B19308570           5223201602187501328976020   149.91      2      0     0.00  0.00  0.00
B19308570           5223201602187501089804310   210.60      2      0     0.00  0.00  0.00
B19308570           5223201602187501008485057    39.79     14      0     0.00  0.00  0.00
B19308570           5223201602187501314702657   150.59      2      0     0.00  0.00  0.00
B19308570           5223201602187501048333202    16.09      2      0    16.00  0.00  0.00
B19308570           522320160218 650240006203   129.54      2      0     0.00  0.00  0.00
B19308570           5223201602187501008485033    39.79      3      0     0.00  0.00  0.00
B19308570           522320160218 650240012525    35.76      2      0    16.00  0.00  0.00
B19308570           5223201602187501091440094    14.02      2      0     0.00  0.00  0.00
B19308570           5223201602187501001157296    14.29      8      0    16.00  0.00  0.00
B19308570           5223201602187501080950146    34.12      3      0    16.00  0.00  0.00
B19308570           5223201602187501008453780    72.37      2      0     0.00  0.00  0.00
B19308570           5223201602187501050624015    25.99      2      0    16.00  0.00  0.00
B19308570           5223201602187501050624008    14.53      2      0    16.00  0.00  0.00
B19308570           522320160218 650240007750    29.73      3      0    16.00  0.00  0.00
B19308570           5223201602187501041941848    64.23      2      0     0.00  0.00  0.00
B19308571           5223201602187501108761860   128.75      2      0     0.00  0.00 18.00
B19308571           5223201602187501108762157   129.20      2      0     0.00  0.00 18.00
B19308571           5223201602187502224228763   554.38      2      0    16.00  0.00 18.00
B19308572           522320160218 354312225140    17.27     15      0     0.00  0.00 11.00
B19308573           522420160218 736085405422    69.71      2      0     0.00  0.00 18.00
B19308573           5224201602187501001116187    88.07      2      0     0.00  8.00 18.00
B19308573           5224201602187501001147587    16.97      2      0     0.00  8.00 18.00
B19308573           5224201602187501124814984    45.67      3      0     0.00  0.00 18.00
B19308573           5224201602187501125104343    26.82      5      0     0.00 25.00 18.00
B19308574           5224201602187501289511421    26.68      2      0     0.00  0.00 15.00
B19308575           5224201602187501324403124   306.00      2      0     0.00  0.00  0.00
B19308575           5224201602187501070634810   213.50      5      0     0.00  0.00  0.00
B19308575           5224201602187501098611312   254.00      2      0     0.00  0.00  0.00
B19308575           522420160218 650240011351    60.40      3      0     0.00  0.00  0.00
B19308575           522420160218     75001858    23.11      2      0    16.00  0.00  0.00
B19308575           522420160218 650240007750    29.73      2      0    16.00  0.00  0.00
B19308575           5224201602187501092777212   384.02      2      0     0.00  0.00  0.00
B19308575           5224201602187501871721214   761.35      2      0     0.00  0.00  0.00
B19308575           5224201602187730979095372   104.06      3      0     0.00  0.00  0.00
B19308576           5224201602187501050610704   294.00      2      0     0.00  0.00 18.00
B19308576           5224201602187502224228619   205.71      2      0    16.00  0.00 18.00
B19307793           5227201602187590002037843    44.57      2      0     0.00  8.00 18.00
B19307793           5227201602187501125100116    16.24      2      0     0.00  0.00 18.00
B19307793           5227201602187501124812874    80.21      3      0     0.00  0.00 18.00
B19307793           522720160218 020800756440    44.55      2      0     0.00  5.00 18.00
B19307793           5227201602187501124813055   165.12      5      0     0.00  0.00 18.00
B19307793           5227201602187501125139543   189.03      2      0     0.00 12.50 18.00
B19307793           5227201602187501125130892    16.51      2      0     0.00  0.00 18.00
B19307793           5227201602187501250829852   448.15      3      0     0.00  0.00 18.00
B19307794           5227201602187501318646223   102.70      2      0     0.00  0.00  0.00
B19307794           5227201602187501299306130    94.43      2      0     0.00  0.00  0.00
B19307794           5227201602187501299307236    36.58      9      0     0.00  0.00  0.00
B19307794           5227201602187501328976020   149.91      2      0     0.00  0.00  0.00
B19307794           5227201602187501318657304    94.43      2      0     0.00  0.00  0.00
B19307794           5227201602187501314707638    23.66      2      0     0.00  0.00  0.00
B19307794           5227201602187501009070092   199.66      2      0     0.00  0.00  0.00
B19307794           5227201602187501050611022    88.90      2      0     0.00  0.00  0.00
B19307794           5227201602187501471887495   103.86      2      0     0.00  0.00  0.00
B19307794           5227201602187501050624558    43.59      2      0     0.00  0.00  0.00
B19307794           5227201602187501165002920    38.53      2      0     0.00  0.00  0.00
B19307794           5227201602187501088575495    72.00      2      0     0.00  0.00  0.00
B19307794           5227201602187501080920842    71.02      3      0    16.00  0.00  0.00
B19307794           5227201602187501082201307   302.23      2      0     0.00  0.00  0.00
B19307794           5227201602187501070600556    65.28      2      0     0.00  0.00  0.00
B19307794           522720160218 650240007651    46.49      5      0     0.00  0.00  0.00
B19307794           522720160218 650240010712    49.26      2      0     0.00  0.00  0.00
B19307794           5227201602187730979095372   104.06      2      0     0.00  0.00  0.00
B19307794           5227201602187501299355060    49.20      2      0     0.00  0.00  0.00
B19307794           5227201602187501080950146    34.12      3      0    16.00  0.00  0.00
B19307794           5227201602187501050624015    25.99      3      0    16.00  0.00  0.00
B19307794           5227201602187501050624008    14.53      5      0    16.00  0.00  0.00
B19307794           522720160218 650240012525    35.76      3      0    16.00  0.00  0.00
B19307794           5227201602187506309839110    34.31      2      0    16.00  0.00  0.00
B19307794           522720160218 650240017100    47.10      3      0     0.00  0.00  0.00
B19307794           522720160218 650240027789    51.77      2      0     0.00  0.00  0.00
B19307795           5227201602187501287678096    90.47      2      0     0.00  0.00 18.00
B19307795           5227201602187502224228916   202.22      2      0    16.00  0.00 18.00
B19307795           5227201602187501108762157   129.20      3      0     0.00  0.00 18.00
B19307775           522820160218 020800755719    55.76      5      0     0.00  5.00 18.00
B19307775           5228201602187501001258030    62.23      2      0     0.00  5.00 18.00
B19307775           5228201602187501070981518   301.90      2      0     0.00  0.00 18.00
B19307775           5228201602187501125109928   103.11      2      0     0.00  0.00 18.00
B19307775           5228201602187501258200080   166.26      2      0     0.00  0.00 18.00
B19307776           5228201602183499320002448   635.71      2      0     0.00  0.00  8.00
B19307776           5228201602183499320001205   266.45      2      0     0.00  0.00  8.00
B19307776           5228201602183499320004473   282.76      2      0    16.00  0.00  8.00
B19307777           522820160218 650240017100    47.10      2      0     0.00  0.00  0.00
B19307777           5228201602187501050617055    32.91     11      0     0.00  0.00  0.00
B19307777           5228201602187501050614641    36.95      2      0     0.00  0.00  0.00
B19307777           5228201602187501061002703    29.30      8      0     0.00  0.00  0.00
B19307777           5228201602187501037908541   161.60      2      0     0.00  0.00  0.00
B19307777           5228201602187501008486528    25.32      3      0    16.00  0.00  0.00
B19307777           5228201602187501159580014   113.80      2      0     0.00  0.00  0.00
B19307777           5228201602187501034650580    76.73      8      0     0.00  0.00  0.00
B19307777           5228201602187501165001725   317.87      2      0     0.00  0.00  0.00
B19307777           5228201602187501088575495    72.00      2      0     0.00  0.00  0.00
B19307777           5228201602187501088579707    81.80      2      0     0.00  0.00  0.00
B19307777           5228201602187501072300133    47.67      2      0     0.00  0.00  0.00
B19307777           5228201602187501088579752    74.50      2      0     0.00  0.00  0.00
B19307777           522820160218 650240003967    43.13      3      0     0.00  0.00  0.00
B19307777           522820160218  99176369141    12.37     21      0    16.00  0.00  0.00
B19307777           5228201602185900273001566    15.14     14      0    16.00  0.00  0.00
B19307777           5228201602187501022103111    16.94      5      0    16.00  0.00  0.00
B19307777           5228201602187501022103173    51.59      2      0    16.00  0.00  0.00
B19307777           5228201602187501061002550    29.30      8      0     0.00  0.00  0.00
B19307777           5228201602187501035911062    10.77     12      0    16.00  0.00  0.00
B19307777           522820160218 650240007651    46.49      6      0     0.00  0.00  0.00
B19307777           5228201602187501080950146    34.12      5      0    16.00  0.00  0.00
B19307777           522820160218 650240010736    66.98      2      0    16.00  0.00  0.00
B19307777           5228201602187501008497340   135.29      5      0     0.00  0.00  0.00
B19307777           5228201602187501008486504    16.64      3      0    16.00  0.00  0.00
B19307777           522820160218 650240012525    35.76      5      0    16.00  0.00  0.00
B19307777           5228201602187501008497562   125.16      2      0     0.00  0.00  0.00
B19307777           5228201602187501065045225    24.00      3      0    16.00  0.00  0.00
B19307777           5228201602187501050633659    82.91      2      0     0.00  0.00  0.00
B19307777           5228201602187730979095372   104.06      3      0     0.00  0.00  0.00
B19307778           522820160218     75026226    66.64      1      0     0.00  0.00  0.00
B19307779           5230201602187501001168889    80.99      6      0     0.00  8.00 18.00
B19307779           5230201602187501094911249    99.38      2      0     0.00  0.00 18.00
B19307779           5230201602187501124812874    80.21      3      0     0.00  0.00 18.00
B19307779           5230201602187501124815486    53.08      2      0     0.00  0.00 18.00
B19307779           5230201602187501124815677   110.64      5      0     0.00  0.00 18.00
B19307779           5230201602187501124817947    36.53      3      0     0.00  0.00 18.00
B19307779           5230201602187501125118562    26.82      3      0     0.00  0.00 18.00
B19307779           5230201602187501250829890   758.60      2      0     0.00  0.00 18.00
B19307779           5230201602187590002037843    44.57      2      0     0.00  8.00 18.00
B19307779           523020160218 736085051063   243.79      2      0     0.00  0.00 18.00
B19307780           523020160218 650240007651    46.49      8      0     0.00  0.00  0.00
B19307780           5230201602187501035909007    27.20      5      0    16.00  0.00  0.00
B19307780           5230201602187501022150405    43.63      2      0    16.00  0.00  0.00
B19307780           523020160218 650240011177    76.91      5      0     0.00  0.00  0.00
B19307780           5230201602187501035911031    19.03     27      0    16.00  0.00  0.00
B19307780           5230201602187501299306475    57.85      2      0     0.00  0.00  0.00
B19307780           523020160218 650240011818   154.69      2      0     0.00  0.00  0.00
B19307780           5230201602187501299301975    89.77      3      0     0.00  0.00  0.00
B19307780           5230201602187501048333202    16.09      3      0    16.00  0.00  0.00
B19307780           5230201602187501050623766    49.72      6      0     0.00  0.00  0.00
B19307780           523020160218 650240012525    35.76      3      0    16.00  0.00  0.00
B19307780           5230201602187501299306123    62.51      2      0     0.00  0.00  0.00
B19307780           5230201602187501298217703   254.79      2      0     0.00  0.00  0.00
B19307780           5230201602187501298219363    47.51      2      0     0.00  0.00  0.00
B19307780           523020160218 650240017100    47.10      5      0     0.00  0.00  0.00
B19307780           523020160218 650240021138    33.70      8      0     0.00  0.00  0.00
B19307780           5230201602187730979095372   104.06      5      0     0.00  0.00  0.00
B19307780           5230201602187501300407122    51.88      3      0     0.00  0.00  0.00
B19307780           5230201602187506309898872    34.30      5      0    16.00  0.00  0.00
B19307780           5230201602187501324402868   422.00      3      0     0.00  0.00  0.00
B19307780           5230201602187501299306130    94.43      5      0     0.00  0.00  0.00
B19307780           5230201602187501299306352    86.45      2      0     0.00  0.00  0.00
B19307780           5230201602187501300408402   138.13      2      0     0.00  0.00  0.00
B19307780           5230201602187501314702114    64.53      2      0     0.00  0.00  0.00
B19307780           5230201602187501328979502    80.70     11      0     0.00  0.00  0.00
B19307780           5230201602187501328979885    47.69      6      0     0.00  0.00  0.00
B19307780           5230201602187501328979915    70.61      5      0     0.00  0.00  0.00
B19307780           5230201602187501088508929    58.70      2      0     0.00  0.00  0.00
B19307780           5230201602187501098603867    86.34      6      0     0.00  0.00  0.00
B19307780           5230201602187501318620162   200.75      3      0     0.00  0.00  0.00
B19307780           5230201602187501061002703    29.30     11      0     0.00  0.00  0.00
B19307780           5230201602187501299303085    44.56     11      0     0.00  0.00  0.00
B19307780           5230201602187501054500063    16.15     17      0    16.00  0.00  0.00
B19307780           5230201602187501061002550    29.30      9      0     0.00  0.00  0.00
B19307780           5230201602187501086472048    17.38     38      0    16.00  0.00  0.00
B19307780           5230201602187501050606288    74.25      2      0     0.00  0.00  0.00
B19307780           5230201602187501008465592    66.56     14      0     0.00  0.00  0.00
B19307780           5230201602187501086472017    17.38     29      0    16.00  0.00  0.00
B19307780           5230201602187501035916265    35.03      8      0    16.00  0.00  0.00
B19307780           5230201602187501070600730    61.44      5      0     0.00  0.00  0.00
B19307780           5230201602187501050624640    56.15      3      0     0.00  0.00  0.00
B19307781           5230201602187501122960317   289.98      2      0     0.00  9.09  8.00
B19307782           5230201602187501050610704   294.00      2      0     0.00  0.00 18.00
B19307783           5235201602187501001258030    62.23      3      0     0.00  5.00 18.00
B19307783           5235201602187501273500165   227.33      2      0    16.00  0.00 18.00
B19307783           5235201602187503008821101    57.53      2      0    16.00  0.00 18.00
B19307783           5235201602187590002037843    44.57      3      0     0.00  8.00 18.00
B19307783           523520160218 714706901508    20.22      2      0     0.00  0.00 18.00
B19307783           5235201602187501001147594    16.97      2      0     0.00  8.00 18.00
B19307784           5235201602187501098603850    47.45      2      0     0.00  0.00  0.00
B19307784           5235201602187501050624008    14.53      8      0    16.00  0.00  0.00
B19307784           5235201602187501008497340   135.29      3      0     0.00  0.00  0.00
B19307784           523520160218 650240012525    35.76      3      0    16.00  0.00  0.00
B19307784           523520160218 650240011153    75.62      3      0     0.00  0.00  0.00
B19307784           5235201602187501050619943    39.74      2      0     0.00  0.00  0.00
B19307784           5235201602187501048333202    16.09      3      0    16.00  0.00  0.00
B19307784           523520160218 650240010712    49.26      2      0     0.00  0.00  0.00
B19307784           5235201602187501080950146    34.12      3      0    16.00  0.00  0.00
B19307784           5235201602187501300407122    51.88     30      0     0.00  0.00  0.00
B19307784           5235201602187501165008120    19.79      3      0    16.00  0.00  0.00
B19307784           523520160218 650240017100    47.10      3      0     0.00  0.00  0.00
B19307784           5235201602187501285601447   354.90      2      0     0.00  0.00  0.00
B19307784           5235201602187501303451580   290.57      2      0     0.00  0.00  0.00
B19307784           5235201602187501300408228   125.63      2      0     0.00  0.00  0.00
B19307784           5235201602187501299301999   139.65      2      0     0.00  0.00  0.00
B19307784           5235201602187501314702114    64.53      2      0     0.00  0.00  0.00
B19307784           5235201602187501299302286   119.03      2      0     0.00  0.00  0.00
B19307784           5235201602187501072300218    61.73      2      0     0.00  0.00  0.00
B19307785           5235201602187501123018031   166.93      3      0     0.00  9.09  8.00
B19307786           5235201602187501108762157   129.20      2      0     0.00  0.00 18.00
B19306506           5236201602187501318620223   171.73      2      0     0.00  0.00  0.00
B19306506           5236201602187501328979502    80.70      3      0     0.00  0.00  0.00
B19306506           5236201602187501054503095    27.01      3      0    16.00  0.00  0.00
B19306506           5236201602187501054500063    16.15      3      0    16.00  0.00  0.00
B19306506           5236201602187501086472048    17.38      2      0    16.00  0.00  0.00
B19306506           5236201602187501091440094    14.02      2      0     0.00  0.00  0.00
B19306506           5236201602187501050624022    38.84      2      0    16.00  0.00  0.00
B19306506           5236201602187501008497340   135.29      2      0     0.00  0.00  0.00
B19306506           5236201602187501165006386   261.31      2      0     0.00  0.00  0.00
B19306506           523620160218 650240011153    75.62      2      0     0.00  0.00  0.00
B19306506           523620160218 650240006203   129.54      2      0     0.00  0.00  0.00
B19306506           523620160218 650240017100    47.10      2      0     0.00  0.00  0.00
B19306506           5236201602187501065041012    22.43      2      0    16.00  0.00  0.00
B19306507           5236201602187501287630506   131.85      2      0     0.00  0.00 18.00
B19306508           5236201602187501289511407    84.18      2      0     0.00  0.00 15.00
B19307787           5237201602187501590211232    83.90     15      0     0.00  0.00  5.00
B19307788           5237201602187501061002550    29.30      2      0     0.00  0.00  0.00
B19307788           5237201602187501086472048    17.38      8      0    16.00  0.00  0.00
B19307788           5237201602184005808225958    31.44      3      0    16.00  0.00  0.00
B19307788           5237201602187501050693530    35.83      2      0     0.00  0.00  0.00
B19307788           5237201602187501046491874   340.77      2      0     0.00  0.00  0.00
B19307788           5237201602187501050621342    51.57      2      0     0.00  0.00  0.00
B19307788           5237201602185900273001566    15.14      8      0    16.00  0.00  0.00
B19307788           5237201602187501041941848    64.23      2      0     0.00  0.00  0.00
B19307788           5237201602187501054503576    28.07      3      0    16.00  0.00  0.00
B19307788           5237201602187501070600709    51.84      2      0     0.00  0.00  0.00
B19307788           523720160218 650240010712    49.26      2      0     0.00  0.00  0.00
B19307788           5237201602187501299306253    65.83      2      0     0.00  0.00  0.00
B19307788           5237201602187501008497340   135.29      2      0     0.00  0.00  0.00
B19307788           523720160218 650240017100    47.10      2      0     0.00  0.00  0.00
B19307788           5237201602187501299300367   113.72      2      0     0.00  0.00  0.00
B19307788           5237201602187501318646223   102.70      2      0     0.00  0.00  0.00
B19307788           5237201602187501299307236    36.58      6      0     0.00  0.00  0.00
B19307788           5237201602187501318620162   200.75      2      0     0.00  0.00  0.00
B19307788           5237201602187702003469282     8.93      8      0    16.00  0.00  0.00
B19307788           5237201602187501165000193   113.45      2      0     0.00  0.00  0.00
B19307788           5237201602187501008485057    39.79     17      0     0.00  0.00  0.00
B19307788           5237201602187501008486559    34.73      2      0    16.00  0.00  0.00
B19307788           5237201602187501314703753   204.35      2      0     0.00  0.00  0.00
B19307788           5237201602187501034635020    82.09      2      0    16.00  0.00  0.00
B19307788           5237201602187501299301999   139.65      2      0     0.00  0.00  0.00
B19307788           5237201602187501088575396    77.60      5      0     0.00  0.00  0.00
B19307788           5237201602187501088579707    81.80      2      0     0.00  0.00  0.00
B19307788           5237201602187501088509766    54.20      3      0     0.00  0.00  0.00
B19307788           5237201602187501098603850    47.45      2      0     0.00  0.00  0.00
B19307788           5237201602187501065030405    17.41      2      0     0.00  0.00  0.00
B19307789           5237201602187501289511407    84.18      2      0     0.00  0.00 15.00
B19307790           5237201602187501033956638    26.13      2      0     0.00  0.00 17.00
B19307791           5237201602187501108762157   129.20      2      0     0.00  0.00 18.00
B19307792           523720160218 008400001313    42.90      5      0     0.00  0.00 18.00
B19307792           523720160218 714706901607    20.22      9      0     0.00  0.00 18.00
B19307792           5237201602187501124815226    62.06      2      0     0.00  0.00 18.00
B19307792           5237201602187501125100116    16.24      2      0     0.00  0.00 18.00
B19307792           5237201602187501125118333   343.63      2      0     0.00 14.28 18.00
B19307792           5237201602187501125143182    22.15      2      0     0.00  0.00 18.00
B19307792           5237201602187501250810645   304.74      2      0     0.00  0.00 18.00
B19307792           5237201602187501125118562    26.82      6      0     0.00  0.00 18.00
B19307094           5241201602187501050621342    51.57      2      0     0.00  0.00  0.00
B19307094           5241201602187501300408402   138.13      2      0     0.00  0.00  0.00
B19307094           5241201602187501328979502    80.70      6      0     0.00  0.00  0.00
B19307094           5241201602187501072300133    47.67      2      0     0.00  0.00  0.00
B19307094           524120160218 650240009549    66.98      2      0    16.00  0.00  0.00
B19307094           5241201602187501080950146    34.12      2      0    16.00  0.00  0.00
B19307094           5241201602187501065030405    17.41      2      0     0.00  0.00  0.00
B19307094           5241201602187501299303290    46.55      2      0     0.00  0.00  0.00
B19307095           524120160218 300055501638   152.96      2      0     0.00  0.00 18.00
B19305713           524320160218 714706100109    84.54      2      0     0.00  0.00 18.00
B19305713           524320160218 736085405422    69.71      2      0     0.00  0.00 18.00
B19305713           5243201602187501001147587    16.97      2      0     0.00  8.00 18.00
B19305713           5243201602187501001147594    16.97      3      0     0.00  8.00 18.00
B19305713           5243201602187501094915353   107.43      3      0     0.00  0.00 18.00
B19305713           5243201602187501124812591    83.20      2      0     0.00  0.00 18.00
B19305714           5243201602187501108763475    35.98      2      0     0.00  0.00 18.00
B19305714           5243201602187501287669001   137.77      2      0     0.00  0.00 18.00
B19305715           524320160218 354312625018    40.74      2      0     0.00  0.00 11.00
B19305716           5243201602187501035911567     9.99      6      0    16.00  0.00  0.00
B19305716           5243201602187501159580182   114.33      2      0     0.00  0.00  0.00
B19305716           5243201602187501299302866   171.57      2      0     0.00  0.00  0.00
B19305716           5243201602187501314707638    23.66      2      0     0.00  0.00  0.00
B19305716           5243201602187501008493007   179.23      2      0     0.00  0.00  0.00
B19305716           5243201602187501318620223   171.73      2      0     0.00  0.00  0.00
B19305716           5243201602187501092760016   210.00      2      0     0.00  0.00  0.00
B19305716           5243201602187501165001619   510.88      2      0     0.00  0.00  0.00
B19305716           5243201602187501088575495    72.00      2      0     0.00  0.00  0.00
B19305716           5243201602187501088579707    81.80      2      0     0.00  0.00  0.00
B19305716           5243201602187501037908084    65.89      2      0     0.00  9.09  0.00
B19305716           524320160218 650240007651    46.49      3      0     0.00  0.00  0.00
B19305716           5243201602187501080950146    34.12      2      0    16.00  0.00  0.00
B19305716           5243201602187501298213019    31.29      2      0     0.00  0.00  0.00
B19305716           5243201602187501299307922    61.18      2      0     0.00  0.00  0.00
B19305716           5243201602187501008453780    72.37      3      0     0.00  0.00  0.00
B19305716           524320160218 650240017100    47.10      3      0     0.00  0.00  0.00
B19305717           5257201602187501098603867    86.34     60      0     0.00  0.00  0.00
N2522395            5373201602187501293200809   540.00      2      0     0.00  0.00 18.00
N2522395            5373201602187501001116187    88.07      2      0     0.00  8.00 18.00
N2522396            5373201602187501101649653   166.90      2      0     0.00  0.00  0.00
N2522396            5373201602187501299306352    86.45      2      0     0.00  0.00  0.00
N2522396            5373201602187501035908246    14.80      3      0    16.00  0.00  0.00
N2522397            5374201602187501001116187    88.07      2      0     0.00  8.00 18.00
N2522397            5374201602187501001258030    62.23      2      0     0.00  5.00 18.00
N2522397            5374201602187501124815677   110.64      2      0     0.00  0.00 18.00
N2522398            537420160218 650240007828    14.83      2      0    16.00  0.00  0.00
N2522398            5374201602187501086472017    17.38      2      0    16.00  0.00  0.00
N2522398            5374201602187501050624008    14.53      2      0    16.00  0.00  0.00
N2522398            5374201602187501048333202    16.09      2      0    16.00  0.00  0.00
N2522398            5374201602187509546000343    15.55      6      0    16.00  0.00  0.00
N2522398            537420160218     75001872     9.59      3      0    16.00  0.00  0.00
N2522398            5374201602187501050611121    39.86      2      0     0.00  0.00  0.00
N2522398            5374201602187501086453221   127.23      3      0    16.00  0.00  0.00
N2522398            5374201602187501165002906    38.53      2      0     0.00  0.00  0.00
N2522398            5374201602187800005082024    39.24      2      0    16.00  0.00  0.00
N2522398            5374201602187800005082123    39.24      3      0    16.00  0.00  0.00
N2522398            5374201602187501088509773    82.00      2      0     0.00  0.00  0.00
N2522398            5374201602187501871720613    29.00      2      0     0.00  0.00  0.00
N2522398            5374201602187501098603867    86.34      2      0     0.00  0.00  0.00
N2522398            5374201602187501064560194    32.02      2      0     0.00  0.00  0.00
N2522398            537420160218  99176369141    12.37      3      0    16.00  0.00  0.00
N2522398            5374201602185900273001566    15.14      6      0    16.00  0.00  0.00
N2521824            5397201602187501001147594    16.97      2      0     0.00  8.00 18.00
N2521824            5397201602187501001258030    62.23      2      0     0.00  5.00 18.00
N2521825            5397201602187501318620162   200.75      3      0     0.00  0.00  0.00
N2521825            5397201602187702003469282     8.93      2      0    16.00  0.00  0.00
N2521825            5397201602187501008433553    36.05      3      0     0.00  0.00  0.00
N2521825            5397201602187501050624640    56.15      2      0     0.00  0.00  0.00
N2521825            5397201602187501035908253    28.01      2      0    16.00  0.00  0.00
N2521825            5397201602187501061002703    29.30      2      0     0.00  0.00  0.00
N2521825            5397201602187501035908246    14.80      2      0    16.00  0.00  0.00
N2521825            5397201602187501022105078     9.73      2      0    16.00  0.00  0.00
N2521825            539720160218 650240017100    47.10      2      0     0.00  0.00  0.00
N2521825            539720160218 650240028335    37.18      3      0    16.00  0.00  0.00
N2521826            5398201602187501125130892    16.51      2      0     0.00  0.00 18.00
N2521826            5398201602187501109761944     7.68      2      0     0.00  0.00 18.00
N2521827            539820160218 354312225133    28.93      2      0     0.00  0.00 11.00
N2521828            5398201602187501008427330    72.80      2      0     0.00  0.00  0.00
N2521828            5398201602187501165000315    78.81      2      0     0.00  0.00  0.00
N2521828            5398201602187501089810021    87.48      2      0     0.00  0.00  0.00
N2521828            5398201602187501048333202    16.09      2      0    16.00  0.00  0.00
N2521828            5398201602187501091440094    14.02      2      0     0.00  0.00  0.00
N2521828            5398201602187501300407139   175.00      2      0     0.00  0.00  0.00
N2521828            5398201602187501300407122    51.88      2      0     0.00  0.00  0.00
D11195666           543120160218 714706100604    20.22      3      0     0.00  0.00 18.00
D11195666           5431201602187501124815486    53.08      2      0     0.00  0.00 18.00
D11195666           5431201602187501125139543   189.03      2      0     0.00 12.50 18.00
D11195667           5431201602187501035911567     9.99      5      0    16.00  0.00  0.00
D11195667           5431201602187501008496152    49.92      3      0     0.00  0.00  0.00
D11195667           5431201602187501314702114    64.53      5      0     0.00  0.00  0.00
D11195667           5431201602187501009070092   199.66      2      0     0.00  0.00  0.00
D11195667           5431201602187501088505607    36.00      2      0     0.00  0.00  0.00
D11195667           5431201602187501092774754   165.51      2      0     0.00  0.00  0.00
D11195667           5431201602187501088579707    81.80      2      0     0.00  0.00  0.00
D11195667           543120160218  99176369141    12.37      5      0    16.00  0.00  0.00
D11195667           543120160218 650240003967    43.13      3      0     0.00  0.00  0.00
D11195667           5431201602187501070613044    98.56      2      0     0.00  0.00  0.00
D11195667           5431201602185900273001566    15.14      3      0    16.00  0.00  0.00
D11195667           5431201602187501035915121    13.95      2      0    16.00  0.00  0.00
D11195667           5431201602187501035916586    35.03      3      0    16.00  0.00  0.00
D11195667           5431201602187501300407139   175.00      2      0     0.00  0.00  0.00
D11195667           5431201602187501300407122    51.88      8      0     0.00  0.00  0.00
D11195667           5431201602187501037935172   431.38      2      0     0.00  0.00  0.00
D11195667           543120160218 650240006647    56.09      2      0     0.00  0.00  0.00
D11195667           5431201602187501008497340   135.29      2      0     0.00  0.00  0.00
D11195667           5431201602187702018913640    34.70      2      0    16.00  0.00  0.00
M2234903            5447201602187501050610018   136.97      6      0     0.00  0.00  0.00
M2234903            544720160218 650240011139   215.96      2      0     0.00  0.00  0.00
M2234903            5447201602187501050612555    95.90      2      0     0.00  0.00  0.00
M2234903            5447201602187501080950146    34.12      2      0    16.00  0.00  0.00
M2234903            5447201602187501088505485   113.50      2      0     0.00  0.00  0.00
M2234903            544720160218 650240017100    47.10      2      0     0.00  0.00  0.00
M2234903            5447201602187501034650559   107.82      3      0     0.00  0.00  0.00
M2234903            5447201602187501037908640    87.03      2      0     0.00  0.00  0.00
M2234903            5447201602187501303444001   141.99      2      0     0.00  0.00  0.00
M2234903            5447201602187501328979502    80.70      6      0     0.00  0.00  0.00
M2234903            5447201602187501299301326    91.77      2      0     0.00  0.00  0.00
M2234903            5447201602187501299301999   139.65      3      0     0.00  0.00  0.00
M2234903            5447201602187501299303016    97.09      2      0     0.00  0.00  0.00
