B18626767           2766201510267501009007111   267.33      2      0     0.00  0.00  0.00
B18626871           276620151026 736085402346   562.66      3      0     0.00  0.00 18.00
B18626871           2766201510267501080912274   136.02      1      0    16.00  0.00 18.00
B18626871           2766201510267502209290082   456.82      2      0     0.00  0.00 18.00
B18626871           2766201510267501273500387   206.67      1      0    16.00  0.00 18.00
B18626871           2766201510267501094916671   949.22      1      0     0.00  0.00 18.00
B18626871           2766201510267501088508929    65.99      2      0     0.00  0.00 18.00
B18626871           2766201510267501250838212   404.97      3      0     0.00  4.76 18.00
B18626871           2766201510267501299307168   586.65      2      0     0.00  0.00 18.00
B18626872           2766201510267501326003162   601.55      5      0     0.00  0.00 18.00
B18626872           2766201510267501326004954   962.53      2      0     0.00  0.00 18.00
B18626872           2766201510267501326001977  1187.82      1      0     0.00  0.00 18.00
B18626872           2766201510267501201401137   456.34      3      0    16.00  0.00 18.00
B18626872           2766201510267501326000864  1035.49      1      0     0.00  0.00 18.00
B18626872           2766201510267501326004176   459.72      2      0     0.00  0.00 18.00
B18626872           2766201510267503003746133   826.40      1      0     0.00  0.00 18.00
B18626872           2766201510267501201400710   329.33      2      0    16.00  0.00 18.00
B18626872           2766201510267501201400659   431.46      2      0    16.00  0.00 18.00
B18626873           2766201510267501043166522   705.24      1      0     0.00  0.00  0.00
B18626873           2766201510267501037950526   456.95      1      0     0.00  0.00  0.00
B18626873           2766201510267501098604710   546.00      1      0     0.00  0.00  0.00
B18626873           2766201510267501033952869   595.71      1      0     0.00  0.00  0.00
B18626873           2766201510267501082242256   466.32      2      0     0.00  0.00  0.00
B18626873           2766201510267841141003436   255.61      3      0     0.00  0.00  0.00
B18626874           2766201510267501094916664   781.27      1      0     0.00  0.00 18.00
B18626874           2766201510267501314704880   346.84      4      0     0.00  0.00 18.00
B18626874           2766201510267501125104343    26.82     10      0     0.00 25.00 18.00
B18626874           2766201510267501314701766   362.59      4      0     0.00  0.00 18.00
B18626874           2766201510267501124816254   682.68      1      0     0.00  0.00 18.00
B18626874           2766201510267501124103378   209.32      3      0     0.00  0.00 18.00
B18626874           2766201510267501168870311   211.97      3      0     0.00  0.00 18.00
B18626874           2766201510267501070615277   352.36      6      0     0.00  9.09 18.00
B18626874           2766201510267501314704040   236.87      1      0     0.00  0.00 18.00
B18626874           2766201510267501124815103    79.93      1      0     0.00  0.00 18.00
B18626875           2766201510267501033954122    45.15     30      0    16.00  0.00  5.00
B18626876           2766201510268430308413516   225.96      2      0     0.00  0.00  0.00
B18626876           2766201510267501046426975   588.42      4      0     0.00  0.00  0.00
B18626876           2766201510267501095452116    27.58      2      0     0.00  0.00  0.00
B18626876           2766201510267501092785026   445.51      2      0     0.00  0.00  0.00
B18626876           2766201510267501089804310   210.60     15      0     0.00  0.00  0.00
B18626876           2766201510267501098611329   405.00      2      0     0.00  0.00  0.00
B18626876           2766201510267501037980189   722.26      1      0     0.00  0.00  0.00
B18626876           2766201510267501072350220   670.28      5      0     0.00  0.00  0.00
B18626876           2766201510267841141003436   255.61      1      0     0.00  0.00  0.00
B18626877           2766201510267501287628206   259.03      4      0     0.00  0.00 18.00
B18626877           2766201510267501326000864  1035.49      1      0     0.00  0.00 18.00
B18626877           2766201510267501287627957   494.14      4      0     0.00  0.00 18.00
B18626877           2766201510267501287652706   413.16      4      0     0.00  0.00 18.00
B18626878           2766201510267501299307168   586.65      1      0     0.00  0.00 18.00
B18626878           2766201510267501299330012   373.25      1      0     0.00  0.00 18.00
B18626878           2766201510267501124103248   161.92      2      0     0.00  9.09 18.00
B18626878           2766201510267501070902384   325.67      1      0     0.00  0.00 18.00
B18626878           2766201510267501250813295   934.60      2      0     0.00  0.00 18.00
B18626878           2766201510267501070648022   694.00      1      0     0.00  9.09 18.00
B18626878           276620151026 736085280005   317.61      2      0    16.00  0.00 18.00
B18626878           2766201510267501088508929    65.99      3      0     0.00  0.00 18.00
B18626879           2766201510267501583300325   442.45      4      0     0.00  0.00 18.00
B18626879           2766201510267501142911306   272.36      1      0     0.00  0.00 18.00
B18626880           2766201510267501289514460   253.51      3      0     0.00  0.00 15.00
B18626881           2766201510267501250813295   934.60      2      0     0.00  0.00 18.00
B18626881           2766201510267501299307236    43.96      1      0     0.00  0.00 18.00
B18626881           2766201510267501299307168   586.65      1      0     0.00  0.00 18.00
B18626881           2766201510267501299305386   397.23      2      0     0.00  0.00 18.00
B18626881           2766201510267501094913304   803.83      3      0     0.00  0.00 18.00
B18626882           2766201510268430308015109   161.61      1      0     0.00  0.00  0.00
B18626882           2766201510265034642032575   661.86      3      0     0.00  0.00  0.00
B18626882           2766201510267501871720590   719.62      1      0     0.00  0.00  0.00
B18626882           2766201510267501082212136   893.24      1      0     0.00  0.00  0.00
B18626882           2766201510267501098633253   262.00      1      0     0.00  0.00  0.00
B18626882           2766201510267501082224214   969.30      1      0     0.00  0.00  0.00
B18626882           2766201510267501037946215   431.83      1      0     0.00  0.00  0.00
B18626882           2766201510267501082242256   466.32      4      0     0.00  0.00  0.00
B18626882           2766201510267502216930575   143.60      1      0     0.00  0.00  0.00
B18626882           2766201510267501033957871   541.35      1      0     0.00  0.00  0.00
B18626882           2766201510267841141003436   255.61      1      0     0.00  0.00  0.00
B18626883           2766201510267501326001137   888.34      1      0     0.00  0.00 18.00
B18626883           2766201510267503003746119   668.00      1      0     0.00  0.00 18.00
B18626883           2766201510267501287640901  1028.33      1      0     0.00  0.00 18.00
B18626883           2766201510267501050615112   809.07      2      0     0.00  0.00 18.00
B18626883           2766201510267501326008402   975.88      1      0     0.00  0.00 18.00
B18626883           2766201510267501326000925   513.27      4      0     0.00  0.00 18.00
B18626884           2766201510267501318612655    62.80      1      0     0.00  0.00 10.00
