B18475786           2766201509307501037985085   657.78      1      0     0.00  0.00  0.00
B18475786           2766201509307501328979229   742.93      1      0     0.00  0.00  0.00
B18475786           2766201509307501092792031   126.26      2      0     0.00  0.00  0.00
B18475786           2766201509307501092793045   121.03      7      0     0.00  0.00  0.00
B18475786           2766201509307501089802033   223.56      1      0     0.00  0.00  0.00
B18475786           2766201509307501092779278   271.49      4      0     0.00  0.00  0.00
B18475786           2766201509307501409201829   249.83      1      0     0.00  0.00  0.00
B18475786           2766201509307501328980119   240.05      6      0     0.00  0.00  0.00
B18475786           2766201509307501089800077   175.61      7      0     0.00  0.00  0.00
B18475786           2766201509307501092772385   149.16      1      0     0.00  0.00  0.00
B18475786           2766201509307501092786016   150.47      4      0     0.00  0.00  0.00
B18475786           2766201509307501165001213   445.47      4      0     0.00  0.00  0.00
B18475786           2766201509307501871720880   638.68      2      0     0.00  0.00  0.00
B18475786           2766201509307501871720934   329.20      1      0     0.00  0.00  0.00
B18475786           2766201509307501089808936   336.31      4      0     0.00  0.00  0.00
B18475786           2766201509307501082212037   755.40      2      0     0.00  0.00  0.00
B18475786           2766201509307501082212167   562.17      1      0     0.00  0.00  0.00
B18475786           2766201509307501082212174   562.17      2      0     0.00  0.00  0.00
B18475786           2766201509307501082212228   867.52      2      0     0.00  0.00  0.00
B18475786           2766201509307501871720774   161.92      2      0     0.00  0.00  0.00
B18475786           2766201509307501289500012   220.50      3      0     0.00  0.00  0.00
B18475786           2766201509307501098610810   240.00      1      0     0.00  0.00  0.00
B18475786           2766201509307501098603690   223.00      2      0     0.00  0.00  0.00
B18475786           2766201509307501089804310   202.18      1      0     0.00  0.00  0.00
B18475786           2766201509307501089809506   113.40      1      0     0.00  0.00  0.00
B18475786           2766201509307501285600334   120.50      2      0     0.00  0.00  0.00
B18475786           2766201509307501098611305   284.00      6      0     0.00  0.00  0.00
B18475786           2766201509307501174600827   130.35      2      0     0.00  0.00  0.00
B18475786           2766201509307501174601022    95.39      2      0     0.00  0.00  0.00
B18475786           2766201509307501037980189   722.26      3      0     0.00  0.00  0.00
B18475786           2766201509307501033952869   595.71      2      0     0.00  0.00  0.00
B18475786           2766201509307501298216409   526.79      1      0     0.00  0.00  0.00
B18475786           2766201509307501298234700   145.61      2      0     0.00  0.00  0.00
B18475786           2766201509307501033953057   173.89      1      0     0.00  0.00  0.00
B18475786           2766201509307501037910063   268.91      1      0     0.00  0.00  0.00
B18475786           2766201509307501037901030   519.49      1      0     0.00  0.00  0.00
B18475786           2766201509308430308413516   225.96      9      0     0.00  0.00  0.00
B18475786           2766201509307501009071471   137.35      2      0     0.00  0.00  0.00
B18475786           2766201509307501298209067   273.96      1      0     0.00  0.00  0.00
B18475786           2766201509307501034651020   152.96      1      0     0.00  9.09  0.00
B18475787           2766201509307501089802958    95.26      1      0     0.00  0.00  0.00
B18475787           2766201509307501050625272    82.85      1      0    16.00  0.00  0.00
B18475788           2766201509307501092774013    80.47      5      0     0.00  0.00  0.00
B18475788           2766201509307501092772354    80.47      1      0     0.00  0.00  0.00
B18475788           276620150930  51131862937    95.44      2      0    16.00  0.00  0.00
B18475788           2766201509307501050624572    45.55      2      0     0.00  0.00  0.00
B18475789           2766201509307501406870097    84.42      1      0    16.00  0.00  8.00
B18475789           276620150930     75004996   149.04      1      0     0.00 23.07  8.00
B18475823           2766201509307501082208733   429.01      2      0     0.00  0.00  0.00
B18475823           2766201509307501082208108   364.41      3      0     0.00  0.00  0.00
