B18958793           2766201512187501043162777  1043.26      2      0     0.00  0.00  0.00
B18959683          37369201512187501080912076   147.68      1      0    16.00  0.00 18.00
B18959683          37369201512187501088515200   222.34      1      0     0.00  0.00 18.00
B18959683          3736920151218 736085103168   129.96      5      0     0.00  0.00 18.00
B18959683          37369201512187501080910003   118.80      5      0     0.00  0.00 18.00
B18959683          37369201512187501080910010    97.99     23      0     0.00  0.00 18.00
B18959683          37369201512187501124810986    51.17      6      0     0.00  0.00 18.00
B18959683          37369201512187501088509810    66.48     10      0     0.00  0.00 18.00
B18959684          37369201512187501123014101   199.20      1      0     0.00  9.09  8.00
B18959684          37369201512187501188800671   112.56      6      0     0.00  9.00  8.00
B18959684          37369201512187501188801227   145.48     44      0     0.00  9.00  8.00
B18959685          37369201512187501300409881   132.50     23      0     0.00  0.00  0.00
B18959685          37369201512187501165000278    86.95      5      0     0.00  0.00  0.00
B18959685          37369201512187501072380029   412.34      4      0     0.00  0.00  0.00
B18959685          37369201512187501037905588   489.91      2      0     0.00  0.00  0.00
B18959685          3736920151218  51131862937   100.22      2      0    16.00  0.00  0.00
B18959685          37369201512187501043164726   576.36     13      0     0.00  0.00  0.00
B18959685          37369201512187501098621175   171.00     15      0     0.00  0.00  0.00
B18959686          37369201512187501088504808   443.26     10      0     0.00 13.04 18.00
B18959687          37369201512187501328980119   248.44     10      0     0.00  0.00  0.00
B18959687          37369201512187501871720590   719.62     10      0     0.00  0.00  0.00
B18959687          37369201512187501098611329   405.00     10      0     0.00  0.00  0.00
