N2515164            5398201602137502246642813   919.36      1      0     0.00  0.00  0.00
N2515273            5398201602137501273500271    79.81      1      0    16.00  0.00 18.00
N2515273            5398201602137501273500349   121.13      1      0    16.00  0.00 18.00
N2515273            5398201602137501273500493   183.38      1      0     0.00  0.00 18.00
N2515273            5398201602137501285600365   175.18      1      0     0.00  0.00 18.00
N2515273            5398201602137501293200465   222.82      1      0    16.00  0.00 18.00
N2515273            5398201602137501293200809   540.00      1      0     0.00  0.00 18.00
N2515273            5398201602137501587010497   665.55      1      0     0.00  0.00 18.00
N2515273            5398201602137502209290488   678.44      1      0     0.00  0.00 18.00
N2515273            5398201602137503007704566   410.00      1      0     0.00  0.00 18.00
N2515273            5398201602137503007704573   161.00      1      0     0.00  0.00 18.00
N2515273            5398201602137506200700083   519.22      1      0    16.00  0.00 18.00
N2515273            5398201602137590002012468    58.09      1      0     0.00  0.00 18.00
N2515273            5398201602137897473206632   111.92      1      0    16.00  0.00 18.00
N2515273            5398201602138027950210183   254.20      1      0     0.00  0.00 18.00
N2515273            5398201602138429420050921   478.00      1      0     0.00  0.00 18.00
N2515273            5398201602138470002358201   540.00      1      0    16.00  0.00 18.00
N2515273            5398201602138470002456938   976.00      1      0    16.00  0.00 18.00
N2515273            5398201602138904091104475   629.41      1      0     0.00  0.00 18.00
N2515273            5398201602137501258204385   305.80      1      0     0.00  0.00 18.00
N2515273            5398201602137501258209489   361.85      1      0     0.00  0.00 18.00
N2515273            5398201602138904091147311   594.12      1      0     0.00  0.00 18.00
N2515273            5398201602138904091150496   356.92      1      0     0.00  0.00 18.00
N2515273            5398201602137501273500073   188.64      1      0    16.00  0.00 18.00
N2515273            5398201602138904091182084   262.36      1      0     0.00  0.00 18.00
N2515273            5398201602137501273500134   152.36      1      0    16.00  0.00 18.00
N2515273            5398201602137501273500165   227.33      1      0    16.00  0.00 18.00
N2515273            5398201602138904091183517   196.23      1      0     0.00  0.00 18.00
N2515273            5398201602138904091185214   252.77      1      0     0.00  0.00 18.00
N2515273            5398201602137501273500233   227.33      1      0    16.00  0.00 18.00
N2515273            5398201602138904091187324   839.55      1      0     0.00  0.00 18.00
N2515274            5398201602137501318673205   156.88      1      0     0.00  0.00  0.00
N2515274            5398201602137501037935226    77.60      1      0     0.00  0.00  0.00
N2515274            5398201602137501314701889   380.05      1      0     0.00  0.00  0.00
N2515274            5398201602137501088505447   124.50      1      0     0.00  0.00  0.00
N2515274            5398201602137501088505485   113.50      1      0     0.00  0.00  0.00
N2515274            5398201602137501088505416    77.80      1      0     0.00  0.00  0.00
N2515274            5398201602137501041941848    64.23      1      0     0.00  0.00  0.00
N2515274            539820160213 650240021138    33.70      1      0     0.00  0.00  0.00
N2515274            5398201602138470002063754   273.46      1      0    16.00  0.00  0.00
N2515274            5398201602137502224227339    51.92      1      0     0.00  0.00  0.00
N2515274            5398201602137730979095372   104.06      1      0     0.00  0.00  0.00
N2515274            5398201602137501070600709    51.84      1      0     0.00  0.00  0.00
N2515274            5398201602137501070613068   122.88      1      0     0.00  0.00  0.00
N2515275            5398201602137501258200011   152.26      1      0     0.00  0.00 18.00
N2515275            5398201602137501125104411    26.82      1      0     0.00 25.00 18.00
N2515275            5398201602137501258200028   160.14      1      0     0.00  0.00 18.00
N2515275            5398201602137501258200080   166.26      1      0     0.00  0.00 18.00
N2515275            5398201602137501124810986    53.73      1      0     0.00  0.00 18.00
N2515275            5398201602137501124810993    86.76      1      0     0.00  0.00 18.00
N2515275            5398201602137501125104688    26.82      1      0     0.00 25.00 18.00
N2515275            5398201602137501258203227   465.51      1      0     0.00  0.00 18.00
N2515275            5398201602137501125104763    45.68      1      0     0.00  0.00 18.00
N2515275            5398201602137501258203234   697.87      1      0     0.00  0.00 18.00
N2515275            5398201602137501258204279   325.58      1      0     0.00  0.00 18.00
N2515275            5398201602137501124812591    83.20      1      0     0.00  0.00 18.00
N2515275            5398201602137501124812713    95.61      1      0     0.00  0.00 18.00
N2515275            5398201602137501125109928   103.11      1      0     0.00  0.00 18.00
N2515275            5398201602137501125104794    45.68      1      0     0.00  0.00 18.00
N2515275            5398201602137501124812874    80.21      1      0     0.00  0.00 18.00
N2515275            5398201602137501125118333   343.63      1      0     0.00 14.28 18.00
N2515275            5398201602137501124813055   165.12      1      0     0.00  0.00 18.00
N2515275            5398201602137501124815103    84.73      1      0     0.00  0.00 18.00
N2515275            5398201602137501125118562    26.82      1      0     0.00  0.00 18.00
N2515275            5398201602137501124815226    62.06      1      0     0.00  0.00 18.00
N2515275            5398201602137501125124075   284.08      1      0     0.00  0.00 18.00
N2515275            5398201602137501125130878    16.51      1      0     0.00  0.00 18.00
N2515275            5398201602137501124815677   110.64      1      0     0.00  0.00 18.00
N2515275            5398201602137501124815486    53.08      1      0     0.00  0.00 18.00
N2515275            5398201602137501125130885    16.51      1      0     0.00  0.00 18.00
N2515275            5398201602137501124816933    57.62      1      0     0.00  0.00 18.00
N2515275            5398201602137501125130892    16.51      1      0     0.00  0.00 18.00
N2515275            5398201602137501125139543   189.03      1      0     0.00 12.50 18.00
N2515275            5398201602137501124817947    36.53      1      0     0.00  0.00 18.00
N2515275            5398201602137501124817954    36.53      1      0     0.00  0.00 18.00
N2515275            5398201602137501125149221    26.82      1      0     0.00  0.00 18.00
N2515275            5398201602137501124818500   197.82      1      0     0.00  0.00 18.00
N2515275            5398201602137501168810713   482.98      1      0     0.00  0.00 18.00
N2515275            5398201602137501250810645   304.74      1      0     0.00  0.00 18.00
N2515275            5398201602137501125100116    16.24      1      0     0.00  0.00 18.00
N2515275            5398201602137501125100123    45.25      1      0     0.00  0.00 18.00
N2515275            5398201602137501250813295   981.05      1      0     0.00  0.00 18.00
N2515275            5398201602137501125103520    26.82      1      0     0.00  0.00 18.00
N2515275            5398201602137501250813530   785.49      1      0     0.00  0.00 18.00
N2515275            5398201602137501250829852   448.15      1      0     0.00  0.00 18.00
N2515275            5398201602137501125103582    26.82      1      0     0.00  0.00 18.00
N2515275            5398201602137501125104183    26.82      1      0     0.00  0.00 18.00
N2515275            5398201602137501250829890   758.60      1      0     0.00  0.00 18.00
N2515275            5398201602137501125104268    26.82      1      0     0.00 25.00 18.00
N2515275            5398201602137501250838588   517.42      1      0     0.00  0.00 18.00
N2515275            5398201602137501250840086   290.90      1      0    16.00  0.00 18.00
N2515275            5398201602137501125104343    26.82      1      0     0.00 25.00 18.00
N2515276            539820160213 748499100190   219.50      1      0    16.00  0.00  8.00
N2515276            539820160213 300090342043   341.29      1      0    16.00  0.00 18.00
N2515276            539820160213 300093331020   277.14      1      0     0.00  0.00 18.00
N2515276            5398201602137501289511469    84.18      1      0     0.00  0.00 15.00
N2515276            5398201602137501108761860   128.75      1      0     0.00  0.00 18.00
N2515276            5398201602137501228300284   445.94      1      0     0.00  0.00 18.00
N2515276            5398201602137501228300406   140.07      1      0     0.00  0.00 18.00
N2515276            5398201602137501108762157   129.20      1      0     0.00  0.00 18.00
N2515276            5398201602137501287678096    90.47      1      0     0.00  0.00 18.00
N2515276            5398201602137501249605634    82.16      1      0     0.00 23.07  5.00
N2515276            5398201602137501050610704   294.00      1      0     0.00  0.00 18.00
N2515276            5398201602137501289511117    69.88      1      0     0.00  0.00 15.00
N2515276            5398201602137501287669001   137.77      1      0     0.00  0.00 18.00
N2515276            5398201602137501122900313   520.36      1      0    16.00  9.09  8.00
N2515276            5398201602137501287626103   432.40      1      0     0.00  0.00 18.00
N2515276            5398201602137501289511124   112.57      1      0     0.00  0.00 15.00
N2515276            5398201602137501033954740    27.92      1      0     0.00  0.00 17.00
N2515276            5398201602133499320000215   274.62      1      0     0.00  0.00  8.00
N2515276            5398201602137501108767527    61.00      1      0     0.00  0.00 18.00
N2515276            5398201602137501287628206   277.16      1      0     0.00  0.00 18.00
N2515276            5398201602137501070903176   139.16      1      0     0.00  0.00 18.00
N2515276            5398201602137501289511414    50.51      1      0     0.00  0.00 15.00
N2515276            5398201602137501122963028   167.10      1      0     0.00  0.00  8.00
N2515276            5398201602137501287650627   235.59      1      0     0.00  0.00 18.00
N2515276            5398201602137501289511407    84.18      1      0     0.00  0.00 15.00
N2515276            5398201602137501289511421    26.68      1      0     0.00  0.00 15.00
N2515276            5398201602137501289511438    57.63      1      0     0.00  0.00 15.00
N2515276            5398201602137501122963707   208.84      1      0     0.00  9.09  8.00
N2515276            5398201602133499320001168   369.01      1      0     0.00  0.00  8.00
N2515276            5398201602137502242120001    94.00      1      0     0.00  0.00 15.00
N2515276            5398201602133499320001205   266.45      1      0     0.00  0.00  8.00
N2515276            5398201602133499320001328   176.72      1      0     0.00  0.00  8.00
N2515276            5398201602137501033956638    26.13      1      0     0.00  0.00 17.00
N2515276            5398201602137501033956690    27.92      1      0     0.00  0.00 17.00
N2515276            5398201602133499320001335   196.35      1      0     0.00  0.00  8.00
N2515276            5398201602137501108767947   107.26      1      0     0.00  0.00 18.00
N2515276            5398201602133499320001359   335.45      1      0     0.00  0.00  8.00
N2515276            5398201602137501287627605   386.78      1      0     0.00  0.00 18.00
N2515276            5398201602133499320003056   519.20      1      0     0.00  0.00  8.00
N2515276            5398201602137501123011711   457.41      1      0     0.00  9.09  8.00
N2515276            5398201602137501287630124    99.96      1      0     0.00  0.00 18.00
N2515276            5398201602137501287630506   131.85      1      0     0.00  0.00 18.00
N2515276            5398201602137501287630926   186.78      1      0     0.00  0.00 18.00
N2515276            5398201602137501289512756    81.48      1      0    16.00  0.00 15.00
N2515276            5398201602137501201490797   519.19      1      0     0.00  0.00 18.00
N2515276            539820160213 748499100176   237.85      1      0    16.00  0.00  8.00
N2515277            5398201602137501159580182   114.33      1      0     0.00  0.00  0.00
N2515277            5398201602137501125116810    15.37      1      0     0.00  9.09  0.00
N2515277            5398201602137501165000193   113.45      1      0     0.00  0.00  0.00
N2515277            5398201602137501165000230    52.82      1      0     0.00  0.00  0.00
N2515277            5398201602137501165000278    86.95      1      0     0.00  0.00  0.00
N2515277            5398201602137501165000315    78.81      1      0     0.00  0.00  0.00
N2515277            5398201602137501159580014   113.80      1      0     0.00  0.00  0.00
N2515277            5398201602137501159580021   674.70      1      0     0.00  0.00  0.00
N2515277            5398201602137501328976020   149.91      1      0     0.00  0.00  0.00
N2515277            5398201602137501008465677    52.59      1      0     0.00  0.00  0.00
N2515277            5398201602137501008485057    39.79      1      0     0.00  0.00  0.00
N2515277            5398201602137501034670069   160.01      1      0     0.00  0.00  0.00
N2515277            5398201602137501159514026   145.17      1      0     0.00  0.00  0.00
N2515277            5398201602137501165000391   324.92      1      0     0.00  0.00  0.00
N2515277            5398201602137501318683099   611.40      1      0     0.00  0.00  0.00
N2515277            5398201602137501034630070    88.82      1      0     0.00  0.00  0.00
N2515277            5398201602137501299302866   171.57      1      0     0.00  0.00  0.00
N2515277            5398201602137501050611220    39.60      1      0     0.00  0.00  0.00
N2515277            5398201602137501050611404   166.60      1      0     0.00  0.00  0.00
N2515277            5398201602137501050611039   158.90      1      0     0.00  0.00  0.00
N2515277            5398201602137501050611053   299.60      1      0     0.00  0.00  0.00
N2515277            5398201602137501050611121    39.86      1      0     0.00  0.00  0.00
N2515277            5398201602137501046461488   142.28      1      0     0.00  0.00  0.00
N2515277            5398201602137501050613422   239.40      1      0     0.00  0.00  0.00
N2515277            5398201602137501050613460    39.02      1      0     0.00  0.00  0.00
N2515277            5398201602137501050614641    36.95      1      0     0.00  0.00  0.00
N2515277            5398201602137501095409004    38.70      1      0     0.00  0.00  0.00
N2515277            5398201602137501033953002   183.19      1      0     0.00  0.00  0.00
N2515277            5398201602137501095409059    38.70      1      0     0.00  0.00  0.00
N2515277            5398201602137501070622152   153.18      1      0     0.00  0.00  0.00
N2515277            5398201602137501061002703    29.30      1      0     0.00  0.00  0.00
N2515277            5398201602137501070634810   213.50      1      0     0.00  0.00  0.00
N2515277            5398201602137501008427330    72.80      1      0     0.00  0.00  0.00
N2515277            5398201602137501008427347    42.35      1      0     0.00  0.00  0.00
N2515277            5398201602137501095451096    21.46      1      0     0.00  7.00  0.00
N2515277            5398201602137501037911152   118.72      1      0     0.00  0.00  0.00
N2515277            5398201602135034642021753   620.96      1      0     0.00  0.00  0.00
N2515277            5398201602137501094913885   438.03      1      0     0.00  0.00  0.00
N2515277            5398201602137501008409503    88.26      1      0     0.00  0.00  0.00
N2515277            5398201602137501008409541    37.98      1      0     0.00  0.00  0.00
N2515277            5398201602137501095452116    28.62      1      0     0.00  0.00  0.00
N2515277            5398201602137501095452130    74.18      1      0     0.00  0.00  0.00
N2515277            5398201602137501095452147    47.70      1      0     0.00  0.00  0.00
N2515277            5398201602137501095452505    65.61      1      0     0.00  0.00  0.00
N2515277            5398201602137501037908541   161.60      1      0     0.00  0.00  0.00
N2515277            5398201602137501037908572   182.46      1      0     0.00  0.00  0.00
N2515277            5398201602137501037908640    87.03      1      0     0.00  0.00  0.00
N2515277            5398201602137501095476495    24.56      1      0     0.00  0.00  0.00
N2515278            5398201602137501328979502    80.70      1      0     0.00  0.00  0.00
N2515278            5398201602137501092708049   115.79      1      0     0.00  0.00  0.00
N2515278            5398201602137501092774754   165.51      1      0     0.00  0.00  0.00
N2515278            5398201602137501072310392    55.65      1      0     0.00  0.00  0.00
N2515278            5398201602137501092793045   121.03      1      0     0.00  0.00  0.00
N2515278            5398201602137501328979885    47.69      1      0     0.00  0.00  0.00
N2515278            5398201602137501328979915    70.61      1      0     0.00  0.00  0.00
N2515278            5398201602137501092793052    66.07      1      0     0.00  0.00  0.00
N2515278            5398201602137501092760016   210.00      1      0     0.00  0.00  0.00
N2515278            5398201602137501089802026   225.50      1      0     0.00  0.00  0.00
N2515278            5398201602137501092779278   271.49      1      0     0.00  0.00  0.00
N2515278            5398201602137501088505003    38.50      1      0     0.00  0.00  0.00
N2515278            5398201602137501088505126    75.00      1      0     0.00  0.00  0.00
N2515278            5398201602137501165001725   317.87      1      0     0.00  0.00  0.00
N2515278            5398201602137501165002890    52.97      1      0     0.00  0.00  0.00
N2515278            5398201602137501165002906    38.53      1      0     0.00  0.00  0.00
N2515278            5398201602137501165002913    52.97      1      0     0.00  0.00  0.00
N2515278            5398201602137501165001619   510.88      1      0     0.00  0.00  0.00
N2515278            5398201602137501165001688   463.95      1      0     0.00  0.00  0.00
N2515278            5398201602137501088575495    72.00      1      0     0.00  0.00  0.00
N2515278            5398201602137501165002920    38.53      1      0     0.00  0.00  0.00
N2515278            5398201602137501165003040    88.45      1      0     0.00  0.00  0.00
N2515278            5398201602134104480412103   158.13      1      0     0.00  0.00  0.00
N2515278            5398201602133594456400103   341.00      1      0     0.00  0.00  0.00
N2515278            5398201602137501165001220   215.34      1      0     0.00  0.00  0.00
N2515278            5398201602137501088579615    78.50      1      0     0.00  0.00  0.00
N2515278            5398201602137501871730315   346.97      1      0     0.00  0.00  0.00
N2515278            5398201602137501871720538   353.94      1      0     0.00  0.00  0.00
N2515278            5398201602137501088508929    58.70      1      0     0.00  0.00  0.00
N2515278            5398201602137501072300133    47.67      1      0     0.00  0.00  0.00
N2515278            5398201602137501072300157    74.65      1      0     0.00  0.00  0.00
N2515278            5398201602137501072300164    44.49      1      0     0.00  0.00  0.00
N2515278            5398201602137501072300171    61.62      1      0     0.00  0.00  0.00
N2515278            5398201602137501072300218    61.73      1      0     0.00  0.00  0.00
N2515278            5398201602137501088509766    54.20      1      0     0.00  0.00  0.00
N2515278            5398201602137501088515200   198.00      1      0     0.00  0.00  0.00
N2515278            5398201602137795320050325   190.27      1      0     0.00  0.00  0.00
N2515278            5398201602137501089809438   116.64      1      0     0.00  0.00  0.00
N2515278            5398201602137795320050127   281.81      1      0     0.00  0.00  0.00
N2515278            5398201602137501871720668   162.60      1      0     0.00  0.00  0.00
N2515278            5398201602137501871720682   364.48      1      0     0.00  0.00  0.00
N2515278            5398201602137501088509773    82.00      1      0     0.00  0.00  0.00
N2515278            5398201602137501088509810    60.00      1      0     0.00  0.00  0.00
N2515278            5398201602137501082212136   937.92      1      0     0.00  0.00  0.00
N2515278            5398201602137501871720613    29.00      1      0     0.00  0.00  0.00
N2515278            5398201602137501082212174   590.28      1      0     0.00  0.00  0.00
N2515279            5398201602137501050612364   296.07      1      0     0.00  0.00  0.00
N2515279            5398201602137501050613453    37.50      1      0     0.00  0.00  0.00
N2515279            5398201602137501050624558    43.59      1      0     0.00  0.00  0.00
N2515279            5398201602137501050699990   220.88      1      0     0.00  0.00  0.00
N2515279            5398201602137501070613044    98.56      1      0     0.00  0.00  0.00
N2515279            5398201602137501046491874   340.77      1      0     0.00  0.00  0.00
N2515279            5398201602137501285600334   126.53      1      0     0.00  0.00  0.00
N2515279            5398201602137501089802019   137.38      1      0     0.00  0.00  0.00
N2515279            5398201602137501050624572    47.83      1      0     0.00  0.00  0.00
N2515279            5398201602137501298234601   215.18      1      0     0.00  0.00  0.00
N2515279            5398201602137501324402356   134.00      1      0     0.00  0.00  0.00
N2515279            5398201602137501101633348   156.00      1      0     0.00  0.00  0.00
N2515279            5398201602137501098621151   249.00      1      0     0.00  0.00  0.00
N2515279            5398201602137501098624114   344.00      1      0     0.00  0.00  0.00
N2515279            5398201602137501086310401   138.75      1      0     0.00  0.00  0.00
N2515279            5398201602137501061002550    29.30      1      0     0.00  0.00  0.00
N2515279            5398201602137501165006386   261.31      1      0     0.00  0.00  0.00
N2515279            5398201602137501008486504    16.64      1      0    16.00  0.00  0.00
N2515279            5398201602137501089809490    79.70      1      0     0.00  0.00  0.00
N2515279            5398201602137501300409669   312.50      1      0     0.00  0.00  0.00
N2515279            5398201602137501299308073   171.57      1      0     0.00  0.00  0.00
N2515279            5398201602137501314701513   190.06      1      0     0.00  0.00  0.00
N2515279            5398201602137501008448243   167.68      1      0     0.00  0.00  0.00
N2515279            539820160213 650240011153    75.62      1      0     0.00  0.00  0.00
N2515279            5398201602137501314701704   268.90      1      0     0.00  0.00  0.00
N2515279            539820160213 650240011351    60.40      1      0     0.00  0.00  0.00
N2515279            5398201602137501008465592    66.56      1      0     0.00  0.00  0.00
N2515279            5398201602137501050625395    19.72      1      0     0.00  0.00  0.00
N2515279            5398201602137501022150405    43.63      1      0    16.00  0.00  0.00
N2515279            5398201602137501050619943    39.74      1      0     0.00  0.00  0.00
N2515279            5398201602137501037908084    65.89      1      0     0.00  9.09  0.00
N2515279            5398201602137501092777212   384.02      1      0     0.00  0.00  0.00
N2515279            5398201602137501048333202    16.09      1      0    16.00  0.00  0.00
N2515279            539820160213 650240007651    46.49      1      0     0.00  0.00  0.00
N2515279            539820160213 650240006203   129.54      1      0     0.00  0.00  0.00
N2515279            5398201602137501165006430   101.22      1      0     0.00  0.00  0.00
N2515279            5398201602137501091440094    14.02      1      0     0.00  0.00  0.00
N2515279            5398201602137501022101209    26.47      1      0    16.00  0.00  0.00
N2515279            539820160213 650240007408    42.69      1      0     0.00  0.00  0.00
N2515279            5398201602137501298215099    48.88      1      0     0.00  0.00  0.00
N2515279            539820160213 650240010712    49.26      1      0     0.00  0.00  0.00
N2515279            539820160213 650240011177    76.91      1      0     0.00  0.00  0.00
N2515279            5398201602137501101649653   166.90      1      0     0.00  0.00  0.00
N2515279            5398201602137501050614597    64.80      1      0     0.00  0.00  0.00
N2515279            5398201602137501871721214   761.35      1      0     0.00  0.00  0.00
N2515279            539820160213 650240011139   215.96      1      0     0.00  0.00  0.00
N2515280            5398201602137501298217703   244.99      1      0     0.00  0.00  0.00
N2515280            5398201602137501298217659   243.10      1      0     0.00  0.00  0.00
N2515280            5398201602137501082242461   423.14      1      0     0.00  0.00  0.00
N2515280            5398201602137501082242478   497.08      1      0     0.00  0.00  0.00
N2515280            5398201602137501098606608   259.00      1      0     0.00  0.00  0.00
N2515280            5398201602137501299306123    62.51      1      0     0.00  0.00  0.00
N2515280            5398201602137501298218700    94.52      1      0     0.00  0.00  0.00
N2515280            5398201602137501299338018   289.27      1      0     0.00  0.00  0.00
N2515280            5398201602137501300407139   175.00      1      0     0.00  0.00  0.00
N2515280            5398201602137501300407122    51.88      1      0     0.00  0.00  0.00
N2515280            5398201602137501008453780    72.37      1      0     0.00  0.00  0.00
N2515280            5398201602137502246642820   847.96      1      0     0.00  0.00  0.00
N2515280            5398201602137501008497593    21.78      1      0     0.00  0.00  0.00
N2515280            5398201602137501318697409   111.57      1      0     0.00  0.00  0.00
N2515280            5398201602137501008497562   125.16      1      0     0.00  0.00  0.00
N2515280            5398201602137501298217635   163.58      1      0     0.00  0.00  0.00
N2515280            5398201602137501300407108    43.75      1      0     0.00  0.00  0.00
N2515280            539820160213 650240017100    47.10      1      0     0.00  0.00  0.00
N2515280            5398201602137501070618995   201.48      1      0     0.00  0.00  0.00
N2515280            5398201602137501318612655    55.76      1      0     0.00  0.00  0.00
N2515280            5398201602137501037908619   120.09      1      0     0.00  0.00  0.00
N2515280            5398201602137501165007956   573.66      1      0    16.00  0.00  0.00
N2515280            5398201602137501098608336   295.00      1      0     0.00  0.00  0.00
N2515280            5398201602137501298219363    47.51      1      0     0.00  0.00  0.00
N2515280            5398201602137501037935172   431.38      1      0     0.00  0.00  0.00
N2515280            5398201602137841141003436   263.51      1      0     0.00  0.00  0.00
N2515280            5398201602137501088505478    92.50      1      0     0.00  0.00  0.00
N2515280            5398201602137501050633659    82.91      1      0     0.00  0.00  0.00
N2515280            5398201602137501080950146    34.12      1      0    16.00  0.00  0.00
N2515280            5398201602137501299306253    65.83      1      0     0.00  0.00  0.00
N2515280            5398201602137501300408136   295.00      1      0     0.00  0.00  0.00
N2515280            539820160213 650240006647    56.09      1      0     0.00  0.00  0.00
N2515280            5398201602137501050624015    25.99      1      0    16.00  0.00  0.00
N2515280            5398201602137501050624022    38.84      1      0    16.00  0.00  0.00
N2515280            5398201602137501050624008    14.53      1      0    16.00  0.00  0.00
N2515280            5398201602137503006698323   132.24      1      0    16.00  0.00  0.00
N2515280            5398201602137501299307571    74.48      1      0     0.00  0.00  0.00
N2515280            5398201602137501298213019    30.07      1      0     0.00  0.00  0.00
N2515280            5398201602137501008485033    39.79      1      0     0.00  0.00  0.00
N2515280            5398201602137501050623766    49.72      1      0     0.00  0.00  0.00
N2515280            5398201602137501299355039    47.22      1      0     0.00  0.00  0.00
N2515280            5398201602137501008497340   135.29      1      0     0.00  0.00  0.00
N2515280            5398201602137501299307922    61.18      1      0     0.00  0.00  0.00
N2515280            539820160213 650240011818   154.69      1      0     0.00  0.00  0.00
N2515280            5398201602137501092776413   236.82      1      0     0.00  0.00  0.00
N2515280            539820160213 310158096740    68.22      1      0     0.00  0.00  0.00
N2515280            5398201602137501299335017   732.83      1      0     0.00  0.00  0.00
N2515280            5398201602137501037907124    94.48      1      0     0.00  0.00  0.00
N2515281            5398201602137501001147587    16.97      1      0     0.00  0.00 18.00
N2515281            539820160213 736085401530   605.23      1      0     0.00  0.00 18.00
N2515281            539820160213 008400003249   273.50      1      0     0.00  0.00 18.00
N2515281            539820160213 008400004574   232.18      1      0     0.00  0.00 18.00
N2515281            539820160213 020800753067    44.55      1      0     0.00  0.00 18.00
N2515281            539820160213 020800755719    55.76      1      0     0.00  0.00 18.00
N2515281            539820160213 020800755726    92.49      1      0     0.00  0.00 18.00
N2515281            539820160213 020800756440    44.55      1      0     0.00  0.00 18.00
N2515281            539820160213 714706100109    84.54      1      0     0.00  0.00 18.00
N2515281            5398201602137501094916558   301.65      1      0     0.00  0.00 18.00
N2515281            5398201602137501109761944     7.68      1      0     0.00  0.00 18.00
N2515281            5398201602137501124810917   112.41      1      0     0.00  0.00 18.00
N2515281            5398201602137501001147594    16.97      1      0     0.00  0.00 18.00
N2515281            5398201602137501001147600    16.97      1      0     0.00  0.00 18.00
N2515281            5398201602137501001168889    80.99      1      0     0.00  0.00 18.00
N2515281            5398201602137501001258030    62.23      1      0     0.00  0.00 18.00
N2515281            5398201602137501001353377    62.23      1      0     0.00  0.00 18.00
N2515281            5398201602137501070900120   110.78      1      0     0.00  0.00 18.00
N2515281            5398201602137501070900441   167.63      1      0     0.00  0.00 18.00
N2515281            5398201602137501070903350   143.73      1      0     0.00  0.00 18.00
N2515281            5398201602137501070903473   220.03      1      0     0.00  0.00 18.00
N2515281            5398201602137501070903497   121.86      1      0     0.00  0.00 18.00
N2515281            5398201602137501070903510   105.04      1      0     0.00  0.00 18.00
N2515281            5398201602137501070903688   203.90      1      0     0.00  0.00 18.00
N2515281            5398201602137501070903695   318.40      1      0     0.00  0.00 18.00
N2515281            5398201602137501070981518   301.90      1      0     0.00  0.00 18.00
N2515281            5398201602137501080912038    63.64      1      0     0.00  0.00 18.00
N2515281            5398201602137501088504808   467.71      1      0     0.00 13.04 18.00
N2515281            5398201602137501094910570    97.84      1      0     0.00  0.00 18.00
N2515281            5398201602137501094911386   107.33      1      0     0.00  0.00 18.00
N2515281            5398201602137501094911485    90.13      1      0     0.00  0.00 18.00
N2515281            5398201602137501094915353   107.43      1      0     0.00  0.00 18.00
N2515281            539820160213 736085011937   115.72      1      0     0.00  0.00 18.00
N2515281            539820160213 736085051063   243.79      1      0     0.00  0.00 18.00
N2515281            539820160213 736085105032    81.94      1      0     0.00  0.00 18.00
N2515281            539820160213 736085114041   196.61      1      0     0.00  0.00 18.00
N2515281            539820160213 736085132069    47.47      1      0     0.00  0.00 18.00
N2515281            539820160213 736085171051   184.73      1      0     0.00  0.00 18.00
N2515281            539820160213 736085405040    70.54      1      0     0.00  0.00 18.00
N2515281            539820160213 736085405422    69.71      1      0     0.00  0.00 18.00
N2515281            5398201602137501001100001   313.68      1      0     0.00  0.00 18.00
N2515281            5398201602137501001116187    88.07      1      0     0.00  0.00 18.00
N2515281            539820160213 736085278507    45.48      1      0     0.00  0.00 18.00
N2515281            539820160213 736085401226   252.69      1      0     0.00  0.00 18.00
N2515281            539820160213 736085405668   365.39      1      0     0.00  0.00 18.00
N2515282            5398201602137501033956775    27.92      1      0     0.00  0.00 17.00
N2515282            5398201602137501108768852    99.28      1      0     0.00  0.00 18.00
N2515282            5398201602137502003560480   371.96      1      0     0.00  0.00  8.00
N2515282            5398201602137502250340255    56.76      1      0     0.00  0.00 11.00
N2515282            5398201602137502224228763   554.38      1      0    16.00  0.00 18.00
N2515282            5398201602137502224228916   202.22      1      0    16.00  0.00 18.00
N2515282            5398201602137502003560442   447.16      1      0     0.00  0.00  8.00
N2515282            5398201602137502216931848   585.14      1      0     0.00  0.00 18.00
N2515282            5398201602137502003560572   231.03      1      0    16.00  0.00  8.00
N2515282            5398201602137897930762268   279.31      1      0    16.00  0.00  8.00
N2515282            5398201602133499320004237   519.17      1      0     0.00  0.00  8.00
N2515282            539820160213 300055501638   152.96      1      0     0.00  0.00 18.00
N2515282            5398201602133499320004473   282.76      1      0    16.00  0.00  8.00
N2515282            5398201602133499320004497   227.59      1      0    16.00  0.00  8.00
N2515282            5398201602137502224228688   654.79      1      0    16.00  0.00 18.00
N2515282            5398201602137502235760139   259.00      1      0    16.00  0.00 15.00
N2515283            5398201602137501300409713   201.25      1      0     0.00  0.00  0.00
N2515283            5398201602137501300409911   354.38      1      0     0.00  0.00  0.00
N2515283            5398201602137501298244907   333.93      1      0     0.00  0.00  0.00
N2515283            539820160213 650240000973   258.39      1      0     0.00  0.00  0.00
N2515283            539820160213 650240001635   258.39      1      0     0.00  0.00  0.00
N2515283            5398201602137501050615617    28.98      1      0    16.00  0.00  0.00
N2515283            5398201602137501050617055    32.91      1      0     0.00  0.00  0.00
N2515283            5398201602137501061019008   191.58      1      0     0.00  0.00  0.00
N2515283            5398201602137501070635411   145.59      1      0     0.00  0.00  0.00
N2515283            5398201602137501384504304   121.53      1      0     0.00  0.00  0.00
N2515283            5398201602137501070615277   322.00      1      0     0.00  0.00  0.00
N2515283            5398201602137501070635756   268.80      1      0     0.00  0.00  0.00
N2515283            5398201602137501050611022    88.90      1      0     0.00  0.00  0.00
N2515283            5398201602137501070635596   203.32      1      0     0.00  0.00  0.00
N2515283            5398201602137501070635664   162.15      1      0     0.00  0.00  0.00
N2515283            5398201602137501298281308    70.04      1      0     0.00  0.00  0.00
N2515283            5398201602137501299300251    75.81      1      0     0.00  0.00  0.00
N2515283            5398201602137501299300367   113.72      1      0     0.00  0.00  0.00
N2515283            5398201602137501303451580   290.57      1      0     0.00  0.00  0.00
N2515283            5398201602137501298249902    55.36      1      0     0.00  0.00  0.00
N2515283            5398201602137501318634732    75.09      1      0     0.00  0.00  0.00
N2515283            5398201602137501298281209    37.41      1      0     0.00  0.00  0.00
N2515283            5398201602137501303451603   309.28      1      0     0.00  0.00  0.00
N2515283            5398201602137501318644335    49.13      1      0     0.00  0.00  0.00
N2515283            5398201602137501318645080    81.23      1      0     0.00  0.00  0.00
N2515283            5398201602137501318645295   110.55      1      0     0.00  0.00  0.00
N2515283            5398201602137501318646223   102.70      1      0     0.00  0.00  0.00
N2515283            5398201602137501318646360   130.12      1      0     0.00  0.00  0.00
N2515283            5398201602137501318649071   124.89      1      0     0.00  0.00  0.00
N2515283            5398201602137501318657274    89.22      1      0     0.00  0.00  0.00
N2515283            5398201602137501298205205   156.83      1      0     0.00  0.00  0.00
N2515283            5398201602137501298209067   282.18      1      0     0.00  0.00  0.00
N2515283            5398201602137501299307236    36.58      1      0     0.00  0.00  0.00
N2515283            5398201602137501314705139   233.05      1      0     0.00  0.00  0.00
N2515283            5398201602137501324402868   422.00      1      0     0.00  0.00  0.00
N2515283            5398201602137501299306130    94.43      1      0     0.00  0.00  0.00
N2515283            5398201602137501299306352    86.45      1      0     0.00  0.00  0.00
N2515283            5398201602137501314705542   344.19      1      0     0.00  0.00  0.00
N2515283            5398201602137501324403124   306.00      1      0     0.00  0.00  0.00
N2515283            5398201602137501303433005   215.74      1      0     0.00  0.00  0.00
N2515283            5398201602137501300408204   216.88      1      0     0.00  0.00  0.00
N2515283            5398201602137501300408228   125.63      1      0     0.00  0.00  0.00
N2515283            5398201602137501300408402   138.13      1      0     0.00  0.00  0.00
N2515283            5398201602137501298220406   186.45      1      0     0.00  0.00  0.00
N2515283            5398201602137501298221403   237.61      1      0     0.00  0.00  0.00
N2515283            5398201602137501300409584   183.75      1      0     0.00  0.00  0.00
N2515283            5398201602137501300408754   234.38      1      0     0.00  0.00  0.00
N2515283            5398201602137501318608900    59.48      1      0     0.00  0.00  0.00
N2515284            5398201602137501089804013   174.96      1      0     0.00  0.00  0.00
N2515284            5398201602137501089804099   255.96      1      0     0.00  0.00  0.00
N2515284            5398201602137501089804136   174.96      1      0     0.00  0.00  0.00
N2515284            5398201602137501089804310   210.60      1      0     0.00  0.00  0.00
N2515284            5398201602137896116861566   255.75      1      0     0.00  0.00  0.00
N2515284            5398201602137501089804327   210.60      1      0     0.00  0.00  0.00
N2515284            5398201602137501089809452   110.16      1      0     0.00  0.00  0.00
N2515284            5398201602137501089810021    87.48      1      0     0.00  0.00  0.00
N2515284            5398201602137501082201307   302.23      1      0     0.00  0.00  0.00
N2515284            5398201602137501871720712   342.05      1      0     0.00  0.00  0.00
N2515284            5398201602137501285601447   354.90      1      0     0.00  0.00  0.00
N2515284            5398201602137501089809506   113.40      1      0     0.00  0.00  0.00
N2515284            539820160213 650240005398    64.39      1      0     0.00  0.00  0.00
N2515284            5398201602137501101698453   365.80      1      0     0.00  0.00  0.00
N2515284            539820160213 650240006364   312.15      1      0    16.00  0.00  0.00
N2515284            5398201602137501201340016   190.90      1      0     0.00  0.00  0.00
N2515284            539820160213 650240003950    59.63      1      0     0.00  0.00  0.00
N2515284            539820160213 650240003967    43.13      1      0     0.00  0.00  0.00
N2515284            5398201602137501098611305   284.00      1      0     0.00  0.00  0.00
N2515284            5398201602137501098611312   254.00      1      0     0.00  0.00  0.00
N2515284            5398201602137501098611329   405.00      1      0     0.00  0.00  0.00
N2515284            539820160213 041388284316   116.48      1      0     0.00  0.00  0.00
N2515284            5398201602137501098603850    47.45      1      0     0.00  0.00  0.00
N2515284            5398201602137501098603867    86.34      1      0     0.00  0.00  0.00
N2515284            5398201602137501098633253   262.00      1      0     0.00  0.00  0.00
N2515284            5398201602137501064560194    32.02      1      0     0.00  0.00  0.00
N2515284            5398201602137501065030405    17.41      1      0     0.00  0.00  0.00
N2515284            5398201602137501065053138    51.37      1      0     0.00  0.00  0.00
N2515284            5398201602137501070613440    96.61      1      0     0.00  0.00  0.00
N2515284            5398201602137501050610018   136.97      1      0     0.00  0.00  0.00
N2515284            5398201602137501043110853   303.66      1      0     0.00  0.00  0.00
N2515284            5398201602137501070614461   145.59      1      0     0.00  0.00  0.00
N2515284            5398201602137501050605731   217.70      1      0     0.00  0.00  0.00
N2515284            5398201602137501046492604   645.20      1      0     0.00  0.00  0.00
N2515284            5398201602137501043149921   197.22      1      0     0.00  0.00  0.00
N2515284            5398201602137501050617079    28.61      1      0     0.00  0.00  0.00
N2515284            5398201602137501050605717   179.20      1      0     0.00  0.00  0.00
N2515284            5398201602137501050610629   159.60      1      0     0.00  0.00  0.00
N2515284            5398201602137501043110686   339.67      1      0     0.00  0.00  0.00
N2515284            5398201602137501174600117    20.17      1      0     0.00  0.00  0.00
N2515284            5398201602137501174600124    46.12      1      0     0.00  0.00  0.00
N2515284            5398201602137501050693530    35.83      1      0     0.00  0.00  0.00
N2515284            5398201602137501070600556    65.28      1      0     0.00  0.00  0.00
N2515284            5398201602137501070600730    61.44      1      0     0.00  0.00  0.00
N2515284            5398201602137501070612368   109.20      1      0     0.00  0.00  0.00
N2515284            5398201602137501050624640    56.15      1      0     0.00  0.00  0.00
N2515284            5398201602137501050617697    39.56      1      0     0.00  0.00  0.00
N2515284            5398201602137501050606288    74.25      1      0     0.00  0.00  0.00
N2515284            5398201602137501050608558   299.60      1      0     0.00  0.00  0.00
N2515285            5398201602137501299303078    44.56      1      0     0.00  0.00  0.00
N2515285            5398201602137501008486528    25.32      1      0    16.00  0.00  0.00
N2515285            5398201602137501008486559    34.73      1      0    16.00  0.00  0.00
N2515285            5398201602137501299303085    44.56      1      0     0.00  0.00  0.00
N2515285            5398201602137501314704149    28.68      1      0     0.00  0.00  0.00
N2515285            5398201602137501299303016    97.09      1      0     0.00  0.00  0.00
N2515285            5398201602137501314704156    21.49      1      0     0.00  0.00  0.00
N2515285            5398201602137501299303047    40.57      1      0     0.00  0.00  0.00
N2515285            5398201602137501008496152    49.92      1      0     0.00  0.00  0.00
N2515285            5398201602137501034645012   104.01      1      0     0.00  0.00  0.00
N2515285            5398201602137501299301326    91.77      1      0     0.00  0.00  0.00
N2515285            5398201602137501299303306    99.75      1      0     0.00  0.00  0.00
N2515285            5398201602137501324402288   208.00      1      0     0.00  0.00  0.00
N2515285            5398201602137501034635013    85.29      1      0    16.00  0.00  0.00
N2515285            5398201602137501034635020    82.09      1      0    16.00  0.00  0.00
N2515285            5398201602137501008491966    22.85      1      0     0.00  0.00  0.00
N2515285            5398201602137501008493007   179.23      1      0     0.00  0.00  0.00
N2515285            5398201602137501314701834   186.43      1      0     0.00  0.00  0.00
N2515285            5398201602137501314704187    22.94      1      0     0.00  0.00  0.00
N2515285            5398201602137501034645067    69.13      1      0     0.00  9.09  0.00
N2515285            5398201602137501008496701    21.36      1      0     0.00  0.00  0.00
N2515285            5398201602137501009000709   180.90      1      0     0.00  0.00  0.00
N2515285            5398201602137501034651020   152.96      1      0     0.00  0.00  0.00
N2515285            5398201602137501299301449   287.63      1      0     0.00  0.00  0.00
N2515285            5398201602137501299301579   242.06      1      0     0.00  0.00  0.00
N2515285            5398201602137501034650535   153.30      1      0     0.00  0.00  0.00
N2515285            5398201602137501034650559   107.82      1      0     0.00  0.00  0.00
N2515285            5398201602137501009000808   136.68      1      0     0.00  0.00  0.00
N2515285            5398201602137501034650580    76.73      1      0     0.00  0.00  0.00
N2515285            5398201602137501299301999   139.65      1      0     0.00  0.00  0.00
N2515285            5398201602137501299303542   135.00      1      0     0.00  0.00  0.00
N2515285            5398201602137501009070092   199.66      1      0     0.00  0.00  0.00
N2515285            5398201602137501008433553    36.05      1      0     0.00  0.00  0.00
N2515285            5398201602137501008433676    28.53      1      0     0.00  0.00  0.00
N2515285            5398201602137501008443033    20.06      1      0     0.00  0.00  0.00
N2515285            5398201602137501034665553    49.55      1      0     0.00  0.00  0.00
N2515285            5398201602137501314703173    71.70      1      0     0.00  0.00  0.00
N2515285            5398201602137501318670891   253.52      1      0     0.00  0.00  0.00
N2515285            5398201602137501008433515    65.87      1      0     0.00  0.00  0.00
N2515285            5398201602137501299302286   119.03      1      0     0.00  0.00  0.00
N2515285            5398201602137501299302354   159.60      1      0     0.00  0.00  0.00
N2515285            5398201602137501008465646    73.77      1      0     0.00  0.00  0.00
N2515285            5398201602137501314703333   179.57      1      0     0.00  0.00  0.00
N2515285            5398201602137501088505607    36.00      1      0     0.00  0.00  0.00
N2515285            5398201602137501385491085   164.50      1      0     0.00  0.00  0.00
N2515285            5398201602137501092773511   283.92      1      0     0.00  0.00  0.00
N2515285            5398201602137501092772965   151.05      1      0     0.00  0.00  0.00
N2515285            5398201602137501088505355    41.80      1      0     0.00  0.00  0.00
N2515285            5398201602137501092793038   140.65      1      0     0.00  0.00  0.00
N2515286            5398201602133499320001946   357.92      1      0     0.00  0.00  8.00
N2515286            5398201602137501122966906   297.95      1      0     0.00  9.09  8.00
N2515286            5398201602133499320002448   635.71      1      0     0.00  0.00  8.00
N2515286            5398201602133499320002523   555.42      1      0     0.00  0.00  8.00
N2515286            5398201602137501122961109   242.31      1      0     0.00  9.09  8.00
N2515286            539820160213 354312225010    20.68      1      0     0.00  0.00 11.00
N2515286            539820160213 354312225027    35.52      1      0     0.00  0.00 11.00
N2515286            539820160213 354312225133    28.93      1      0     0.00  0.00 11.00
N2515286            539820160213 354312225140    17.27      1      0     0.00  0.00 11.00
N2515286            539820160213 354312225164    32.39      1      0     0.00  0.00 11.00
N2515286            539820160213 354312625018    40.74      1      0     0.00  0.00 11.00
N2515286            5398201602137501590211232    83.90      1      0     0.00  0.00  5.00
N2515286            5398201602137502003560367    77.93      1      0    16.00  0.00  8.00
N2515286            539820160213     75009328    31.15      1      0     0.00  0.00 18.00
N2515286            5398201602137501033920110    26.13      1      0     0.00  0.00 17.00
N2515286            5398201602137501033920127    26.13      1      0     0.00 17.20 17.00
N2515286            5398201602137501326004176   459.72      1      0     0.00  0.00 18.00
N2515286            5398201602137501088507007   528.31      1      0     0.00  0.00  5.00
N2515286            5398201602137501406870004   100.79      1      0    16.00  0.00  8.00
N2515286            5398201602137501050611657   198.78      1      0     0.00  0.00 18.00
N2515286            5398201602137501050611671   241.97      1      0     0.00  0.00 18.00
N2515286            5398201602137501108765561   109.73      1      0     0.00  0.00 18.00
N2515286            5398201602137501122960317   289.98      1      0     0.00  9.09  8.00
N2515286            5398201602137501122961017   111.31      1      0     0.00  9.09  8.00
N2515286            5398201602137501108763468    65.40      1      0     0.00  0.00 18.00
N2515286            5398201602137501122966203   177.86      1      0     0.00  0.00  8.00
N2515286            5398201602137501326004954   962.53      1      0     0.00  0.00 18.00
N2515286            5398201602137501122961024   301.18      1      0     0.00  9.09  8.00
N2515286            5398201602133499320001755   368.60      1      0     0.00  0.00  8.00
N2515286            5398201602133499320001762   333.92      1      0     0.00  0.00  8.00
N2515286            5398201602137501123011605    48.69      1      0     0.00  0.00  8.00
N2515286            5398201602137501123011704   277.82      1      0     0.00  9.09  8.00
N2515286            5398201602137501406870097    84.42      1      0    16.00  0.00  8.00
N2515286            5398201602137501123017300   181.84      1      0     0.00  9.09  8.00
N2515286            5398201602137501123018031   166.93      1      0     0.00  9.09  8.00
N2515286            5398201602137501122961505   229.72      1      0     0.00  9.09  8.00
N2515286            5398201602137501122961604   241.57      1      0     0.00  9.09  8.00
N2515286            5398201602137501122961901   268.42      1      0     0.00  9.09  8.00
N2515286            5398201602137501123013302   293.18      1      0     0.00 16.66 10.00
N2515286            5398201602137501122962007   308.96      1      0     0.00  9.09  8.00
N2515286            5398201602137501123013340   206.28      1      0     0.00 16.66 10.00
N2515286            5398201602137501122962410   139.15      1      0     0.00  9.09  8.00
N2515286            5398201602137501123014705   284.92      1      0     0.00  9.09  8.00
N2515286            5398201602133499320002868   388.41      1      0     0.00  0.00  8.00
N2515286            5398201602137501123014743   289.19      1      0     0.00  9.09  8.00
N2515286            5398201602137501326000925   538.93      1      0     0.00  0.00 18.00
N2515286            5398201602137501033920103    26.13      1      0     0.00 16.90 17.00
