B18738396          37369201511137501094917005   499.68      2      0     0.00  0.00 18.00
B18738396          37369201511137501250838786   528.82      5      0     0.00  0.00 18.00
B18738397          37369201511134019338605159   323.57      2      0     0.00  0.00 10.00
B18738397          37369201511137703281001461   263.20      2      0    16.00  0.00 10.00
B18738398          37369201511137501098606608   259.00      2      0     0.00  0.00  0.00
B18738398          37369201511137501082212136   937.92      5      0     0.00  0.00  0.00
B18738398          37369201511137501098605755   369.00      2      0     0.00  0.00  0.00
B18738398          37369201511137501037946246   762.43      4      0     0.00  0.00  0.00
B18738398          37369201511137501037905588   489.91      3      0     0.00  0.00  0.00
B18738398          37369201511137501298215907   590.42      2      0     0.00  0.00  0.00
B18738399          37369201511137501326008402   975.88     10      0     0.00  0.00 18.00
B18738399          37369201511137501326001137   888.34      5      0     0.00  0.00 18.00
B18738399          37369201511137501326001977  1187.82      5      0     0.00  0.00 18.00
B18738399          37369201511137501287619105   618.85      2      0     0.00  0.00 18.00
B18738400          37369201511137501289514460   253.51     15      0     0.00  0.00 15.00
