B19144804           5214201601227501318634732    75.09      3      0     0.00  0.00  0.00
B19144804           5214201601227501300407122    51.88     28      0     0.00  0.00  0.00
B19144804           5214201601227501318612655    55.76     17      0     0.00  0.00  0.00
B19144804           5214201601227501070612368   103.68     10      0     0.00  0.00  0.00
B19144804           5214201601227703331157506   248.32      8      0     0.00  0.00  0.00
B19144804           5214201601224104480412103   158.13      7      0     0.00  0.00  0.00
B19144804           5214201601227501300409713   201.25      2      0     0.00  0.00  0.00
B19144804           5214201601227501385493850   306.60      2      0     0.00  0.00  0.00
B19144804           5214201601227501299303290    46.55      1      0     0.00  0.00  0.00
B19144804           5214201601227503006698316    92.91      1      0    16.00  0.00  0.00
B19144804           5214201601227501086310401   138.75      1      0     0.00  0.00  0.00
B19144804           5214201601227501300407283   112.50      1      0     0.00  0.00  0.00
B19144804           5214201601227501070615277   306.72      7      0     0.00  0.00  0.00
B19144804           521420160122 041388284316   110.57      7      0     0.00  0.00  0.00
B19144804           5214201601228430206280296   183.19      6      0    16.00  0.00  0.00
B19144804           5214201601227501300409669   312.50      6      0     0.00  0.00  0.00
B19144804           5214201601227501300407139   175.00      6      0     0.00  0.00  0.00
B19144804           5214201601227501070635596   196.82      5      0     0.00  0.00  0.00
B19144804           5214201601227501318608900    59.48      5      0     0.00  0.00  0.00
B19144804           5214201601227501303457513   259.48      5      0     0.00  0.00  0.00
B19144804           5214201601227501318609020    63.94      5      0     0.00  0.00  0.00
B19144804           5214201601227501385420238   137.21      5      0     0.00  0.00  0.00
B19144804           5214201601227501300408402   138.13      5      0     0.00  0.00  0.00
B19144804           5214201601227896116861566   255.75      5      0     0.00  0.00  0.00
B19144804           5214201601227501318673205   156.88      4      0     0.00  0.00  0.00
B19144804           5214201601227501385491085   156.80      4      0     0.00  0.00  0.00
B19144804           5214201601227501300408228   125.63      4      0     0.00  0.00  0.00
B19144804           5214201601227501300408136   295.00      3      0     0.00  0.00  0.00
B19144804           5214201601227501070613044    93.97      3      0     0.00  0.00  0.00
B19144804           5214201601227503006698323   152.09      3      0    16.00  0.00  0.00
B19144804           5214201601227501300408754   234.38      3      0     0.00  0.00  0.00
B19144804           5214201601227501070635664   154.69      3      0     0.00  0.00  0.00
B19144804           5214201601227501300408204   216.88      2      0     0.00  0.00  0.00
B19144804           5214201601227501300409584   183.75      2      0     0.00  0.00  0.00
B19144804           5214201601227501300409911   354.38      2      0     0.00  0.00  0.00
B19144804           5214201601227501070634810   203.08      2      0     0.00  0.00  0.00
B19144804           5214201601227501070635756   252.80      2      0     0.00  0.00  0.00
B19144804           5214201601227501318643482   515.22      2      0     0.00  0.00  0.00
B19144804           5214201601227501300408556   295.00      2      0     0.00  0.00  0.00
B19146848           5215201601227501300407122    51.88     30      0     0.00  0.00  0.00
B19146848           5215201601227501070613044    93.97      7      0     0.00  0.00  0.00
B19146848           5215201601224104480412103   158.13     20      0     0.00  0.00  0.00
B19146848           5215201601227501070612368   103.68     19      0     0.00  0.00  0.00
B19146848           5215201601227501318612655    55.76     17      0     0.00  0.00  0.00
B19146848           5215201601227501070615277   306.72     16      0     0.00  0.00  0.00
B19146848           5215201601227501318620162   200.75     15      0     0.00  0.00  0.00
B19146848           5215201601227501318608900    59.48     10      0     0.00  0.00  0.00
B19146848           5215201601227501318609020    63.94      9      0     0.00  0.00  0.00
B19146848           5215201601227703331157506   248.32      9      0     0.00  0.00  0.00
B19146848           5215201601227501070635596   196.82      8      0     0.00  0.00  0.00
B19146848           5215201601227501300408402   138.13      7      0     0.00  0.00  0.00
B19146848           5215201601227501300408136   295.00      7      0     0.00  0.00  0.00
B19146848           5215201601227501385491085   156.80      7      0     0.00  0.00  0.00
B19146848           5215201601227501070635411   138.82      7      0     0.00  0.00  0.00
B19146848           5215201601227501070635664   154.69      6      0     0.00  0.00  0.00
B19146848           521520160122 041388284316   110.57     12      0     0.00  0.00  0.00
B19146848           5215201601227501318634732    75.09      5      0     0.00  0.00  0.00
B19146848           5215201601227501318673205   156.88      4      0     0.00  0.00  0.00
B19146848           5215201601227501303457513   259.48      4      0     0.00  0.00  0.00
B19146848           5215201601227896116861566   255.75      6      0     0.00  0.00  0.00
B19146848           5215201601228430206280296   183.19      6      0    16.00  0.00  0.00
B19146848           5215201601227501385493850   306.60      4      0     0.00  0.00  0.00
B19146848           5215201601227501300408754   234.38      5      0     0.00  0.00  0.00
B19146848           5215201601227501070634810   203.08      5      0     0.00  0.00  0.00
B19146848           5215201601227501300409713   201.25      4      0     0.00  0.00  0.00
B19146848           5215201601227501300409669   312.50      4      0     0.00  0.00  0.00
B19146848           5215201601227501300409911   354.38      4      0     0.00  0.00  0.00
B19146848           5215201601227501300408204   216.88      3      0     0.00  0.00  0.00
B19146848           5215201601227501318643482   515.22      2      0     0.00  0.00  0.00
B19146848           5215201601227503006698323   152.09      2      0    16.00  0.00  0.00
B19146848           5215201601227501300408556   295.00      2      0     0.00  0.00  0.00
B19146848           5215201601227501318634756   160.59      2      0     0.00  0.00  0.00
B19146977           5223201601227501070635596   196.82      4      0     0.00  0.00  0.00
B19146977           5223201601227501300409911   354.38      4      0     0.00  0.00  0.00
B19146977           5223201601227501070634810   203.08      4      0     0.00  0.00  0.00
B19146977           5223201601227703331157506   248.32      5      0     0.00  0.00  0.00
B19146977           522320160122 041388284316   110.57      5      0     0.00  0.00  0.00
B19146977           5223201601227896116861566   255.75      5      0     0.00  0.00  0.00
B19146977           5223201601227501300409713   201.25      4      0     0.00  0.00  0.00
B19146977           5223201601227501318657304    94.43      4      0     0.00  0.00  0.00
B19146977           5223201601227501300408754   234.38      4      0     0.00  0.00  0.00
B19146977           5223201601227501385491085   156.80      3      0     0.00  0.00  0.00
B19146977           5223201601227501318649071   124.89      2      0     0.00  0.00  0.00
B19146977           5223201601227501385493850   306.60      2      0     0.00  0.00  0.00
B19146977           5223201601227501300409669   312.50      3      0     0.00  0.00  0.00
B19146977           5223201601227501303457513   259.48      3      0     0.00  0.00  0.00
B19146977           5223201601228430206280296   183.19      3      0    16.00  0.00  0.00
B19146977           5223201601227501318634732    75.09      3      0     0.00  0.00  0.00
B19146977           5223201601227501070617745    86.30      3      0     0.00  0.00  0.00
B19146977           5223201601227501070635664   154.69      3      0     0.00  0.00  0.00
B19146977           5223201601227501300408204   216.88      2      0     0.00  0.00  0.00
B19146977           5223201601227501300409584   183.75      1      0     0.00  0.00  0.00
B19146977           5223201601227501070613044    93.97      2      0     0.00  0.00  0.00
B19146977           5223201601227501300408556   295.00      2      0     0.00  0.00  0.00
B19146977           5223201601227501050610629   151.91      2      0     0.00  0.00  0.00
B19146977           5223201601227501300408136   295.00      2      0     0.00  0.00  0.00
B19146977           5223201601227501086310418   138.75      2      0     0.00  0.00  0.00
B19146977           5223201601227501070615277   306.72      8      0     0.00  0.00  0.00
B19146977           5223201601227501318608900    59.48      7      0     0.00  0.00  0.00
B19146977           5223201601227501318609020    63.94      7      0     0.00  0.00  0.00
B19146977           5223201601227501300407122    51.88     22      0     0.00  0.00  0.00
B19146977           5223201601227501318612655    55.76     17      0     0.00  0.00  0.00
B19146977           5223201601227501070612368   103.68     10      0     0.00  0.00  0.00
B19146977           5223201601224104480412103   158.13      9      0     0.00  0.00  0.00
B19146978           5224201601227703331157506   248.32      4      0     0.00  0.00  0.00
B19146978           5224201601227501300407108    43.75      4      0     0.00  0.00  0.00
B19146978           5224201601227501300409669   312.50      4      0     0.00  0.00  0.00
B19146978           5224201601224104480412103   158.13      5      0     0.00  0.00  0.00
B19146978           5224201601227501318608900    59.48      5      0     0.00  0.00  0.00
B19146978           5224201601227501318673205   156.88      4      0     0.00  0.00  0.00
B19146978           5224201601227501318609020    63.94      4      0     0.00  0.00  0.00
B19146978           5224201601227501318612655    55.76     17      0     0.00  0.00  0.00
B19146978           5224201601227501070612368   103.68      8      0     0.00  0.00  0.00
B19146978           5224201601227501300407139   175.00      3      0     0.00  0.00  0.00
B19146978           5224201601227501385491085   156.80      3      0     0.00  0.00  0.00
B19146978           5224201601227501318634732    75.09      2      0     0.00  0.00  0.00
B19146978           5224201601227501300409911   354.38      2      0     0.00  0.00  0.00
B19146978           5224201601227501303457513   259.48      2      0     0.00  0.00  0.00
B19146978           5224201601227501070635596   196.82      4      0     0.00  0.00  0.00
B19146978           522420160122 041388284316   110.57      3      0     0.00  0.00  0.00
B19146978           5224201601227501385493850   306.60      3      0     0.00  0.00  0.00
B19146978           5224201601227501300408136   295.00      3      0     0.00  0.00  0.00
B19146978           5224201601227501070615277   306.72      6      0     0.00  0.00  0.00
B19146978           5224201601227501070635664   154.69      1      0     0.00  0.00  0.00
B19146978           5224201601227501070613044    93.97      1      0     0.00  0.00  0.00
B19146978           5224201601227501385420238   137.21      1      0     0.00  0.00  0.00
B19146978           5224201601227501300408754   234.38      2      0     0.00  0.00  0.00
B19146978           5224201601227501070634810   203.08      2      0     0.00  0.00  0.00
B19146978           5224201601227501318620162   200.75      2      0     0.00  0.00  0.00
B19146978           5224201601227501300408556   295.00      2      0     0.00  0.00  0.00
B19146978           5224201601227501070635756   252.80      2      0     0.00  0.00  0.00
B19146978           5224201601227501086310418   138.75      1      0     0.00  0.00  0.00
B19146978           5224201601227501300407122    51.88      6      0     0.00  0.00  0.00
B19146978           5224201601227501086310401   138.75      1      0     0.00  0.00  0.00
B19146978           5224201601227896116861566   255.75      1      0     0.00  0.00  0.00
B19146979           5227201601227501300407122    51.88     35      0     0.00  0.00  0.00
B19146979           5227201601227501300407108    43.75     17      0     0.00  0.00  0.00
B19146979           5227201601227501318612655    55.76     17      0     0.00  0.00  0.00
B19146979           5227201601227703331157506   248.32     13      0     0.00  0.00  0.00
B19146979           5227201601227501300407139   175.00     12      0     0.00  0.00  0.00
B19146979           5227201601227501070612368   103.68     16      0     0.00  0.00  0.00
B19146979           5227201601227501070615277   306.72     11      0     0.00  0.00  0.00
B19146979           522720160122 041388284316   110.57      9      0     0.00  0.00  0.00
B19146979           5227201601227896116861566   255.75      6      0     0.00  0.00  0.00
B19146979           5227201601227501318609020    63.94      5      0     0.00  0.00  0.00
B19146979           5227201601227501385491085   156.80      5      0     0.00  0.00  0.00
B19146979           5227201601224104480412103   158.13      5      0     0.00  0.00  0.00
B19146979           5227201601227501318608900    59.48      5      0     0.00  0.00  0.00
B19146979           5227201601227501318673205   156.88      4      0     0.00  0.00  0.00
B19146979           5227201601228430206280296   183.19      4      0    16.00  0.00  0.00
B19146979           5227201601227501303457513   259.48      4      0     0.00  0.00  0.00
B19146979           5227201601227501300409911   354.38      4      0     0.00  0.00  0.00
B19146979           5227201601227501070613044    93.97      4      0     0.00  0.00  0.00
B19146979           5227201601227501318634732    75.09      3      0     0.00  0.00  0.00
B19146979           5227201601227501070635664   154.69      3      0     0.00  0.00  0.00
B19146979           5227201601227501300408754   234.38      3      0     0.00  0.00  0.00
B19146979           5227201601227501300408136   295.00      2      0     0.00  0.00  0.00
B19146979           5227201601227501070635596   196.82      3      0     0.00  0.00  0.00
B19146979           5227201601227501300409713   201.25      3      0     0.00  0.00  0.00
B19146979           522720160122     75007423   488.45      1      0     0.00  0.00  0.00
B19146979           5227201601227501299303290    46.55      1      0     0.00  0.00  0.00
B19146979           5227201601227501300408556   295.00      2      0     0.00  0.00  0.00
B19146979           5227201601227501300409669   312.50      2      0     0.00  0.00  0.00
B19146979           5227201601227501318634756   160.59      2      0     0.00  0.00  0.00
B19146979           5227201601227501070635756   252.80      2      0     0.00  0.00  0.00
B19146979           5227201601227503006698323   152.09      1      0    16.00  0.00  0.00
B19146972           5228201601227501070612368   103.68     36      0     0.00  0.00  0.00
B19146972           5228201601227501300407122    51.88     28      0     0.00  0.00  0.00
B19146972           5228201601227501318609020    63.94     23      0     0.00  0.00  0.00
B19146972           5228201601227703331157506   248.32     22      0     0.00  0.00  0.00
B19146972           5228201601227501318612655    55.76     17      0     0.00  0.00  0.00
B19146972           5228201601227501300407108    43.75     14      0     0.00  0.00  0.00
B19146972           5228201601227501070615277   306.72     12      0     0.00  0.00  0.00
B19146972           5228201601227896116861566   255.75     11      0     0.00  0.00  0.00
B19146972           522820160122 041388284316   110.57     17      0     0.00  0.00  0.00
B19146972           5228201601227501318608900    59.48     16      0     0.00  0.00  0.00
B19146972           5228201601227501300407139   175.00     10      0     0.00  0.00  0.00
B19146972           5228201601227501070635664   154.69      7      0     0.00  0.00  0.00
B19146972           5228201601227501070613044    93.97      6      0     0.00  0.00  0.00
B19146972           5228201601227501318634732    75.09      6      0     0.00  0.00  0.00
B19146972           5228201601227501070634810   203.08      5      0     0.00  0.00  0.00
B19146972           5228201601227501070635596   196.82      5      0     0.00  0.00  0.00
B19146972           5228201601227501318673205   156.88      4      0     0.00  0.00  0.00
B19146972           5228201601227501300409911   354.38      4      0     0.00  0.00  0.00
B19146972           5228201601227501385491085   156.80      4      0     0.00  0.00  0.00
B19146972           5228201601227501300409669   312.50      3      0     0.00  0.00  0.00
B19146972           5228201601227503006698323   152.09      3      0    16.00  0.00  0.00
B19146972           5228201601227501318634756   160.59      2      0     0.00  0.00  0.00
B19146972           522820160122     75007423   488.45      1      0     0.00  0.00  0.00
B19146973           5230201601227501318673205   156.88      4      0     0.00  0.00  0.00
B19146973           5230201601227503006698323   152.09      4      0    16.00  0.00  0.00
B19146973           5230201601227501299308097    49.88      1      0     0.00  0.00  0.00
B19146973           5230201601227501070634810   203.08      6      0     0.00  0.00  0.00
B19146973           5230201601227501300409911   354.38      6      0     0.00  0.00  0.00
B19146973           5230201601227501318634756   160.59      6      0     0.00  0.00  0.00
B19146973           5230201601227501300408556   295.00      6      0     0.00  0.00  0.00
B19146973           523020160122     75007423   488.45      4      0     0.00  0.00  0.00
B19146973           5230201601227501070612368   103.68     57      0     0.00  0.00  0.00
B19146973           5230201601227501300407108    43.75     39      0     0.00  0.00  0.00
B19146973           5230201601227501318608900    59.48     21      0     0.00  0.00  0.00
B19146973           523020160122 041388284316   110.57     20      0     0.00  0.00  0.00
B19146973           5230201601227501318609020    63.94     19      0     0.00  0.00  0.00
B19146973           5230201601227703331157506   248.32     30      0     0.00  0.00  0.00
B19146973           5230201601224104480412103   158.13     24      0     0.00  0.00  0.00
B19146973           5230201601227501300407139   175.00     24      0     0.00  0.00  0.00
B19146973           5230201601227501318612655    55.76     17      0     0.00  0.00  0.00
B19146973           5230201601227501318634732    75.09     14      0     0.00  0.00  0.00
B19146973           5230201601227896116861566   255.75     13      0     0.00  0.00  0.00
B19146973           5230201601227501070615277   306.72     12      0     0.00  0.00  0.00
B19146973           5230201601227501070613044    93.97     10      0     0.00  0.00  0.00
B19146973           5230201601227501070635664   154.69      8      0     0.00  0.00  0.00
B19146973           5230201601227501070635596   196.82      8      0     0.00  0.00  0.00
B19146973           5230201601227501300409669   312.50      7      0     0.00  0.00  0.00
B19146973           5230201601227501385491085   156.80      7      0     0.00  0.00  0.00
B19146974           5235201601227501318608900    59.48      4      0     0.00  0.00  0.00
B19146974           5235201601227501070613044    93.97      4      0     0.00  0.00  0.00
B19146974           5235201601227501303457513   259.48      3      0     0.00  0.00  0.00
B19146974           5235201601227501300409669   312.50      5      0     0.00  0.00  0.00
B19146974           5235201601227501318620223   171.73      5      0     0.00  0.00  0.00
B19146974           5235201601227501318609020    63.94      5      0     0.00  0.00  0.00
B19146974           5235201601227501070615277   306.72      4      0     0.00  0.00  0.00
B19146974           5235201601227501318673205   156.88      4      0     0.00  0.00  0.00
B19146974           5235201601227501300408136   295.00      2      0     0.00  0.00  0.00
B19146974           5235201601227501070635664   154.69      2      0     0.00  0.00  0.00
B19146974           5235201601227501318634732    75.09      2      0     0.00  0.00  0.00
B19146974           5235201601227501300409713   201.25      3      0     0.00  0.00  0.00
B19146974           5235201601227501070617745    86.30      3      0     0.00  0.00  0.00
B19146974           5235201601227896116861566   255.75      3      0     0.00  0.00  0.00
B19146974           5235201601227501070635596   196.82      3      0     0.00  0.00  0.00
B19146974           5235201601227501300409911   354.38      3      0     0.00  0.00  0.00
B19146974           5235201601227501385491085   156.80      2      0     0.00  0.00  0.00
B19146974           5235201601227501070635756   252.80      2      0     0.00  0.00  0.00
B19146974           5235201601227501318634756   160.59      1      0     0.00  0.00  0.00
B19146974           5235201601227501070634810   203.08      1      0     0.00  0.00  0.00
B19146974           5235201601227501300408754   234.38      1      0     0.00  0.00  0.00
B19146974           5235201601227501300408556   295.00      1      0     0.00  0.00  0.00
B19146974           5235201601227501300407108    43.75     16      0     0.00  0.00  0.00
B19146974           5235201601227501070612368   103.68     14      0     0.00  0.00  0.00
B19146974           5235201601227703331157506   248.32      9      0     0.00  0.00  0.00
B19146974           5235201601227501300407139   175.00      9      0     0.00  0.00  0.00
B19146974           5235201601224104480412103   158.13      6      0     0.00  0.00  0.00
B19146974           523520160122 041388284316   110.57      6      0     0.00  0.00  0.00
B19146974           5235201601227501318612655    55.76     17      0     0.00  0.00  0.00
B19145472           5236201601227501300407139   175.00      8      0     0.00  0.00  0.00
B19145472           5236201601227501300409911   354.38      7      0     0.00  0.00  0.00
B19145472           5236201601227501300409669   312.50      7      0     0.00  0.00  0.00
B19145472           5236201601227501070615277   306.72      7      0     0.00  0.00  0.00
B19145472           523620160122 041388284316   110.57      7      0     0.00  0.00  0.00
B19145472           5236201601227501318620162   200.75      6      0     0.00  0.00  0.00
B19145472           5236201601227501385491085   156.80      6      0     0.00  0.00  0.00
B19145472           5236201601227501300408754   234.38      6      0     0.00  0.00  0.00
B19145472           5236201601227503006698323   152.09      6      0    16.00  0.00  0.00
B19145472           5236201601227501070635596   196.82      6      0     0.00  0.00  0.00
B19145472           5236201601228430206280296   183.19      5      0    16.00  0.00  0.00
B19145472           5236201601227501070635664   154.69      5      0     0.00  0.00  0.00
B19145472           5236201601227501300409010   291.88      4      0     0.00  0.00  0.00
B19145472           5236201601227501300408136   295.00      4      0     0.00  0.00  0.00
B19145472           5236201601227703331157506   248.32      4      0     0.00  0.00  0.00
B19145472           5236201601227501070634810   203.08      4      0     0.00  0.00  0.00
B19145472           5236201601227501070613044    93.97      5      0     0.00  0.00  0.00
B19145472           5236201601227501318673205   156.88      4      0     0.00  0.00  0.00
B19145472           5236201601227501318643482   515.22      3      0     0.00  0.00  0.00
B19145472           5236201601227501303444001   141.99      3      0     0.00  0.00  0.00
B19145472           5236201601227501300408204   216.88      2      0     0.00  0.00  0.00
B19145472           5236201601227501318634732    75.09      4      0     0.00  0.00  0.00
B19145472           5236201601227501300409713   201.25      4      0     0.00  0.00  0.00
B19145472           5236201601227896116861566   255.75      3      0     0.00  0.00  0.00
B19145472           5236201601227501318634756   160.59      2      0     0.00  0.00  0.00
B19145472           5236201601227501070635756   252.80      2      0     0.00  0.00  0.00
B19145472           5236201601227501300408556   295.00      2      0     0.00  0.00  0.00
B19145472           5236201601227501299303290    46.55      2      0     0.00  0.00  0.00
B19145472           5236201601227501303457513   259.48      1      0     0.00  0.00  0.00
B19145472           5236201601227501300407122    51.88     44      0     0.00  0.00  0.00
B19145472           5236201601227501318612655    55.76     17      0     0.00  0.00  0.00
B19145472           5236201601227501318609020    63.94     11      0     0.00  0.00  0.00
B19145472           5236201601224104480412103   158.13      8      0     0.00  0.00  0.00
B19145472           5236201601227501300407108    43.75     15      0     0.00  0.00  0.00
B19145472           5236201601227501070612368   103.68     15      0     0.00  0.00  0.00
B19145472           5236201601227501318608900    59.48     14      0     0.00  0.00  0.00
B19146975           5237201601227501385491085   156.80      2      0     0.00  0.00  0.00
B19146975           5237201601227501300408136   295.00      2      0     0.00  0.00  0.00
B19146975           5237201601227501070635664   154.69      2      0     0.00  0.00  0.00
B19146975           5237201601227501070613044    93.97      4      0     0.00  0.00  0.00
B19146975           5237201601227501303457513   259.48      3      0     0.00  0.00  0.00
B19146975           5237201601227501300409713   201.25      3      0     0.00  0.00  0.00
B19146975           5237201601227896116861566   255.75      3      0     0.00  0.00  0.00
B19146975           5237201601227501070635596   196.82      3      0     0.00  0.00  0.00
B19146975           5237201601227501300409911   354.38      3      0     0.00  0.00  0.00
B19146975           5237201601227501318634732    75.09      2      0     0.00  0.00  0.00
B19146975           5237201601227501070635756   252.80      2      0     0.00  0.00  0.00
B19146975           5237201601227501318634756   160.59      1      0     0.00  0.00  0.00
B19146975           5237201601227501070634810   203.08      1      0     0.00  0.00  0.00
B19146975           5237201601227501300408754   234.38      1      0     0.00  0.00  0.00
B19146975           5237201601227501300408556   295.00      1      0     0.00  0.00  0.00
B19146975           5237201601227501300407108    43.75     16      0     0.00  0.00  0.00
B19146975           5237201601227501070612368   103.68     14      0     0.00  0.00  0.00
B19146975           5237201601227703331157506   248.32      9      0     0.00  0.00  0.00
B19146975           5237201601227501318612655    55.76     17      0     0.00  0.00  0.00
B19146975           5237201601227501300407139   175.00      9      0     0.00  0.00  0.00
B19146975           5237201601224104480412103   158.13      6      0     0.00  0.00  0.00
B19146975           523720160122 041388284316   110.57      6      0     0.00  0.00  0.00
B19146975           5237201601227501300409669   312.50      5      0     0.00  0.00  0.00
B19146975           5237201601227501070615277   306.72      4      0     0.00  0.00  0.00
B19146975           5237201601227501318673205   156.88      4      0     0.00  0.00  0.00
B19146975           5237201601227501318608900    59.48      4      0     0.00  0.00  0.00
B19146975           5237201601227501318620223   171.73      5      0     0.00  0.00  0.00
B19146975           5237201601227501318609020    63.94      5      0     0.00  0.00  0.00
B19146976           5241201601227896116861566   255.75      3      0     0.00  0.00  0.00
B19146976           5241201601227501300407139   175.00      7      0     0.00  0.00  0.00
B19146976           5241201601227501385491085   156.80      3      0     0.00  0.00  0.00
B19146976           5241201601227501300409911   354.38      3      0     0.00  0.00  0.00
B19146976           5241201601227501318673205   156.88      4      0     0.00  0.00  0.00
B19146976           5241201601227501303457513   259.48      4      0     0.00  0.00  0.00
B19146976           5241201601227501070635664   154.69      4      0     0.00  0.00  0.00
B19146976           5241201601227501070613044    93.97      4      0     0.00  0.00  0.00
B19146976           5241201601227501300408754   234.38      4      0     0.00  0.00  0.00
B19146976           5241201601227501318634756   160.59      1      0     0.00  0.00  0.00
B19146976           5241201601227501300408730   185.63      1      0     0.00  0.00  0.00
B19146976           5241201601227501318634732    75.09      3      0     0.00  0.00  0.00
B19146976           5241201601227501300409713   201.25      2      0     0.00  0.00  0.00
B19146976           5241201601227501300408556   295.00      2      0     0.00  0.00  0.00
B19146976           5241201601227501300407122    51.88     45      0     0.00  0.00  0.00
B19146976           5241201601227501318620162   200.75     10      0     0.00  0.00  0.00
B19146976           5241201601227501070612368   103.68     19      0     0.00  0.00  0.00
B19146976           5241201601227501318609020    63.94      8      0     0.00  0.00  0.00
B19146976           5241201601227501318608900    59.48      8      0     0.00  0.00  0.00
B19146976           5241201601227501318612655    55.76     17      0     0.00  0.00  0.00
B19146976           5241201601227703331157506   248.32     13      0     0.00  0.00  0.00
B19146976           5241201601227501070615277   306.72     12      0     0.00  0.00  0.00
B19146976           5241201601224104480412103   158.13     11      0     0.00  0.00  0.00
B19146976           524120160122 041388284316   110.57     11      0     0.00  0.00  0.00
B19144803           5243201601227501318634732    75.09      2      0     0.00  0.00  0.00
B19144803           5243201601227503006698323   152.09      1      0    16.00  0.00  0.00
B19144803           5243201601227501300407023    82.50      1      0     0.00  0.00  0.00
B19144803           524320160122 041388284316   110.57      8      0     0.00  0.00  0.00
B19144803           5243201601227501318609020    63.94      8      0     0.00  0.00  0.00
B19144803           5243201601227501070635664   154.69      3      0     0.00  0.00  0.00
B19144803           5243201601227703331157506   248.32     19      0     0.00  0.00  0.00
B19144803           5243201601227501318612655    55.76     17      0     0.00  0.00  0.00
B19144803           5243201601227501070612368   103.68     13      0     0.00  0.00  0.00
B19144803           5243201601228430206280296   183.19      8      0    16.00  0.00  0.00
B19144803           5243201601227501318634756   160.59      5      0     0.00  0.00  0.00
B19144803           5243201601224104480412103   158.13      8      0     0.00  0.00  0.00
B19144803           5243201601227501303457513   259.48      6      0     0.00  0.00  0.00
B19144803           5243201601227501300409911   354.38      6      0     0.00  0.00  0.00
B19144803           5243201601227501318673205   156.88      4      0     0.00  0.00  0.00
B19144803           5243201601227501303444001   141.99      4      0     0.00  0.00  0.00
B19144803           5243201601227501300409713   201.25      6      0     0.00  0.00  0.00
B19144803           5243201601227896116861566   255.75      6      0     0.00  0.00  0.00
B19144803           5243201601227501318608900    59.48      6      0     0.00  0.00  0.00
B19144803           5243201601227501300408754   234.38      4      0     0.00  0.00  0.00
B19144803           5243201601227501300408556   295.00      3      0     0.00  0.00  0.00
B19144803           5243201601227501070635756   252.80      2      0     0.00  0.00  0.00
B19144803           5243201601227501318643482   515.22      2      0     0.00  0.00  0.00
B19144803           5243201601227501300409669   312.50      3      0     0.00  0.00  0.00
B19144803           5243201601227501070615277   306.72      3      0     0.00  0.00  0.00
B19144803           5243201601227501300408136   295.00      3      0     0.00  0.00  0.00
B19144803           5243201601227501070613044    93.97      3      0     0.00  0.00  0.00
B19144803           5243201601227501385491085   156.80      3      0     0.00  0.00  0.00
