B18573169           2766201510177501165006157  1601.90      5      0     0.00  0.00  0.00
B18573279           2766201510177501250810645   290.08      4      0     0.00  4.76 18.00
B18573279           276620151017 008400000774   123.41      3      0     0.00  0.00 18.00
B18573279           276620151017 008400003263   337.21      3      0     0.00  0.00 18.00
B18573279           2766201510177501299307168   586.65      3      0     0.00  0.00 18.00
B18573279           276620151017 736085280005   317.61      3      0    16.00  0.00 18.00
B18573279           2766201510177501314701322   634.47      3      0     0.00  0.00 18.00
B18573279           2766201510177501314703173    84.60      3      0     0.00  0.00 18.00
B18573279           276620151017 736085402346   562.66      4      0     0.00  0.00 18.00
B18573279           276620151017 736085405668   365.39      4      0     0.00  0.00 18.00
B18573279           2766201510177501314704934   313.01      5      0     0.00  0.00 18.00
B18573279           2766201510177501070903688   203.90      5      0     0.00  0.00 18.00
B18573279           2766201510177501080912076   147.68      4      0    16.00  0.00 18.00
B18573279           2766201510177501088507755   951.18      4      0     0.00  0.00 18.00
B18573279           2766201510177501088619854   685.92      3      0     0.00  0.00 18.00
B18573279           2766201510177501094915650   325.88      2      0     0.00  0.00 18.00
B18573279           2766201510177501094916671   949.22      6      0     0.00  0.00 18.00
B18573279           2766201510177501094917005   499.68     13      0     0.00  0.00 18.00
B18573279           2766201510177501094917012   987.66      4      0     0.00  0.00 18.00
B18573279           2766201510177501124103248   161.92      3      0     0.00  9.09 18.00
B18573279           2766201510177501124815899  1341.11      2      0     0.00  0.00 18.00
B18573280           2766201510177501289514460   253.51      6      0     0.00  0.00 15.00
B18573281           2766201510177501092773511   283.92      4      0     0.00  0.00  0.00
B18573281           2766201510177501092792031   126.26      4      0     0.00  0.00  0.00
B18573281           2766201510177501092774839   452.71      6      0     0.00  0.00  0.00
B18573281           2766201510177501328979564   425.63      4      0     0.00  0.00  0.00
B18573281           2766201510177501328979601   949.87      8      0     0.00  0.00  0.00
B18573281           2766201510177501043166522   705.24      2      0     0.00  0.00  0.00
B18573281           2766201510177501037950526   456.95      2      0     0.00  0.00  0.00
B18573281           2766201510177501871720682   353.46      4      0     0.00  0.00  0.00
B18573281           2766201510177501871720590   719.62      4      0     0.00  0.00  0.00
B18573281           2766201510177501082212136   893.24      4      0     0.00  0.00  0.00
B18573281           2766201510177501871720774   161.92      2      0     0.00  0.00  0.00
B18573281           2766201510177501092779278   271.49      5      0     0.00  0.00  0.00
B18573281           2766201510177501871721023   276.28      4      0     0.00  0.00  0.00
B18573281           2766201510177501871720668   157.78      4      0     0.00  0.00  0.00
B18573281           2766201510177501046491874   296.32      3      0     0.00  0.00  0.00
B18573281           2766201510177501037946215   431.83      3      0     0.00  0.00  0.00
B18573281           2766201510177501165005839   580.87      2      0     0.00  0.00  0.00
B18573281           2766201510177501037946246   762.43      3      0     0.00  0.00  0.00
B18573281           2766201510177501098606608   259.00      3      0     0.00  0.00  0.00
B18573281           2766201510177501043120807   524.90      3      0     0.00 23.08  0.00
B18573281           2766201510177501092777212   384.02      4      0     0.00  0.00  0.00
B18573281           2766201510177502216930575   143.60      4      0     0.00  0.00  0.00
B18573281           2766201510177841141003436   255.61      4      0     0.00  0.00  0.00
B18573282           2766201510177501287619105   618.85      4      0     0.00  0.00 18.00
B18573282           2766201510177501287612779  1246.02      3      0     0.00 16.66 18.00
B18573282           2766201510177501326003179   409.00      8      0     0.00  0.00 18.00
B18573282           2766201510177501326004947   909.98      7      0     0.00  0.00 18.00
B18573282           2766201510177501326001151   888.34      2      0     0.00  0.00 18.00
B18573282           2766201510177501326004176   459.72      5      0     0.00  0.00 18.00
B18573282           2766201510177501072340030   163.77      4      0     0.00  9.09 18.00
B18573282           2766201510177501287624512  1019.05      5      0     0.00  0.00 18.00
B18573282           2766201510177501287624529  1260.51      6      0     0.00  0.00 18.00
B18573282           2766201510177502216931701   606.88      5      0     0.00  0.00 18.00
B18573283           276620151017 008400003263   337.21      2      0     0.00  0.00 18.00
B18573283           2766201510177501080912076   147.68      1      0    16.00  0.00 18.00
B18573283           2766201510177501258203234   697.87      6      0     0.00  0.00 18.00
B18573283           2766201510177501273500073   171.49      6      0    16.00  0.00 18.00
B18573283           2766201510177501124811426  1632.73      2      0     0.00  0.00 18.00
B18573283           2766201510177501094916671   949.22      2      0     0.00  0.00 18.00
B18573283           2766201510177501250838212   404.97      2      0     0.00  4.76 18.00
B18573284           2766201510177501318628519   178.03      4      0     0.00  0.00  5.00
B18573284           2766201510177501390910977   205.00      2      0     0.00  0.00  5.00
B18573284           2766201510177501318605794   344.74      3      0     0.00  0.00  5.00
B18573285           2766201510177501033953057   173.89      5      0     0.00  0.00  0.00
B18573285           2766201510177501328979601   949.87      1      0     0.00  0.00  0.00
B18573285           2766201510177501298205038   411.87      2      0     0.00  0.00  0.00
B18573285           2766201510177501298209067   282.18      1      0     0.00  0.00  0.00
B18573285           2766201510177501092743057   187.10      3      0     0.00  0.00  0.00
B18573285           2766201510177501871720590   719.62      2      0     0.00  0.00  0.00
B18573285           2766201510177501043166522   705.24      1      0     0.00  0.00  0.00
B18573285           2766201510177501033952869   595.71      2      0     0.00  0.00  0.00
B18573285           2766201510177501165005662    22.64      2      0     0.00  0.00  0.00
B18573285           2766201510177501046491874   296.32      2      0     0.00  0.00  0.00
B18573285           2766201510177501037980226   698.20      3      0     0.00  0.00  0.00
B18573285           2766201510177501037905588   489.91      3      0     0.00  0.00  0.00
B18573285           2766201510177502257270036   276.07      3      0     0.00  0.00  0.00
B18573285           276620151017 650240027789    50.92      2      0     0.00  0.00  0.00
B18573286           2766201510177501122961246   247.58      2      0     0.00 16.66  8.00
B18573286           2766201510177501122960317   276.17      5      0     0.00  9.09  8.00
B18573287           2766201510177501101615856   499.90      1      0     0.00  0.00 15.00
B18573288           2766201510177501326004947   909.98      3      0     0.00  0.00 18.00
B18573288           2766201510177501287619105   618.85      3      0     0.00  0.00 18.00
B18573288           2766201510177501142936286   747.33      3      0     0.00  0.00 18.00
B18573288           2766201510177501326001137   888.34      1      0     0.00  0.00 18.00
B18573288           2766201510177501326001977  1187.82      1      0     0.00  0.00 18.00
B18573288           2766201510177501072340030   163.77      1      0     0.00  9.09 18.00
B18573297           2766201510177501088504518   137.00     33      0     0.00  0.00 18.00
B18573298           2766201510177501165000230    52.82     11      0     0.00  0.00  0.00
B18573298           2766201510177501298217130   225.08      4      0     0.00  0.00  0.00
B18573334           2766201510177501082208733   429.01      5      0     0.00  0.00  0.00
B18573335           2766201510177501165002937   946.40      2      0     0.00  0.00  0.00
