B18951738           2766201512177501318661349   373.23     39      0     0.00  0.00  0.00
B18951738           2766201512177501043100311   228.91    200      0     0.00  0.00  0.00
B18951738           2766201512177501300408228   125.63    400      0     0.00  0.00  0.00
B18951738           2766201512177501008448243   161.23    100      0     0.00  0.00  0.00
B18947367          37370201512177501037905588   489.91     15      0     0.00  0.00  0.00
B18947367          37370201512177501089803177   171.72     10      0     0.00  0.00  0.00
B18947218          3737220151217 786759200631    16.62     30      0     0.00  0.00 18.00
B18947361          37372201512177501125110702    29.60     60      0     0.00  0.00 18.00
B18947362          37372201512173499320002448   635.71      6      0     0.00  0.00  8.00
B18947363          37372201512175034642032575   661.86     13      0     0.00  0.00  0.00
B18947363          3737220151217 301320065015   138.04      5      0     0.00  0.00  0.00
B18947363          37372201512175034642021753   620.96      5      0     0.00  0.00  0.00
B18947363          37372201512173393370037408   677.23      5      0     0.00  0.00  0.00
B18947363          37372201512173393370037385   634.65      5      0     0.00  0.00  0.00
B18947363          3737220151217 612197777773    42.39     15      0    16.00  0.00  0.00
B18947364          37372201512177501165001220   275.97      1      0     0.00  0.00 18.00
B18947365          3737320151217 736085905373   694.22      4      0     0.00  0.00 18.00
B18947366          37373201512177501201400710   329.33     14      0    16.00  0.00 18.00
