B18604981           5257201510227501326008402   975.88      1      0     0.00  0.00 18.00
B18604982           5257201510227501314703173    84.60     30      0     0.00  0.00 18.00
B18604982           5257201510227501299308073   192.62    200      0     0.00  0.00 18.00
B18604982           525720151022     75017255    61.33     30      0     0.00  0.00 18.00
B18604982           5257201510227501299300787   127.88     60      0     0.00  0.00 18.00
B18604982           5257201510227501299301159   107.10     40      0     0.00  0.00 18.00
B18604982           5257201510227501125126031   160.07     30      0     0.00  0.00 18.00
B18604983           5257201510227501061070078   100.03     20      0     0.00  0.00  0.00
B18604983           5257201510227501174600117    20.17     15      0     0.00  0.00  0.00
B18604983           5257201510227501050613460    36.46     20      0     0.00  0.00  0.00
B18604983           5257201510227501008465677    49.61     20      0     0.00  0.00  0.00
B18604983           5257201510227501092793052    66.07     15      0     0.00  0.00  0.00
B18604983           5257201510227501328979366   113.19     20      0     0.00  0.00  0.00
B18604983           5257201510227501125152566   101.01      3      0     0.00  0.00  0.00
B18600128          27844201510227501314705535   744.45      3      0     0.00  0.00 18.00
B18600129          27844201510223499320001878   202.44      2      0     0.00  0.00  8.00
B18600130          27844201510227501098605229  1161.00      1      0     0.00  0.00  0.00
B18600130          27844201510227501089808844   686.88      3      0     0.00  0.00  0.00
B18600130          27844201510227501098611312   254.00      2      0     0.00  0.00  0.00
B18600130          27844201510227501098611329   405.00      6      0     0.00  0.00  0.00
B18600130          27844201510227501082224214   969.30      3      0     0.00  0.00  0.00
B18600130          27844201510227501098605212   575.00      2      0     0.00  0.00  0.00
B18600131          27844201510223700039500041   390.39      3      0     0.00  0.00 18.00
B18600131          27844201510227501287613516   647.82      4      0     0.00  0.00 18.00
B18600131          27844201510223282779405553   303.45      4      0    16.00  0.00 18.00
B18600132          27844201510227501101614026   155.28      2      0     0.00  0.00 15.00
B18600132          27844201510227501289511292  1299.88      2      0     0.00  0.00 15.00
B18606608          27844201510227501326008402   975.88      3      0     0.00  0.00 18.00
B18606609          27844201510227501082212297  1129.29      2      0     0.00  0.00  0.00
B18606609          27844201510225033439034211   250.51      2      0     0.00  0.00  0.00
B18606610          27844201510227501094917036   987.66      2      0     0.00  0.00 18.00
B18606610          27844201510227501070903695   318.40      3      0     0.00  0.00 18.00
