B19165449           2766201601267501871720613    29.00   4000      0     0.00  0.00  0.00
B19165446           5257201601267501088575396    87.42     80      0     0.00  0.00 18.00
B19165446           5257201601267501125118333   343.63     40      0     0.00 14.28 18.00
B19165446           5257201601267501125124075   284.08     10      0     0.00  0.00 18.00
B19165446           5257201601267501088579707    91.63    100      0     0.00  0.00 18.00
B19165446           5257201601267501293200069   124.77     30      0     0.00  0.00 18.00
B19165446           525720160126 020800790253   134.63      5      0     0.00  0.00 18.00
B19165446           5257201601267501070903800   219.96     15      0     0.00  0.00 18.00
B19165447           5257201601267501050611657   198.78      3      0     0.00  0.00 18.00
B19165447           5257201601267501287678034   176.39      5      0     0.00  9.09 18.00
B19165448           5257201601267501318644335    47.70      3      0     0.00  0.00  0.00
B19165448           5257201601267501050613460    36.46     20      0     0.00  0.00  0.00
B19165448           5257201601267501008465677    49.61     20      0     0.00  0.00  0.00
B19165448           5257201601267501050624640    53.48     30      0     0.00  0.00  0.00
B19165448           5257201601267501098610810   240.00      2      0     0.00  0.00  0.00
B19165448           5257201601267501174600117    20.17     10      0     0.00  0.00  0.00
N2489557            537320160126 736085405422    69.71      2      0     0.00  0.00 18.00
N2489557            5373201601267501125100116    16.24      4      0     0.00  0.00 18.00
N2489557            537320160126 736085171051   184.73      2      0     0.00  0.00 18.00
N2489557            5373201601267501125104343    26.82     20      0     0.00  0.00 18.00
N2489557            5373201601267501094917012   987.66      1      0     0.00  0.00 18.00
N2489557            5373201601267501070903510   105.04      1      0     0.00  0.00 18.00
N2489557            537320160126 736085132069    47.47     14      0     0.00  0.00 18.00
N2489557            5373201601267501088505126    84.74      5      0     0.00  0.00 18.00
N2489557            5373201601267501125103582    26.82     14      0     0.00  0.00 18.00
N2489557            5373201601267590002012468    54.80      7      0     0.00  0.00 18.00
N2489557            5373201601267501250838939   492.97      3      0     0.00  4.76 18.00
N2489557            5373201601267501088505003    43.59      9      0     0.00  0.00 18.00
N2489557            5373201601267501125104183    26.82     11      0     0.00  0.00 18.00
N2489557            5373201601267501250829852   448.15      3      0     0.00  0.00 18.00
N2489557            537320160126 736085278507    45.48      6      0     0.00  0.00 18.00
N2489557            5373201601260300651431681   362.57      2      0    16.00  0.00 18.00
N2489557            5373201601267501249605900   280.45      2      0     0.00  0.00 18.00
N2489557            537320160126 020800753067    42.02      4      0     0.00  0.00 18.00
N2489557            5373201601267501088575396    87.42      5      0     0.00  0.00 18.00
N2489557            5373201601267501125104688    26.82     21      0     0.00  0.00 18.00
N2489557            5373201601267501088579752    83.30      9      0     0.00  0.00 18.00
N2489557            5373201601267503008821026   154.29      1      0    16.00  0.00 18.00
N2489557            5373201601267501094910570    97.84      7      0     0.00  0.00 18.00
N2489557            5373201601267501125109928   103.11      3      0     0.00  0.00 18.00
N2489557            5373201601267501001147563    16.01      5      0     0.00  0.00 18.00
N2489557            5373201601267501088508929    65.99      4      0     0.00  0.00 18.00
N2489557            5373201601267501124810917   112.41      5      0     0.00  0.00 18.00
N2489557            5373201601267501124103378   209.32      1      0     0.00  0.00 18.00
N2489557            5373201601267501088505157   104.08      2      0     0.00  0.00 18.00
N2489557            5373201601267501080912076   147.68      2      0    16.00  0.00 18.00
N2489557            5373201601267501168810713   482.98      1      0     0.00  0.00 18.00
N2489557            5373201601267501125104411    26.82     20      0     0.00  0.00 18.00
N2489558            5373201601267501035911369    29.47      6      0    16.00  0.00  0.00
N2489558            5373201601267501300408136   295.00      1      0     0.00  0.00  0.00
N2489558            5373201601267503006698323   152.09      3      0    16.00  0.00  0.00
N2489558            5373201601267501385493850   306.60      2      0     0.00  0.00  0.00
N2489558            5373201601267501298215099    48.88      2      0     0.00  0.00  0.00
N2489558            537320160126  37000394969    30.72      4      0    16.00  0.00  0.00
N2489558            537320160126 650240010712    49.26      5      0     0.00  0.00  0.00
N2489558            5373201601267501008453780    69.59      4      0     0.00  0.00  0.00
N2489558            5373201601267501318612655    55.76     17      0     0.00  0.00  0.00
N2489558            5373201601267501318673205   156.88      3      0     0.00  0.00  0.00
N2489558            537320160126     75010690     7.64      4      0    16.00  0.00  0.00
N2489558            5373201601267501298217703   244.99      3      0     0.00  0.00  0.00
N2489558            5373201601267501298217659   243.10      3      0     0.00  0.00  0.00
N2489558            5373201601267501298217635   163.58      3      0     0.00  0.00  0.00
N2489558            5373201601267501300407122    51.88      4      0     0.00  0.00  0.00
N2489558            5373201601267501165009523    56.02      3      0    16.00  0.00  0.00
N2489559            5373201601267501008493007   164.43      3      0     0.00  0.00  0.00
N2489559            5373201601267501008433553    33.07      5      0     0.00  0.00  0.00
N2489559            5373201601267501008433676    27.43      5      0     0.00  0.00  0.00
N2489559            5373201601267501008496152    48.00      2      0     0.00  0.00  0.00
N2489559            5373201601267501008496701    21.36      1      0     0.00  0.00  0.00
N2489559            5373201601267501009000709   168.84      2      0     0.00  0.00  0.00
N2489559            5373201601267501009000808   127.97      1      0     0.00  0.00  0.00
N2489559            5373201601267501174600117    20.17      2      0     0.00  0.00  0.00
N2489559            5373201601267501070612368   103.68     11      0     0.00  0.00  0.00
N2489559            537320160126 041388284316   110.57      4      0     0.00  0.00  0.00
N2489559            5373201601267501050610018   136.97      6      0     0.00  0.00  0.00
N2489559            5373201601267501070613044    93.97      2      0     0.00  0.00  0.00
N2489559            5373201601267501050613453    35.05      4      0     0.00  0.00  0.00
N2489559            5373201601267501098621151   249.00      2      0     0.00  0.00  0.00
N2489559            5373201601267501050617079    27.51      2      0     0.00  0.00  0.00
N2489559            5373201601267501300408556   295.00      1      0     0.00  0.00  0.00
N2489559            5373201601267501050625395    18.43      5      0     0.00  0.00  0.00
N2489559            537320160126 650240009563    14.83      1      0    16.00  0.00  0.00
N2489559            5373201601267501298234601   215.18      3      0     0.00  0.00  0.00
N2489559            5373201601267501001164003    29.01      3      0    16.00  0.00  0.00
N2489559            5373201601267501022105191     8.11     10      0    16.00  0.00  0.00
N2489559            5373201601267501089810427    97.20      2      0    16.00  0.00  0.00
N2489559            5373201601267501300409669   312.50      3      0     0.00  0.00  0.00
N2489559            537320160126 650240010538    21.52     37      0     0.00  0.00  0.00
N2489559            5373201601268430206280296   183.19      1      0    16.00  0.00  0.00
N2489559            5373201601267501092773511   283.92      2      0     0.00  0.00  0.00
N2489559            5373201601267501092793038   140.65      3      0     0.00  0.00  0.00
N2489559            5373201601267501008443033    19.29      9      0     0.00  0.00  0.00
N2489559            5373201601267501092793045   121.03      2      0     0.00  0.00  0.00
N2489559            5373201601267501385491085   156.80      1      0     0.00  0.00  0.00
N2489559            5373201601267501092793052    66.07      3      0     0.00  0.00  0.00
N2489559            5373201601267501092779278   271.49      3      0     0.00  0.00  0.00
N2489559            5373201601264005808803002    18.13      4      0    16.00  0.00  0.00
N2489559            5373201601267800005082024    39.24      1      0    16.00  0.00  0.00
N2489559            5373201601267501871720613    29.00      4      0     0.00  0.00  0.00
N2489559            5373201601267501080950139    31.58      2      0    16.00  0.00  0.00
N2489559            5373201601267501165003040    88.45      4      0     0.00  0.00  0.00
N2489559            5373201601264104480412103   158.13      3      0     0.00  0.00  0.00
N2489559            5373201601263594456400103   341.00      1      0     0.00  0.00  0.00
N2489559            5373201601267501089810021    87.48      6      0     0.00  0.00  0.00
N2489559            5373201601267501089804099   255.96      1      0     0.00  0.00  0.00
N2489559            5373201601267501089810038   129.60      2      0     0.00  0.00  0.00
N2489559            537320160126 650240003950    59.63      4      0     0.00  0.00  0.00
N2489559            5373201601267501098611305   284.00      2      0     0.00  0.00  0.00
N2489559            5373201601267501098611329   405.00      4      0     0.00  0.00  0.00
N2489559            537320160126 650240005398    64.39      5      0     0.00  0.00  0.00
N2489559            5373201601267896116861566   255.75      4      0     0.00  0.00  0.00
N2489559            5373201601267501089809452   110.16      1      0     0.00  0.00  0.00
N2489560            5373201601267501318634732    75.09      3      0     0.00  0.00  0.00
N2489560            5373201601267501318634756   160.59      2      0     0.00  0.00  0.00
N2489560            5373201601267501298281209    37.41      2      0     0.00  0.00  0.00
N2489560            5373201601267501298281308    70.04      1      0     0.00  0.00  0.00
N2489560            5373201601267501318643482   515.22      2      0     0.00  0.00  0.00
N2489560            5373201601267501318644335    47.70      2      0     0.00  0.00  0.00
N2489560            5373201601267501318608900    59.48      3      0     0.00  0.00  0.00
N2489560            5373201601267501318609020    63.94      3      0     0.00  0.00  0.00
N2489560            5373201601267501318645080    78.84      5      0     0.00  0.00  0.00
N2489560            5373201601267501298220406   186.45      2      0     0.00  0.00  0.00
N2489560            5373201601267501300408204   216.88      1      0     0.00  0.00  0.00
N2489560            5373201601267501300408402   138.13      1      0     0.00  0.00  0.00
N2489560            5373201601267501300408754   234.38      1      0     0.00  0.00  0.00
N2489560            5373201601267501318620162   200.75      3      0     0.00  0.00  0.00
N2489560            5373201601267702003469282     8.93      5      0    16.00  0.00  0.00
N2489560            5373201601267703331157506   248.32      5      0     0.00  0.00  0.00
N2489560            5373201601267501050617055    31.20      4      0     0.00  0.00  0.00
N2489560            5373201601267501070635411   138.82      1      0     0.00  0.00  0.00
N2489560            5373201601267501298221403   237.61      3      0     0.00  0.00  0.00
N2489560            5373201601267501070635596   196.82      2      0     0.00  0.00  0.00
N2489560            5373201601267501300409713   201.25      1      0     0.00  0.00  0.00
N2489560            5373201601267501300409911   354.38      1      0     0.00  0.00  0.00
N2489560            5373201601267501050612555    91.00      1      0     0.00  0.00  0.00
N2489560            5373201601267501050611121    36.90      1      0     0.00  0.00  0.00
N2489560            5373201601267501070634810   203.08      2      0     0.00  0.00  0.00
N2489560            5373201601267501095409004    38.70      4      0     0.00  0.00  0.00
N2489560            5373201601267501008409503    84.06      4      0     0.00  0.00  0.00
N2489560            5373201601267501008409541    36.52      3      0     0.00  0.00  0.00
N2489560            5373201601267501008409572    78.89      1      0     0.00  0.00  0.00
N2489560            5373201601267501095409059    38.70      4      0     0.00  0.00  0.00
N2489560            5373201601267501008427330    72.80      3      0     0.00  0.00  0.00
N2489560            5373201601267501008427347    41.12      3      0     0.00  0.00  0.00
N2489560            5373201601267501095451096    21.46     13      0     0.00  0.00  0.00
N2489560            5373201601267501095452116    28.62      6      0     0.00  0.00  0.00
N2489560            5373201601267501095452130    74.18      7      0     0.00  0.00  0.00
N2489560            5373201601267501095452505    65.61      7      0     0.00  0.00  0.00
N2489560            5373201601267501037908572   182.46      3      0     0.00  0.00  0.00
N2489560            5373201601267501037908640    87.03      3      0     0.00  0.00  0.00
N2489560            5373201601267501095476495    24.56      4      0     0.00  0.00  0.00
N2489560            5373201601267501095452147    47.70      5      0     0.00  0.00  0.00
N2489560            5373201601267501008485057    37.90      8      0     0.00  0.00  0.00
N2489560            5373201601267501034635020    82.09      2      0    16.00  0.00  0.00
N2489560            5373201601267501125116810    15.37     16      0     0.00  0.00  0.00
N2489560            5373201601267501165000193   113.45      2      0     0.00  0.00  0.00
N2489560            5373201601267501165000230    52.82      6      0     0.00  0.00  0.00
N2489560            5373201601267501034635044    89.47      3      0    16.00  0.00  0.00
N2489560            5373201601267501165000315    78.81      3      0     0.00  0.00  0.00
N2489560            5373201601267501008491966    21.36      9      0     0.00  0.00  0.00
N2489560            5373201601267501159514026   145.17      2      0     0.00  0.00  0.00
N2489561            5373201601267501033950186    53.51      1      0     0.00  0.00  8.00
N2489561            5373201601267501287630124    99.96      7      0     0.00  0.00 18.00
N2489561            5373201601267501287627957   528.73      1      0     0.00  0.00 18.00
N2489561            5373201601267501123013302   293.18      4      0     0.00 16.66 10.00
N2489561            5373201601267501289514460   266.19      1      0     0.00 14.00 15.00
N2489561            5373201601267501123013340   206.28      3      0     0.00 16.66 10.00
N2489561            5373201601267501201490797   494.46      1      0     0.00  0.00 18.00
N2489561            5373201601267501033954061    42.89      4      0    16.00 11.00  5.00
N2489561            5373201601267501033956140    44.37      4      0    16.00 11.00  5.00
N2489561            5373201601267501033954085    42.89      4      0    16.00 11.00  5.00
N2489561            5373201601267501033954740    27.92      7      0     0.00  0.00 17.00
N2489561            5373201601267501326000925   538.93      2      0     0.00  0.00 18.00
N2489561            5373201601267501033956317    44.02      3      0    16.00  0.00  5.00
N2489561            5373201601267501033956331    44.02      3      0    16.00  0.00  5.00
N2489561            5373201601267501033920103    26.13      2      0     0.00 16.66 17.00
N2489561            5373201601267501108767527    61.00      3      0     0.00  0.00 18.00
N2489561            5373201601267501033920110    26.13      2      0     0.00  0.00 17.00
N2489561            5373201601267501108767947   107.26      2      0     0.00  0.00 18.00
N2489561            5373201601267501033956775    27.92      6      0     0.00  0.00 17.00
N2489561            5373201601267501033920127    26.13      3      0     0.00  0.00 17.00
N2489561            5373201601267501289511438    57.63      2      0     0.00  0.00 15.00
N2489561            537320160126 354312225010    20.68      1      0     0.00  0.00 11.00
N2489561            537320160126 354312225027    35.52      2      0     0.00  0.00 11.00
N2489561            537320160126 354312225133    28.93      9      0     0.00  0.00 11.00
N2489561            537320160126 354312225140    17.27      8      0     0.00  0.00 11.00
N2489561            5373201601267501590211232    83.90      2      0     0.00  0.00  5.00
N2489561            5373201601267501050611671   241.97      2      0     0.00  0.00 18.00
N2489561            5373201601267501249605634    82.16      3      0     0.00  0.00  5.00
N2489562            5374201601267501088505126    84.74      5      0     0.00  0.00 18.00
N2489562            5374201601267590002012468    54.80      7      0     0.00  0.00 18.00
N2489562            5374201601267501088505003    43.59      9      0     0.00  0.00 18.00
N2489562            5374201601267501125104183    26.82     11      0     0.00  0.00 18.00
N2489562            537420160126 736085278507    45.48      6      0     0.00  0.00 18.00
N2489562            537420160126 020800753067    42.02      4      0     0.00  0.00 18.00
N2489562            5374201601267501088575396    87.42      5      0     0.00  0.00 18.00
N2489562            5374201601267501125104688    26.82     21      0     0.00  0.00 18.00
N2489562            5374201601267501088579752    83.30      9      0     0.00  0.00 18.00
N2489562            5374201601267503008821026   154.29      1      0    16.00  0.00 18.00
N2489562            5374201601267501094910570    97.84      7      0     0.00  0.00 18.00
N2489562            5374201601267501125104411    26.82     20      0     0.00  0.00 18.00
N2489562            5374201601267501125109928   103.11      3      0     0.00  0.00 18.00
N2489562            5374201601267501125100116    16.24      4      0     0.00  0.00 18.00
N2489562            5374201601267501125104343    26.82     20      0     0.00  0.00 18.00
N2489562            5374201601267501001147563    16.01      5      0     0.00  0.00 18.00
N2489562            5374201601267501088508929    65.99      4      0     0.00  0.00 18.00
N2489562            5374201601267501124810917   112.41      5      0     0.00  0.00 18.00
N2489562            5374201601267501125103582    26.82     14      0     0.00  0.00 18.00
N2489562            5374201601267501124103378   209.32      1      0     0.00  0.00 18.00
N2489562            5374201601267501088505157   104.08      2      0     0.00  0.00 18.00
N2489562            5374201601267501250838939   492.97      3      0     0.00  4.76 18.00
N2489562            5374201601267501080912076   147.68      2      0    16.00  0.00 18.00
N2489562            5374201601267501250829852   448.15      3      0     0.00  0.00 18.00
N2489562            537420160126 736085405422    69.71      2      0     0.00  0.00 18.00
N2489562            5374201601267501168810713   482.98      1      0     0.00  0.00 18.00
N2489562            5374201601260300651431681   362.57      2      0    16.00  0.00 18.00
N2489562            5374201601267501249605900   280.45      2      0     0.00  0.00 18.00
N2489562            537420160126 736085171051   184.73      2      0     0.00  0.00 18.00
N2489562            5374201601267501094917012   987.66      1      0     0.00  0.00 18.00
N2489562            5374201601267501070903510   105.04      1      0     0.00  0.00 18.00
N2489562            537420160126 736085132069    47.47     14      0     0.00  0.00 18.00
N2489563            5374201601267501318612655    55.76     17      0     0.00  0.00  0.00
N2489563            5374201601267501298217703   244.99      3      0     0.00  0.00  0.00
N2489563            5374201601267501298217659   243.10      3      0     0.00  0.00  0.00
N2489563            5374201601267501298217635   163.58      3      0     0.00  0.00  0.00
N2489563            5374201601267501318673205   156.88      3      0     0.00  0.00  0.00
N2489563            5374201601267501165009523    56.02      3      0    16.00  0.00  0.00
N2489563            5374201601267501300407122    51.88      4      0     0.00  0.00  0.00
N2489563            5374201601267501008453780    69.59      2      0     0.00  0.00  0.00
N2489563            537420160126  37000394969    30.72      4      0    16.00  0.00  0.00
N2489563            537420160126 650240010712    49.26      5      0     0.00  0.00  0.00
N2489563            5374201601267501035911369    29.47     10      0    16.00  0.00  0.00
N2489563            5374201601267501300408136   295.00      1      0     0.00  0.00  0.00
N2489563            5374201601267503006698323   152.09      3      0    16.00  0.00  0.00
N2489563            537420160126     75010690     7.64      4      0    16.00  0.00  0.00
N2489563            5374201601267501385493850   306.60      2      0     0.00  0.00  0.00
N2489563            5374201601267501298215099    48.88      2      0     0.00  0.00  0.00
N2489564            5374201601267501008493007   164.43      3      0     0.00  0.00  0.00
N2489564            5374201601267501009000808   127.97      1      0     0.00  0.00  0.00
N2489564            5374201601267501008433553    33.07      5      0     0.00  0.00  0.00
N2489564            5374201601267501008433676    27.43      5      0     0.00  0.00  0.00
N2489564            5374201601267501008496152    48.00      2      0     0.00  0.00  0.00
N2489564            5374201601267501008496701    21.36      1      0     0.00  0.00  0.00
N2489564            5374201601267501009000709   168.84      2      0     0.00  0.00  0.00
N2489564            5374201601267501092793052    66.07      3      0     0.00  0.00  0.00
N2489564            5374201601267501008443033    19.29      9      0     0.00  0.00  0.00
N2489564            5374201601267501385491085   156.80      1      0     0.00  0.00  0.00
N2489564            5374201601267501092773511   283.92      2      0     0.00  0.00  0.00
N2489564            5374201601267501092779278   271.49      3      0     0.00  0.00  0.00
N2489564            5374201601267501165003040    88.45      4      0     0.00  0.00  0.00
N2489564            5374201601267501092793038   140.65      3      0     0.00  0.00  0.00
N2489564            5374201601267501092793045   121.03      2      0     0.00  0.00  0.00
N2489564            5374201601264104480412103   158.13      3      0     0.00  0.00  0.00
N2489564            5374201601263594456400103   341.00      1      0     0.00  0.00  0.00
N2489564            5374201601267501089804099   255.96      1      0     0.00  0.00  0.00
N2489564            5374201601267896116861566   255.75      4      0     0.00  0.00  0.00
N2489564            5374201601267501089809452   110.16      1      0     0.00  0.00  0.00
N2489564            5374201601267800005082024    39.24      1      0    16.00  0.00  0.00
N2489564            5374201601267501089810021    87.48      6      0     0.00  0.00  0.00
N2489564            5374201601267501871720613    29.00      1      0     0.00  0.00  0.00
N2489564            5374201601267501080950139    31.58      2      0    16.00  0.00  0.00
N2489564            5374201601267501089810038   129.60      2      0     0.00  0.00  0.00
N2489564            537420160126 650240003950    59.63      4      0     0.00  0.00  0.00
N2489564            5374201601267501098611305   284.00      2      0     0.00  0.00  0.00
N2489564            537420160126 650240005398    64.39      5      0     0.00  0.00  0.00
N2489564            537420160126 041388284316   110.57      4      0     0.00  0.00  0.00
N2489564            5374201601267501050610018   136.97      6      0     0.00  0.00  0.00
N2489564            5374201601267501050617079    27.51      2      0     0.00  0.00  0.00
N2489564            5374201601267501174600117    20.17      2      0     0.00  0.00  0.00
N2489564            5374201601267501098611329   405.00      4      0     0.00  0.00  0.00
N2489564            5374201601267501070612368   103.68     11      0     0.00  0.00  0.00
N2489564            5374201601267501070613044    93.97      2      0     0.00  0.00  0.00
N2489564            5374201601267501050613453    35.05      4      0     0.00  0.00  0.00
N2489564            5374201601267501098621151   249.00      2      0     0.00  0.00  0.00
N2489564            5374201601267501298234601   215.18      3      0     0.00  0.00  0.00
N2489564            5374201601267501001164003    29.01      1      0    16.00  0.00  0.00
N2489564            5374201601267501022105191     8.11     10      0    16.00  0.00  0.00
N2489564            5374201601267501089810427    97.20      2      0    16.00  0.00  0.00
N2489564            5374201601267501300409669   312.50      3      0     0.00  0.00  0.00
N2489564            537420160126 650240010538    21.52     25      0     0.00  0.00  0.00
N2489564            5374201601267501300408556   295.00      1      0     0.00  0.00  0.00
N2489564            5374201601267501050625395    18.43      5      0     0.00  0.00  0.00
N2489564            537420160126 650240009563    14.83      1      0    16.00  0.00  0.00
N2489564            5374201601268430206280296   183.19      1      0    16.00  0.00  0.00
N2489565            5374201601267501033920110    26.13      2      0     0.00  0.00 17.00
N2489565            5374201601267501033920127    26.13      3      0     0.00  0.00 17.00
N2489565            5374201601267501289511438    57.63      2      0     0.00  0.00 15.00
N2489565            5374201601267501249605634    82.16      3      0     0.00  0.00  5.00
N2489565            5374201601267501287627957   528.73      1      0     0.00  0.00 18.00
N2489565            5374201601267501287630124    99.96      7      0     0.00  0.00 18.00
N2489565            5374201601267501289514460   266.19      1      0     0.00 14.00 15.00
N2489565            5374201601267501201490797   494.46      1      0     0.00  0.00 18.00
N2489565            5374201601267501033956140    44.37      4      0    16.00 11.00  5.00
N2489565            5374201601267501033954740    27.92      7      0     0.00  0.00 17.00
N2489565            537420160126 354312225140    17.27      8      0     0.00  0.00 11.00
N2489565            5374201601267501590211232    83.90      2      0     0.00  0.00  5.00
N2489565            5374201601267501050611671   241.97      2      0     0.00  0.00 18.00
N2489565            5374201601267501033950186    53.51      1      0     0.00  0.00  8.00
N2489565            5374201601267501123013302   293.18      4      0     0.00 16.66 10.00
N2489565            5374201601267501123013340   206.28      3      0     0.00 16.66 10.00
N2489565            5374201601267501033954061    42.89      4      0    16.00 11.00  5.00
N2489565            537420160126 354312225010    20.68      1      0     0.00  0.00 11.00
N2489565            537420160126 354312225027    35.52      2      0     0.00  0.00 11.00
N2489565            537420160126 354312225133    28.93      9      0     0.00  0.00 11.00
N2489565            5374201601267501033956317    44.02      3      0    16.00  0.00  5.00
N2489565            5374201601267501033956331    44.02      3      0    16.00  0.00  5.00
N2489565            5374201601267501108767527    61.00      3      0     0.00  0.00 18.00
N2489565            5374201601267501108767947   107.26      2      0     0.00  0.00 18.00
N2489565            5374201601267501033956775    27.92      6      0     0.00  0.00 17.00
N2489565            5374201601267501033954085    42.89      4      0    16.00 11.00  5.00
N2489565            5374201601267501326000925   538.93      2      0     0.00  0.00 18.00
N2489565            5374201601267501033920103    26.13      2      0     0.00 16.66 17.00
N2489566            5374201601267501318609020    63.94      4      0     0.00  0.00  0.00
N2489566            5374201601267501298220406   186.45      2      0     0.00  0.00  0.00
N2489566            5374201601267501298221403   237.61      3      0     0.00  0.00  0.00
N2489566            5374201601267501300409713   201.25      1      0     0.00  0.00  0.00
N2489566            5374201601267501300409911   354.38      1      0     0.00  0.00  0.00
N2489566            5374201601267702003469282     8.93      1      0    16.00  0.00  0.00
N2489566            5374201601267703331157506   248.32      9      0     0.00  0.00  0.00
N2489566            5374201601267501050617055    31.20      4      0     0.00  0.00  0.00
N2489566            5374201601267501050611121    36.90      1      0     0.00  0.00  0.00
N2489566            5374201601267501070634810   203.08      2      0     0.00  0.00  0.00
N2489566            5374201601267501095409004    38.70      4      0     0.00  0.00  0.00
N2489566            5374201601267501070635411   138.82      1      0     0.00  0.00  0.00
N2489566            5374201601267501070635596   196.82      2      0     0.00  0.00  0.00
N2489566            5374201601267501050612555    91.00      1      0     0.00  0.00  0.00
N2489566            5374201601267501318620162   200.75      3      0     0.00  0.00  0.00
N2489566            5374201601267501008409572    78.89      1      0     0.00  0.00  0.00
N2489566            5374201601267501008427330    72.80      6      0     0.00  0.00  0.00
N2489566            5374201601267501008427347    41.12      6      0     0.00  0.00  0.00
N2489566            5374201601267501095451096    21.46     13      0     0.00  0.00  0.00
N2489566            5374201601267501095452116    28.62      6      0     0.00  0.00  0.00
N2489566            5374201601267501095452130    74.18      7      0     0.00  0.00  0.00
N2489566            5374201601267501095409059    38.70      4      0     0.00  0.00  0.00
N2489566            5374201601267501008409503    84.06      4      0     0.00  0.00  0.00
N2489566            5374201601267501008409541    36.52      3      0     0.00  0.00  0.00
N2489566            5374201601267501095452147    47.70      5      0     0.00  0.00  0.00
N2489566            5374201601267501125116810    15.37     16      0     0.00  0.00  0.00
N2489566            5374201601267501095452505    65.61      7      0     0.00  0.00  0.00
N2489566            5374201601267501037908572   182.46      3      0     0.00  0.00  0.00
N2489566            5374201601267501037908640    87.03      3      0     0.00  0.00  0.00
N2489566            5374201601267501165000193   113.45      2      0     0.00  0.00  0.00
N2489566            5374201601267501165000230    52.82      6      0     0.00  0.00  0.00
N2489566            5374201601267501165000315    78.81      3      0     0.00  0.00  0.00
N2489566            5374201601267501095476495    24.56      4      0     0.00  0.00  0.00
N2489566            5374201601267501159514026   145.17      2      0     0.00  0.00  0.00
N2489566            5374201601267501008485057    37.90      8      0     0.00  0.00  0.00
N2489566            5374201601267501034635020    82.09      2      0    16.00  0.00  0.00
N2489566            5374201601267501034635044    89.47      3      0    16.00  0.00  0.00
N2489566            5374201601267501008491966    21.36      9      0     0.00  0.00  0.00
N2489566            5374201601267501318634732    75.09      3      0     0.00  0.00  0.00
N2489566            5374201601267501318634756   160.59      2      0     0.00  0.00  0.00
N2489566            5374201601267501298281209    37.41      2      0     0.00  0.00  0.00
N2489566            5374201601267501298281308    70.04      1      0     0.00  0.00  0.00
N2489566            5374201601267501318643482   515.22      2      0     0.00  0.00  0.00
N2489566            5374201601267501318644335    47.70      2      0     0.00  0.00  0.00
N2489566            5374201601267501318645080    78.84      5      0     0.00  0.00  0.00
N2489566            5374201601267501300408402   138.13      1      0     0.00  0.00  0.00
N2489566            5374201601267501300408754   234.38      1      0     0.00  0.00  0.00
N2489566            5374201601267501318608900    59.48      3      0     0.00  0.00  0.00
N2489566            5374201601267501300408204   216.88      1      0     0.00  0.00  0.00
N2488987            5397201601267501001147563    16.01      3      0     0.00  0.00 18.00
N2488987            5397201601267501088508929    65.99      1      0     0.00  0.00 18.00
N2488987            5397201601267501124810917   112.41      3      0     0.00  0.00 18.00
N2488987            5397201601267501125100116    16.24      5      0     0.00  0.00 18.00
N2488987            5397201601267501124103378   209.32      1      0     0.00  0.00 18.00
N2488987            5397201601267501088505157   104.08      1      0     0.00  0.00 18.00
N2488987            5397201601267501080912076   147.68      2      0    16.00  0.00 18.00
N2488987            5397201601267501168810713   482.98      1      0     0.00  0.00 18.00
N2488987            5397201601267501125104343    26.82      9      0     0.00  0.00 18.00
N2488987            539720160126 736085405422    69.71      1      0     0.00  0.00 18.00
N2488987            5397201601267501125104411    26.82     11      0     0.00  0.00 18.00
N2488987            539720160126 736085171051   184.73      1      0     0.00  0.00 18.00
N2488987            5397201601267501094917012   987.66      1      0     0.00  0.00 18.00
N2488987            539720160126 736085132069    47.47      9      0     0.00  0.00 18.00
N2488987            5397201601267501088505126    84.74      1      0     0.00  0.00 18.00
N2488987            5397201601267501070903510   105.04      1      0     0.00  0.00 18.00
N2488987            5397201601267590002012468    54.80      6      0     0.00  0.00 18.00
N2488987            5397201601267501125103582    26.82      7      0     0.00  0.00 18.00
N2488987            5397201601267501250838939   492.97      1      0     0.00  4.76 18.00
N2488987            5397201601267501125104268    26.82      2      0     0.00  0.00 18.00
N2488987            5397201601267501088505003    43.59      5      0     0.00  0.00 18.00
N2488987            5397201601267501250829852   448.15      2      0     0.00  0.00 18.00
N2488987            5397201601267501125104183    26.82      3      0     0.00  0.00 18.00
N2488987            5397201601260300651431681   362.57      1      0    16.00  0.00 18.00
N2488987            5397201601267501249605900   280.45      1      0     0.00  0.00 18.00
N2488987            539720160126 736085278507    45.48      4      0     0.00  0.00 18.00
N2488987            539720160126 020800753067    42.02      2      0     0.00  0.00 18.00
N2488987            5397201601267501088575396    87.42      1      0     0.00  0.00 18.00
N2488987            5397201601267501125104688    26.82      9      0     0.00  0.00 18.00
N2488987            5397201601267501088579752    83.30      1      0     0.00  0.00 18.00
N2488987            5397201601267503008821026   154.29      1      0    16.00  0.00 18.00
N2488987            5397201601267501094910570    97.84      5      0     0.00  0.00 18.00
N2488987            5397201601267501125109928   103.11      1      0     0.00  0.00 18.00
N2488988            5397201601267501871720613    29.00      1      0     0.00  0.00  0.00
N2488988            5397201601267501080950139    31.58      2      0    16.00  0.00  0.00
N2488988            5397201601267501089804099   255.96      1      0     0.00  0.00  0.00
N2488988            5397201601267896116861566   255.75      3      0     0.00  0.00  0.00
N2488988            5397201601267501089809452   110.16      1      0     0.00  0.00  0.00
N2488988            5397201601267501089810021    87.48      2      0     0.00  0.00  0.00
N2488988            5397201601267501089810038   129.60      1      0     0.00  0.00  0.00
N2488988            539720160126 650240003950    59.63      5      0     0.00  0.00  0.00
N2488988            5397201601267501098611305   284.00      1      0     0.00  0.00  0.00
N2488988            5397201601267501098611329   405.00      3      0     0.00  0.00  0.00
N2488988            539720160126 650240005398    64.39      3      0     0.00  0.00  0.00
N2488988            5397201601267501050617079    27.51      1      0     0.00  0.00  0.00
N2488988            539720160126 041388284316   110.57      3      0     0.00  0.00  0.00
N2488988            5397201601267501174600117    20.17      1      0     0.00  0.00  0.00
N2488988            5397201601267501050610018   136.97      3      0     0.00  0.00  0.00
N2488988            5397201601267501070612368   103.68      4      0     0.00  0.00  0.00
N2488988            5397201601267501070613044    93.97      1      0     0.00  0.00  0.00
N2488988            5397201601267501050613453    35.05      2      0     0.00  0.00  0.00
N2488988            5397201601267501098621151   249.00      2      0     0.00  0.00  0.00
N2488988            5397201601267501298234601   215.18      2      0     0.00  0.00  0.00
N2488988            5397201601267501300409669   312.50      1      0     0.00  0.00  0.00
N2488988            539720160126 650240010538    21.52     23      0     0.00  0.00  0.00
N2488988            5397201601267501300408556   295.00      1      0     0.00  0.00  0.00
N2488988            5397201601267501050625395    18.43      3      0     0.00  0.00  0.00
N2488988            5397201601267501001164003    29.01      4      0    16.00  0.00  0.00
N2488988            5397201601267501022105191     8.11      6      0    16.00  0.00  0.00
N2488988            5397201601267501089810427    97.20      2      0    16.00  0.00  0.00
N2488988            539720160126 650240009563    14.83      1      0    16.00  0.00  0.00
N2488988            5397201601268430206280296   183.19      1      0    16.00  0.00  0.00
N2488988            5397201601267501008493007   164.43      1      0     0.00  0.00  0.00
N2488988            5397201601267501008496152    48.00      1      0     0.00  0.00  0.00
N2488988            5397201601267501008496701    21.36      1      0     0.00  0.00  0.00
N2488988            5397201601267501009000709   168.84      2      0     0.00  0.00  0.00
N2488988            5397201601267501009000808   127.97      2      0     0.00  0.00  0.00
N2488988            5397201601267501008433553    33.07      2      0     0.00  0.00  0.00
N2488988            5397201601267501008433676    27.43      3      0     0.00  0.00  0.00
N2488988            5397201601267501008443033    19.29      4      0     0.00  0.00  0.00
N2488988            5397201601267501385491085   156.80      1      0     0.00  0.00  0.00
N2488988            5397201601267501092773511   283.92      1      0     0.00  0.00  0.00
N2488988            5397201601267501092793038   140.65      2      0     0.00  0.00  0.00
N2488988            5397201601267501092793045   121.03      2      0     0.00  0.00  0.00
N2488988            5397201601267501092793052    66.07      5      0     0.00  0.00  0.00
N2488988            5397201601267501092779278   271.49      1      0     0.00  0.00  0.00
N2488988            5397201601264005808803002    18.13      4      0    16.00  0.00  0.00
N2488988            5397201601267501165003040    88.45      4      0     0.00  0.00  0.00
N2488988            5397201601264104480412103   158.13      1      0     0.00  0.00  0.00
N2488988            5397201601263594456400103   341.00      1      0     0.00  0.00  0.00
N2488988            5397201601267800005082024    39.24      1      0    16.00  0.00  0.00
N2488989            5397201601267501033954085    42.89      3      0    16.00 11.00  5.00
N2488989            5397201601267501033920103    26.13      2      0     0.00 16.66 17.00
N2488989            5397201601267501326000925   538.93      1      0     0.00  0.00 18.00
N2488989            5397201601267501033920127    26.13      2      0     0.00  0.00 17.00
N2488989            5397201601267501033920110    26.13      1      0     0.00  0.00 17.00
N2488989            5397201601267501289511438    57.63      2      0     0.00  0.00 15.00
N2488989            5397201601267501249605634    82.16      2      0     0.00  0.00  5.00
N2488989            5397201601267501287627957   528.73      2      0     0.00  0.00 18.00
N2488989            539720160126 354312225010    20.68      1      0     0.00  0.00 11.00
N2488989            5397201601267501287630124    99.96      4      0     0.00  0.00 18.00
N2488989            5397201601267501289514460   266.19      1      0     0.00 14.00 15.00
N2488989            539720160126 354312225027    35.52      1      0     0.00  0.00 11.00
N2488989            539720160126 354312225133    28.93      4      0     0.00  0.00 11.00
N2488989            5397201601267501201490797   494.46      1      0     0.00  0.00 18.00
N2488989            539720160126 354312225140    17.27      4      0     0.00  0.00 11.00
N2488989            5397201601267501033956140    44.37      3      0    16.00 11.00  5.00
N2488989            5397201601267501590211232    83.90      3      0     0.00  0.00  5.00
N2488989            5397201601267501050611671   241.97      2      0     0.00  0.00 18.00
N2488989            5397201601267501033954740    27.92      2      0     0.00  0.00 17.00
N2488989            5397201601267501033950186    53.51      1      0     0.00  0.00  8.00
N2488989            5397201601267501033956317    44.02      2      0    16.00  0.00  5.00
N2488989            5397201601267501033956331    44.02      3      0    16.00  0.00  5.00
N2488989            5397201601267501123013302   293.18      1      0     0.00 16.66 10.00
N2488989            5397201601267501108767527    61.00      2      0     0.00  0.00 18.00
N2488989            5397201601267501123013340   206.28      2      0     0.00 16.66 10.00
N2488989            5397201601267501108767947   107.26      2      0     0.00  0.00 18.00
N2488989            5397201601267501033956775    27.92      2      0     0.00  0.00 17.00
N2488989            5397201601267501033954061    42.89      2      0    16.00 11.00  5.00
N2488990            5397201601267501385493850   306.60      1      0     0.00  0.00  0.00
N2488990            5397201601267501298215099    48.88      1      0     0.00  0.00  0.00
N2488990            539720160126 650240010712    49.26      2      0     0.00  0.00  0.00
N2488990            5397201601267501035911369    29.47      3      0    16.00  0.00  0.00
N2488990            5397201601267501300408136   295.00      1      0     0.00  0.00  0.00
N2488990            5397201601267503006698323   152.09      2      0    16.00  0.00  0.00
N2488990            539720160126  37000394969    30.72      2      0    16.00  0.00  0.00
N2488990            5397201601267501300407122    51.88      5      0     0.00  0.00  0.00
N2488990            5397201601267501008453780    69.59      3      0     0.00  0.00  0.00
N2488990            5397201601267501165008120    19.79      1      0    16.00  0.00  0.00
N2488990            5397201601267501303457513   259.48      1      0     0.00  0.00  0.00
N2488990            539720160126     75010690     7.64      4      0    16.00  0.00  0.00
N2488990            5397201601267501298217703   244.99      2      0     0.00  0.00  0.00
N2488990            5397201601267501298217659   243.10      2      0     0.00  0.00  0.00
N2488990            5397201601267501298217635   163.58      1      0     0.00  0.00  0.00
N2488990            5397201601267501318612655    55.76     15      0     0.00  0.00  0.00
N2488990            5397201601267501318673205   156.88      3      0     0.00  0.00  0.00
N2488990            5397201601267501165009523    56.02      3      0    16.00  0.00  0.00
N2488991            5397201601267501050612555    91.00      1      0     0.00  0.00  0.00
N2488991            5397201601267501050611121    36.90      1      0     0.00  0.00  0.00
N2488991            5397201601267702003469282     8.93      1      0    16.00  0.00  0.00
N2488991            5397201601267703331157506   248.32      3      0     0.00  0.00  0.00
N2488991            5397201601267501050617055    31.20      4      0     0.00  0.00  0.00
N2488991            5397201601267501070635411   138.82      1      0     0.00  0.00  0.00
N2488991            5397201601267501070635596   196.82      1      0     0.00  0.00  0.00
N2488991            5397201601267501070634810   203.08      3      0     0.00  0.00  0.00
N2488991            5397201601267501008409503    84.06      3      0     0.00  0.00  0.00
N2488991            5397201601267501095409004    38.70      2      0     0.00  0.00  0.00
N2488991            5397201601267501095409059    38.70      2      0     0.00  0.00  0.00
N2488991            5397201601267501008409541    36.52      2      0     0.00  0.00  0.00
N2488991            5397201601267501008409572    78.89      2      0     0.00  0.00  0.00
N2488991            5397201601267501008427330    72.80      6      0     0.00  0.00  0.00
N2488991            5397201601267501008427347    41.12      5      0     0.00  0.00  0.00
N2488991            5397201601267501095451096    21.46      7      0     0.00  0.00  0.00
N2488991            5397201601267501095452116    28.62      6      0     0.00  0.00  0.00
N2488991            5397201601267501095452130    74.18      7      0     0.00  0.00  0.00
N2488991            5397201601267501125116810    15.37      6      0     0.00  0.00  0.00
N2488991            5397201601267501165000193   113.45      1      0     0.00  0.00  0.00
N2488991            5397201601267501095452147    47.70      7      0     0.00  0.00  0.00
N2488991            5397201601267501095452505    65.61      8      0     0.00  0.00  0.00
N2488991            5397201601267501037908572   182.46      2      0     0.00  0.00  0.00
N2488991            5397201601267501037908640    87.03      2      0     0.00  0.00  0.00
N2488991            5397201601267501095476495    24.56      2      0     0.00  0.00  0.00
N2488991            5397201601267501034635044    89.47      3      0    16.00  0.00  0.00
N2488991            5397201601267501165000230    52.82      4      0     0.00  0.00  0.00
N2488991            5397201601267501008491966    21.36      6      0     0.00  0.00  0.00
N2488991            5397201601267501165000315    78.81      5      0     0.00  0.00  0.00
N2488991            5397201601267501159514026   145.17      1      0     0.00  0.00  0.00
N2488991            5397201601267501008485057    37.90      4      0     0.00  0.00  0.00
N2488991            5397201601267501034635020    82.09      1      0    16.00  0.00  0.00
N2488991            5397201601267501318634732    75.09      2      0     0.00  0.00  0.00
N2488991            5397201601267501318645080    78.84      3      0     0.00  0.00  0.00
N2488991            5397201601267501318634756   160.59      2      0     0.00  0.00  0.00
N2488991            5397201601267501298281209    37.41      2      0     0.00  0.00  0.00
N2488991            5397201601267501298281308    70.04      1      0     0.00  0.00  0.00
N2488991            5397201601267501318643482   515.22      3      0     0.00  0.00  0.00
N2488991            5397201601267501318644335    47.70      1      0     0.00  0.00  0.00
N2488991            5397201601267501300408204   216.88      1      0     0.00  0.00  0.00
N2488991            5397201601267501300408402   138.13      1      0     0.00  0.00  0.00
N2488991            5397201601267501300409713   201.25      1      0     0.00  0.00  0.00
N2488991            5397201601267501300408754   234.38      1      0     0.00  0.00  0.00
N2488991            5397201601267501318608900    59.48      7      0     0.00  0.00  0.00
N2488991            5397201601267501318609020    63.94      8      0     0.00  0.00  0.00
N2488991            5397201601267501298220406   186.45      2      0     0.00  0.00  0.00
N2488991            5397201601267501300409911   354.38      1      0     0.00  0.00  0.00
N2488991            5397201601267501298221403   237.61      3      0     0.00  0.00  0.00
N2488991            5397201601267501318620162   200.75      2      0     0.00  0.00  0.00
D11116675           5431201601267501125103582    26.82      6      0     0.00  0.00 18.00
D11116675           5431201601267501250838939   492.97      2      0     0.00  4.76 18.00
D11116675           5431201601267501250829852   448.15      2      0     0.00  0.00 18.00
D11116675           5431201601267501124103217   143.15      2      0     0.00  0.00 18.00
D11116675           5431201601260300651431681   362.57      2      0    16.00  0.00 18.00
D11116675           5431201601267501249605900   280.45      1      0     0.00  0.00 18.00
D11116675           543120160126 736085132069    47.47     10      0     0.00  0.00 18.00
D11116675           5431201601267501088505126    84.74      7      0     0.00  0.00 18.00
D11116675           5431201601267590002012468    54.80     24      0     0.00  0.00 18.00
D11116675           5431201601267501125104268    26.82     13      0     0.00  0.00 18.00
D11116675           5431201601267501088505003    43.59     15      0     0.00  0.00 18.00
D11116675           5431201601267501125104183    26.82      5      0     0.00  0.00 18.00
D11116675           543120160126 736085278507    45.48     12      0     0.00  0.00 18.00
D11116675           5431201601267501125104343    26.82     12      0     0.00  0.00 18.00
D11116675           5431201601267501088575396    87.42      4      0     0.00  0.00 18.00
D11116675           543120160126 020800753067    42.02      8      0     0.00  0.00 18.00
D11116675           5431201601267501125104411    26.82     26      0     0.00  0.00 18.00
D11116675           5431201601267501088509773    95.42     13      0     0.00  0.00 18.00
D11116675           5431201601267501088579752    83.30      6      0     0.00  0.00 18.00
D11116675           5431201601267503008821026   154.29      3      0    16.00  0.00 18.00
D11116675           5431201601267501094910570    97.84      8      0     0.00  0.00 18.00
D11116675           5431201601267501125109928   103.11      5      0     0.00  0.00 18.00
D11116675           5431201601267501070903695   318.40      4      0     0.00  0.00 18.00
D11116675           5431201601267501001147563    16.01      4      0     0.00  0.00 18.00
D11116675           5431201601267501088508929    65.99      4      0     0.00  0.00 18.00
D11116675           5431201601267501124810917   112.41      5      0     0.00  0.00 18.00
D11116675           5431201601267501125100116    16.24      4      0     0.00  0.00 18.00
D11116675           5431201601267501124103378   209.32      2      0     0.00  0.00 18.00
D11116675           5431201601267501088505157   104.08      2      0     0.00  0.00 18.00
D11116675           5431201601267501080912076   147.68      3      0    16.00  0.00 18.00
D11116675           5431201601267501168810713   482.98      2      0     0.00  0.00 18.00
D11116675           543120160126 736085405422    69.71      3      0     0.00  0.00 18.00
D11116675           5431201601267501070903350   143.73      3      0     0.00  0.00 18.00
D11116675           543120160126 736085171051   184.73      3      0     0.00  0.00 18.00
D11116675           5431201601267501094917012   987.66      2      0     0.00  0.00 18.00
D11116675           5431201601267501070903510   105.04      2      0     0.00  0.00 18.00
D11116676           5431201601267501249605634    82.16     14      0     0.00  0.00  5.00
D11116676           5431201601267501033956140    44.37      3      0    16.00 11.00  5.00
D11116676           5431201601267501033956317    44.02      3      0    16.00  0.00  5.00
D11116676           5431201601267501033956331    44.02      2      0    16.00  0.00  5.00
D11116676           5431201601267501033956294    44.02      4      0    16.00  0.00  5.00
D11116676           5431201601267506205802690   228.00      2      0     0.00  0.00  5.00
D11116676           5431201601267501590211232    83.90      1      0     0.00  0.00  5.00
D11116676           5431201601267501033954061    42.89      3      0    16.00 11.00  5.00
D11116676           5431201601267501033954085    42.89      4      0    16.00 11.00  5.00
D11116676           5431201601267501033954115    45.15      2      0    16.00  0.00  5.00
D11116677           5431201601267501123013302   293.18      2      0     0.00 16.66 10.00
D11116677           5431201601267501123013340   206.28      2      0     0.00 16.66 10.00
D11116678           543120160126 354312225140    17.27     17      0     0.00  0.00 11.00
D11116678           543120160126 354312225010    20.68      6      0     0.00  0.00 11.00
D11116678           543120160126 354312225027    35.52      6      0     0.00  0.00 11.00
D11116678           543120160126 354312225133    28.93     13      0     0.00  0.00 11.00
D11116679           5431201601267501300407122    51.88      6      0     0.00  0.00  0.00
D11116679           5431201601267501008453780    69.59      3      0     0.00  0.00  0.00
D11116679           5431201601267501165009486    56.02      3      0    16.00  0.00  0.00
D11116679           5431201601267501165008120    19.79      2      0    16.00  0.00  0.00
D11116679           5431201601267501318612655    55.76     22      0     0.00  0.00  0.00
D11116679           5431201601267702018913640    34.70      1      0    16.00  0.00  0.00
D11116679           5431201601267501165009523    56.02      3      0    16.00  0.00  0.00
D11116679           5431201601267509546000985    11.04     10      0    16.00  0.00  0.00
D11116679           5431201601267501385493850   306.60      2      0     0.00  0.00  0.00
D11116679           5431201601267501298215099    48.88      5      0     0.00  0.00  0.00
D11116679           543120160126  37000394969    30.72      3      0    16.00  0.00  0.00
D11116679           543120160126 650240010712    49.26      8      0     0.00  0.00  0.00
D11116679           5431201601267501035911369    29.47     10      0    16.00  0.00  0.00
D11116679           543120160126 650240009563    14.83      4      0    16.00  0.00  0.00
D11116679           5431201601268430206280296   183.19      2      0    16.00  0.00  0.00
D11116679           5431201601267501300408136   295.00      2      0     0.00  0.00  0.00
D11116679           5431201601267503006698323   152.09      2      0    16.00  0.00  0.00
D11116679           5431201601267501303457513   259.48      3      0     0.00  0.00  0.00
D11116679           543120160126 650240013805    46.49     13      0     0.00  0.00  0.00
D11116679           5431201601267501298217703   244.99      2      0     0.00  0.00  0.00
D11116679           5431201601267501298217659   243.10      2      0     0.00  0.00  0.00
D11116679           5431201601267501298217635   163.58      4      0     0.00  0.00  0.00
D11116679           5431201601267501050630023    53.33      2      0     0.00  0.00  0.00
D11116679           543120160126     75010690     7.64      8      0    16.00  0.00  0.00
D11116680           5431201601267501289511438    57.63      3      0     0.00  0.00 15.00
D11116680           5431201601267501289514460   266.19      1      0     0.00 14.00 15.00
D11116681           5431201601267501318634756   160.59      2      0     0.00  0.00  0.00
D11116681           5431201601267501298281209    37.41     19      0     0.00  0.00  0.00
D11116681           5431201601267501298281308    70.04      3      0     0.00  0.00  0.00
D11116681           5431201601267501318643482   515.22      1      0     0.00  0.00  0.00
D11116681           5431201601267501318644335    47.70      3      0     0.00  0.00  0.00
D11116681           5431201601267501318645080    78.84      6      0     0.00  0.00  0.00
D11116681           5431201601267501318634732    75.09      3      0     0.00  0.00  0.00
D11116681           5431201601267501298220406   186.45      3      0     0.00  0.00  0.00
D11116681           5431201601267501298221403   237.61      6      0     0.00  0.00  0.00
D11116681           5431201601267501300409713   201.25      3      0     0.00  0.00  0.00
D11116681           5431201601267501300409911   354.38      2      0     0.00  0.00  0.00
D11116681           5431201601267501300408204   216.88      2      0     0.00  0.00  0.00
D11116681           5431201601267501300408402   138.13      2      0     0.00  0.00  0.00
D11116681           5431201601267501300408754   234.38      5      0     0.00  0.00  0.00
D11116681           5431201601267501318608900    59.48      5      0     0.00  0.00  0.00
D11116681           5431201601267501318609020    63.94      6      0     0.00  0.00  0.00
D11116681           5431201601267501070635411   138.82      1      0     0.00  0.00  0.00
D11116681           5431201601267501070635596   196.82      3      0     0.00  0.00  0.00
D11116681           5431201601267501070635664   154.69      4      0     0.00  0.00  0.00
D11116681           5431201601267501050612555    91.00      2      0     0.00  0.00  0.00
D11116681           5431201601267501318620162   200.75      2      0     0.00  0.00  0.00
D11116681           5431201601267702003469282     8.93      5      0    16.00  0.00  0.00
D11116681           5431201601267501050617055    31.20      4      0     0.00  0.00  0.00
D11116681           5431201601267501070615277   306.72      5      0     0.00  0.00  0.00
D11116681           5431201601267501050611121    36.90      2      0     0.00  0.00  0.00
D11116681           5431201601267501008409503    84.06      5      0     0.00  0.00  0.00
D11116681           5431201601267501008409541    36.52      3      0     0.00  0.00  0.00
D11116681           5431201601267501008409572    78.89      3      0     0.00  0.00  0.00
D11116681           5431201601267501008427330    72.80      5      0     0.00  0.00  0.00
D11116681           5431201601267501008427347    41.12      7      0     0.00  0.00  0.00
D11116681           5431201601267501050613460    36.46      7      0     0.00  0.00  0.00
D11116681           5431201601267501070634810   203.08      2      0     0.00  0.00  0.00
D11116681           5431201601267501095409004    38.70      3      0     0.00  0.00  0.00
D11116681           5431201601267501095409059    38.70      5      0     0.00  0.00  0.00
D11116681           5431201601267501095452505    65.61      5      0     0.00  0.00  0.00
D11116681           5431201601267501037908572   182.46      4      0     0.00  0.00  0.00
D11116681           5431201601267501037908640    87.03      2      0     0.00  0.00  0.00
D11116681           5431201601267501095476495    24.56      4      0     0.00  0.00  0.00
D11116681           5431201601267501125116810    15.37     16      0     0.00  0.00  0.00
D11116681           5431201601267501095451096    21.46     32      0     0.00  0.00  0.00
D11116681           5431201601267501095452116    28.62     10      0     0.00  0.00  0.00
D11116681           5431201601267501095452130    74.18      4      0     0.00  0.00  0.00
D11116681           5431201601267501095452147    47.70      7      0     0.00  0.00  0.00
D11116681           5431201601267501034635044    89.47      4      0    16.00  0.00  0.00
D11116681           5431201601267501165000193   113.45      3      0     0.00  0.00  0.00
D11116681           5431201601267501165000230    52.82      8      0     0.00  0.00  0.00
D11116681           5431201601267501165000315    78.81      6      0     0.00  0.00  0.00
D11116681           5431201601267501159514026   145.17      2      0     0.00  0.00  0.00
D11116681           5431201601267501008485057    37.90      8      0     0.00  0.00  0.00
D11116681           5431201601267501034635020    82.09      2      0    16.00  0.00  0.00
D11116682           5431201601267501033920103    26.13      2      0     0.00 16.66 17.00
D11116682           5431201601267501033920110    26.13      1      0     0.00  0.00 17.00
D11116682           5431201601267501033920127    26.13      2      0     0.00  0.00 17.00
D11116682           5431201601267501033954740    27.92      3      0     0.00  0.00 17.00
D11116682           5431201601267501033956775    27.92      4      0     0.00  0.00 17.00
D11116683           5431201601267501326000925   538.93      2      0     0.00  0.00 18.00
D11116683           5431201601267501287627957   528.73      2      0     0.00  0.00 18.00
D11116683           5431201601267501287630124    99.96      5      0     0.00  0.00 18.00
D11116683           5431201601267501201490797   494.46      2      0     0.00  0.00 18.00
D11116683           5431201601267501108767527    61.00      3      0     0.00  0.00 18.00
D11116683           5431201601267501108767947   107.26      2      0     0.00  0.00 18.00
D11116683           5431201601267501050611671   241.97      3      0     0.00  0.00 18.00
D11116684           5431201601267501033950186    53.51      1      0     0.00  0.00  8.00
D11116685           5431201601264104480412103   158.13      6      0     0.00  0.00  0.00
D11116685           5431201601263594456400103   341.00      1      0     0.00  0.00  0.00
D11116685           5431201601267800005082024    39.24      2      0    16.00  0.00  0.00
D11116685           5431201601267896116861566   255.75      2      0     0.00  0.00  0.00
D11116685           5431201601267501089809452   110.16      1      0     0.00  0.00  0.00
D11116685           5431201601267501089810021    87.48      6      0     0.00  0.00  0.00
D11116685           5431201601267501871720613    29.00     14      0     0.00  0.00  0.00
D11116685           5431201601267501080950139    31.58      4      0    16.00  0.00  0.00
D11116685           5431201601267501089804099   255.96      3      0     0.00  0.00  0.00
D11116685           543120160126 041388284316   110.57      5      0     0.00  0.00  0.00
D11116685           5431201601267501050610018   136.97      4      0     0.00  0.00  0.00
D11116685           5431201601267501070613440    96.61      2      0     0.00 28.57  0.00
D11116685           5431201601267501089810038   129.60      4      0     0.00  0.00  0.00
D11116685           543120160126     75000950     8.07     10      0    16.00  0.00  0.00
D11116685           543120160126 650240003950    59.63      8      0     0.00  0.00  0.00
D11116685           5431201601267501098611305   284.00      2      0     0.00  0.00  0.00
D11116685           5431201601267501098611329   405.00      3      0     0.00  0.00  0.00
D11116685           543120160126 650240005398    64.39      9      0     0.00  0.00  0.00
D11116685           5431201601267501050613453    35.05      5      0     0.00  0.00  0.00
D11116685           5431201601267501098621151   249.00      2      0     0.00  0.00  0.00
D11116685           5431201601267501298234601   215.18      2      0     0.00  0.00  0.00
D11116685           5431201601267501001164003    29.01      4      0    16.00  0.00  0.00
D11116685           5431201601267501050617079    27.51      3      0     0.00  0.00  0.00
D11116685           5431201601267501174600117    20.17      2      0     0.00  0.00  0.00
D11116685           5431201601267501070612368   103.68      7      0     0.00  0.00  0.00
D11116685           5431201601267501070613044    93.97      4      0     0.00  0.00  0.00
D11116685           543120160126 650240010538    21.52     30      0     0.00  0.00  0.00
D11116685           5431201601267501300408556   295.00      2      0     0.00  0.00  0.00
D11116685           5431201601267501050625395    18.43      5      0     0.00  0.00  0.00
D11116685           5431201601267501022105191     8.11     14      0    16.00  0.00  0.00
D11116685           5431201601267501089810427    97.20      3      0    16.00  0.00  0.00
D11116685           5431201601267501300409669   312.50      2      0     0.00  0.00  0.00
D11116685           5431201601267501008433553    33.07      5      0     0.00  0.00  0.00
D11116685           5431201601267501008433676    27.43      6      0     0.00  0.00  0.00
D11116685           5431201601267501008491966    21.36     11      0     0.00  0.00  0.00
D11116685           5431201601267501008493007   164.43      3      0     0.00  0.00  0.00
D11116685           5431201601267501008496152    48.00      2      0     0.00  0.00  0.00
D11116685           5431201601267501008496701    21.36      6      0     0.00  0.00  0.00
D11116685           5431201601267501009000709   168.84      3      0     0.00  0.00  0.00
D11116685           5431201601267501009000808   127.97      2      0     0.00  0.00  0.00
D11116685           5431201601267501384504380   150.36      1      0     0.00  0.00  0.00
D11116685           5431201601267501092779278   271.49      3      0     0.00  0.00  0.00
D11116685           5431201601264005808803002    18.13      4      0    16.00  0.00  0.00
D11116685           5431201601267501008443033    19.29     18      0     0.00  0.00  0.00
D11116685           5431201601267501385491085   156.80      5      0     0.00  0.00  0.00
D11116685           5431201601267501092773511   283.92      2      0     0.00  0.00  0.00
D11116685           5431201601267501092793038   140.65      2      0     0.00  0.00  0.00
D11116685           5431201601267501092793045   121.03      2      0     0.00  0.00  0.00
D11116685           5431201601267501092793052    66.07      2      0     0.00  0.00  0.00
D11116685           5431201601267501165003040    88.45      2      0     0.00  0.00  0.00
M2211141            5447201601267501033956775    27.92      2      0     0.00  0.00 17.00
M2211141            5447201601267506205802690   228.00      1      0     0.00  0.00  5.00
M2211141            5447201601267501249605634    82.16      3      0     0.00  0.00  5.00
M2211141            5447201601267501287627957   528.73      2      0     0.00  0.00 18.00
M2211141            5447201601267501287630124    99.96     10      0     0.00  0.00 18.00
M2211141            5447201601267501033956140    44.37      2      0    16.00 11.00  5.00
M2211141            5447201601267501289514460   266.19      1      0     0.00 14.00 15.00
M2211141            544720160126 354312225010    20.68      2      0     0.00  0.00 11.00
M2211141            5447201601267501201490797   494.46      1      0     0.00  0.00 18.00
M2211141            5447201601267501123013340   206.28      2      0     0.00 16.66 10.00
M2211141            5447201601267501108767527    61.00      2      0     0.00  0.00 18.00
M2211141            5447201601267501108767947   107.26      2      0     0.00  0.00 18.00
M2211141            5447201601267501033954061    42.89      2      0    16.00 11.00  5.00
M2211141            5447201601267501033954085    42.89      3      0    16.00 11.00  5.00
M2211141            5447201601267501033954115    45.15      1      0    16.00  0.00  5.00
M2211141            5447201601267501326000925   538.93      2      0     0.00  0.00 18.00
M2211141            5447201601267501033920103    26.13      4      0     0.00 16.66 17.00
M2211141            5447201601267501033920110    26.13      3      0     0.00  0.00 17.00
M2211141            5447201601267501033920127    26.13      9      0     0.00  0.00 17.00
M2211141            5447201601267501289511438    57.63      1      0     0.00  0.00 15.00
M2211141            544720160126 354312225027    35.52      6      0     0.00  0.00 11.00
M2211141            544720160126 354312225133    28.93     19      0     0.00  0.00 11.00
M2211141            5447201601267501033954740    27.92      3      0     0.00  0.00 17.00
M2211141            5447201601267501033956317    44.02      2      0    16.00  0.00  5.00
M2211141            544720160126 354312225140    17.27      8      0     0.00  0.00 11.00
M2211141            5447201601267501033956294    44.02      1      0    16.00  0.00  5.00
M2211141            5447201601267501590211232    83.90      4      0     0.00  0.00  5.00
M2211141            5447201601267501050611671   241.97      8      0     0.00  0.00 18.00
M2211141            5447201601267501123013302   293.18      6      0     0.00 16.66 10.00
M2211142            5447201601267501300409669   312.50      2      0     0.00  0.00  0.00
M2211142            5447201601267501318634732    75.09      2      0     0.00  0.00  0.00
M2211142            5447201601267501318634756   160.59      3      0     0.00  0.00  0.00
M2211142            5447201601267501318643482   515.22      3      0     0.00  0.00  0.00
M2211142            5447201601267501318644335    47.70      1      0     0.00  0.00  0.00
M2211142            5447201601267501318645080    78.84      1      0     0.00  0.00  0.00
M2211142            5447201601267501298281209    37.41      8      0     0.00  0.00  0.00
M2211142            5447201601267501298281308    70.04      5      0     0.00  0.00  0.00
M2211142            5447201601267501300408204   216.88      2      0     0.00  0.00  0.00
M2211142            5447201601267501300408402   138.13      7      0     0.00  0.00  0.00
M2211142            5447201601267501300408754   234.38      1      0     0.00  0.00  0.00
M2211142            5447201601267501298221403   237.61      5      0     0.00  0.00  0.00
M2211142            5447201601267501300409713   201.25      4      0     0.00  0.00  0.00
M2211142            5447201601267501300409911   354.38      6      0     0.00  0.00  0.00
M2211142            5447201601267501318608900    59.48      2      0     0.00  0.00  0.00
M2211142            5447201601267501318609020    63.94      3      0     0.00  0.00  0.00
M2211142            5447201601267501298220406   186.45      3      0     0.00  0.00  0.00
M2211142            5447201601267501318620162   200.75      5      0     0.00  0.00  0.00
M2211142            5447201601267702003469282     8.93      5      0    16.00  0.00  0.00
M2211142            5447201601267703331157506   248.32     11      0     0.00  0.00  0.00
M2211142            5447201601267501050617055    31.20      2      0     0.00  0.00  0.00
M2211142            5447201601267501070635411   138.82      1      0     0.00  0.00  0.00
M2211142            5447201601267501070635664   154.69      4      0     0.00  0.00  0.00
M2211142            5447201601267501050612555    91.00      1      0     0.00  0.00  0.00
M2211142            5447201601267501070615277   306.72      6      0     0.00  0.00  0.00
M2211142            5447201601267501070635596   196.82      3      0     0.00  0.00  0.00
M2211142            5447201601267501008409572    78.89      1      0     0.00  0.00  0.00
M2211142            5447201601267501008427330    72.80      2      0     0.00  0.00  0.00
M2211142            5447201601267501050611121    36.90      1      0     0.00  0.00  0.00
M2211142            5447201601267501070634810   203.08      4      0     0.00  0.00  0.00
M2211142            5447201601267501095409004    38.70      4      0     0.00  0.00  0.00
M2211142            5447201601267501095409059    38.70      2      0     0.00  0.00  0.00
M2211142            5447201601267501008427347    41.12      5      0     0.00  0.00  0.00
M2211142            5447201601267501008409503    84.06      2      0     0.00  0.00  0.00
M2211142            5447201601267501008409541    36.52      4      0     0.00  0.00  0.00
M2211142            5447201601267501095451096    21.46     16      0     0.00  0.00  0.00
M2211142            5447201601267702018913640    34.70      1      0    16.00  0.00  0.00
M2211142            5447201601267501165009523    56.02      4      0    16.00  0.00  0.00
M2211142            5447201601267501298217635   163.58      8      0     0.00  0.00  0.00
M2211142            5447201601267501008453780    69.59      1      0     0.00  0.00  0.00
M2211142            5447201601267501165009486    56.02      4      0    16.00  0.00  0.00
M2211142            5447201601267501165008120    19.79      2      0    16.00  0.00  0.00
M2211142            5447201601267501318612655    55.76     10      0     0.00  0.00  0.00
M2211142            5447201601267501318673205   156.88      1      0     0.00  0.00  0.00
M2211142            5447201601267501095452147    47.70      5      0     0.00  0.00  0.00
M2211142            5447201601267501095452505    65.61      4      0     0.00  0.00  0.00
M2211142            5447201601267501037908572   182.46      4      0     0.00  0.00  0.00
M2211142            5447201601267501095452116    28.62      3      0     0.00  0.00  0.00
M2211142            5447201601267501095452130    74.18      6      0     0.00  0.00  0.00
M2211142            5447201601267501037908640    87.03      2      0     0.00  0.00  0.00
M2211142            5447201601267501095476495    24.56      2      0     0.00  0.00  0.00
M2211142            5447201601267501125116810    15.37     11      0     0.00  0.00  0.00
M2211142            5447201601267501165000193   113.45      2      0     0.00  0.00  0.00
M2211142            5447201601267501008485057    37.90      5      0     0.00  0.00  0.00
M2211142            5447201601267501034635020    82.09      1      0    16.00  0.00  0.00
M2211142            5447201601267501165000230    52.82      9      0     0.00  0.00  0.00
M2211142            5447201601267501165000315    78.81      3      0     0.00  0.00  0.00
M2211142            5447201601267501159514026   145.17      1      0     0.00  0.00  0.00
M2211142            5447201601267501009000808   127.97      2      0     0.00  0.00  0.00
M2211142            5447201601267501008433553    33.07      2      0     0.00  0.00  0.00
M2211142            5447201601267501034635044    89.47      2      0    16.00  0.00  0.00
M2211142            5447201601267501008491966    21.36      9      0     0.00  0.00  0.00
M2211142            5447201601267501008493007   164.43      1      0     0.00  0.00  0.00
M2211142            5447201601267501008496152    48.00      1      0     0.00  0.00  0.00
M2211142            5447201601267501008496701    21.36      1      0     0.00  0.00  0.00
M2211142            5447201601267501009000709   168.84      4      0     0.00  0.00  0.00
M2211142            5447201601267501008433676    27.43      5      0     0.00  0.00  0.00
M2211142            5447201601267501008443033    19.29     14      0     0.00  0.00  0.00
M2211142            5447201601267501385491085   156.80      3      0     0.00  0.00  0.00
M2211142            5447201601267501092773511   283.92      1      0     0.00  0.00  0.00
M2211142            5447201601267501092793038   140.65      6      0     0.00  0.00  0.00
M2211142            5447201601267501092793045   121.03      2      0     0.00  0.00  0.00
M2211142            5447201601267501092779278   271.49      1      0     0.00  0.00  0.00
M2211142            5447201601267501165003040    88.45      8      0     0.00  0.00  0.00
M2211142            5447201601264104480412103   158.13      5      0     0.00  0.00  0.00
M2211142            5447201601267501092793052    66.07      3      0     0.00  0.00  0.00
M2211142            5447201601267501384504380   150.36      1      0     0.00  0.00  0.00
M2211142            5447201601263594456400103   341.00      1      0     0.00  0.00  0.00
M2211142            5447201601267800005082024    39.24      2      0    16.00  0.00  0.00
M2211142            5447201601267501871720613    29.00      4      0     0.00  0.00  0.00
M2211142            5447201601267501080950139    31.58      4      0    16.00  0.00  0.00
M2211142            5447201601267501089804099   255.96      2      0     0.00  0.00  0.00
M2211142            5447201601267896116861566   255.75      7      0     0.00  0.00  0.00
M2211142            5447201601267501089809452   110.16      1      0     0.00  0.00  0.00
M2211142            5447201601267501089810021    87.48      2      0     0.00  0.00  0.00
M2211142            5447201601267501089810038   129.60      2      0     0.00  0.00  0.00
M2211142            544720160126 650240003950    59.63      2      0     0.00  0.00  0.00
M2211142            5447201601267501098611305   284.00      1      0     0.00  0.00  0.00
M2211142            5447201601267501098611329   405.00      2      0     0.00  0.00  0.00
M2211142            544720160126 650240005398    64.39      4      0     0.00  0.00  0.00
M2211142            544720160126 041388284316   110.57      3      0     0.00  0.00  0.00
M2211142            5447201601267501050610018   136.97      3      0     0.00  0.00  0.00
M2211142            5447201601267501070613440    96.61      2      0     0.00 28.57  0.00
M2211142            5447201601267501050617079    27.51      7      0     0.00  0.00  0.00
M2211142            5447201601267501174600117    20.17      1      0     0.00  0.00  0.00
M2211142            5447201601267501070612368   103.68      4      0     0.00  0.00  0.00
M2211142            5447201601267501070613044    93.97      1      0     0.00  0.00  0.00
M2211142            5447201601267501050613453    35.05      3      0     0.00  0.00  0.00
M2211142            5447201601267501001164003    29.01      1      0    16.00  0.00  0.00
M2211142            5447201601267501022105191     8.11      3      0    16.00  0.00  0.00
M2211142            5447201601267501098621151   249.00      2      0     0.00  0.00  0.00
M2211142            5447201601267501298234601   215.18      2      0     0.00  0.00  0.00
M2211142            5447201601267501089810427    97.20      1      0    16.00  0.00  0.00
M2211142            544720160126 650240010538    21.52     30      0     0.00  0.00  0.00
M2211142            5447201601267501300408556   295.00      1      0     0.00  0.00  0.00
M2211142            5447201601267501050625395    18.43      3      0     0.00  0.00  0.00
M2211142            5447201601267501298215099    48.88      2      0     0.00  0.00  0.00
M2211142            544720160126  37000394969    30.72      2      0    16.00  0.00  0.00
M2211142            544720160126 650240009563    14.83      1      0    16.00  0.00  0.00
M2211142            5447201601268430206280296   183.19      5      0    16.00  0.00  0.00
M2211142            5447201601267501385493850   306.60      1      0     0.00  0.00  0.00
M2211142            5447201601267501303457513   259.48      5      0     0.00  0.00  0.00
M2211142            5447201601267501050630023    53.33      1      0     0.00  0.00  0.00
M2211142            5447201601267501035911369    29.47      4      0    16.00  0.00  0.00
M2211142            5447201601267501300408136   295.00      6      0     0.00  0.00  0.00
M2211142            5447201601267503006698323   152.09      3      0    16.00  0.00  0.00
M2211142            544720160126     75010690     7.64      1      0    16.00  0.00  0.00
M2211142            544720160126 650240013805    46.49      4      0     0.00  0.00  0.00
M2211142            5447201601267501298217703   244.99      3      0     0.00  0.00  0.00
M2211142            5447201601267501298217659   243.10      7      0     0.00  0.00  0.00
M2211143            5447201601267501124103217   143.15      1      0     0.00  0.00 18.00
M2211143            5447201601260300651431681   362.57      1      0    16.00  0.00 18.00
M2211143            5447201601267501088579752    83.30      3      0     0.00  0.00 18.00
M2211143            5447201601267501249605900   280.45      1      0     0.00  0.00 18.00
M2211143            5447201601267503008821026   154.29      1      0    16.00  0.00 18.00
M2211143            5447201601267501094910570    97.84      4      0     0.00  0.00 18.00
M2211143            5447201601267501125109928   103.11      4      0     0.00  0.00 18.00
M2211143            5447201601267501070903695   318.40      2      0     0.00  0.00 18.00
M2211143            5447201601267501001147563    16.01      3      0     0.00  0.00 18.00
M2211143            5447201601267501088508929    65.99      2      0     0.00  0.00 18.00
M2211143            5447201601267501124810917   112.41      3      0     0.00  0.00 18.00
M2211143            5447201601267501125100116    16.24      5      0     0.00  0.00 18.00
M2211143            5447201601267501124103378   209.32      1      0     0.00  0.00 18.00
M2211143            5447201601267501088505003    43.59     10      0     0.00  0.00 18.00
M2211143            5447201601267501088505157   104.08      6      0     0.00  0.00 18.00
M2211143            5447201601267501080912076   147.68      2      0    16.00  0.00 18.00
M2211143            5447201601267501125104343    26.82      6      0     0.00  0.00 18.00
M2211143            5447201601267501168810713   482.98      2      0     0.00  0.00 18.00
M2211143            5447201601267501088509773    95.42     12      0     0.00  0.00 18.00
M2211143            5447201601267501125104411    26.82     10      0     0.00  0.00 18.00
M2211143            544720160126 736085405422    69.71      2      0     0.00  0.00 18.00
M2211143            5447201601267501070903350   143.73      1      0     0.00  0.00 18.00
M2211143            544720160126 736085132069    47.47      9      0     0.00  0.00 18.00
M2211143            544720160126 736085171051   184.73      2      0     0.00  0.00 18.00
M2211143            5447201601267501088505126    84.74      8      0     0.00  0.00 18.00
M2211143            5447201601267590002012468    54.80      9      0     0.00  0.00 18.00
M2211143            5447201601267501094917012   987.66      2      0     0.00  0.00 18.00
M2211143            5447201601267501070903510   105.04      1      0     0.00  0.00 18.00
M2211143            5447201601267501125104268    26.82      8      0     0.00  0.00 18.00
M2211143            5447201601267501125103582    26.82      3      0     0.00  0.00 18.00
M2211143            5447201601267501125104183    26.82      3      0     0.00  0.00 18.00
M2211143            544720160126 736085278507    45.48      7      0     0.00  0.00 18.00
M2211143            5447201601267501250838939   492.97      2      0     0.00  4.76 18.00
M2211143            544720160126 020800753067    42.02      4      0     0.00  0.00 18.00
M2211143            5447201601267501250829852   448.15      3      0     0.00  0.00 18.00
M2211143            5447201601267501088575396    87.42      4      0     0.00  0.00 18.00
M2211143            5447201601267501125104688    26.82      4      0     0.00  0.00 18.00
