B18683685           2766201511057501871720613    29.00    300      0     0.00 50.00  0.00
B18685072           5228201511057501125102790   229.01      2      0     0.00  0.00 18.00
B18685190           5228201511057501009004585   416.74      1      0     0.00  0.00  0.00
B18685190           522820151105 300090029081   245.27      1      0     0.00  0.00  0.00
B18685190           522820151105 300090055097   355.83      2      0     0.00  0.00  0.00
B18685190           5228201511057501384503123   183.65     13      0     0.00  0.00  0.00
B18685190           5228201511057501125152627   185.81      1      0     0.00  0.00  0.00
B18685190           5228201511057501300406651   278.13      2      0     0.00  0.00  0.00
B18685190           5228201511057501384502324   166.95      3      0     0.00  0.00  0.00
B18685190           5228201511057501384503215   238.50      4      0     0.00  0.00  0.00
B18685190           5228201511057501050612463   455.23      1      0     0.00  0.00  0.00
B18685190           5228201511057501009004561   259.96      2      0     0.00  0.00  0.00
B18685190           5228201511057501009007111   267.33      3      0     0.00  0.00  0.00
B18685190           5228201511057501101640810   648.54      3      0     0.00  0.00  0.00
B18685954           5228201511058470002358201   540.00      1      0    16.00 15.00 18.00
B18685954           5228201511053282776367267   276.90      2      0    16.00  0.00 18.00
B18685954           5228201511053282776432026   106.21      4      0    16.00  0.00 18.00
B18685954           5228201511057501070613044   114.44      2      0     0.00  0.00 18.00
B18685954           5228201511057501070902384   325.67      2      0     0.00  0.00 18.00
B18685954           5228201511057501080912076   147.68      4      0    16.00  0.00 18.00
B18685954           5228201511057501273500349   110.12      2      0    16.00  0.00 18.00
B18685954           5228201511057501314704552   118.14      3      0     0.00  0.00 18.00
B18685954           5228201511057501273500493   166.71      1      0     0.00  0.00 18.00
B18685954           5228201511057501088504501   272.61      2      0     0.00  0.00 18.00
B18685954           5228201511057501088504808   443.26      2      0     0.00  0.00 18.00
B18685954           5228201511057501088507502   334.30      1      0     0.00  9.09 18.00
B18685954           5228201511057501314704644   187.41      1      0     0.00  0.00 18.00
B18685954           5228201511057501088507618   570.34      1      0     0.00  0.00 18.00
B18685954           5228201511057501088507632   464.75      1      0     0.00  0.00 18.00
B18685954           5228201511057501088575396    87.42      1      0     0.00  0.00 18.00
B18685954           5228201511057503014492029   297.79      1      0     0.00  5.00 18.00
B18685954           5228201511057501314704828   313.01      2      0     0.00  0.00 18.00
B18685954           5228201511057502209290075   518.34      1      0     0.00  0.00 18.00
B18685954           5228201511057501088617553   634.64      1      0     0.00  0.00 18.00
B18685954           5228201511057506200700083   505.12      1      0    16.00  0.00 18.00
B18685954           5228201511057501124103118   203.11      1      0     0.00  0.00 18.00
B18685954           5228201511057501124855208   310.00      1      0     0.00  0.00 18.00
B18685954           5228201511057501168810621   172.20      2      0     0.00  0.00 18.00
B18685954           5228201511057501168810713   482.98      1      0     0.00  0.00 18.00
B18685954           5228201511057501168870618   440.27      1      0     0.00  0.00 18.00
B18685954           522820151105     75004088   129.08      1      0     0.00  0.00 18.00
B18685954           522820151105 008400001344   372.02      1      0     0.00 16.66 18.00
B18685954           5228201511057501250810645   290.08      5      0     0.00  4.76 18.00
B18685954           522820151105 008400004277   352.57      1      0     0.00  0.00 18.00
B18685954           5228201511057501250818689   363.41      6      0     0.00  4.76 18.00
B18685954           522820151105 736085280005   317.61      3      0    16.00  0.00 18.00
B18685954           522820151105 736085401226   252.69      1      0     0.00  0.00 18.00
B18685954           5228201511057501258203227   465.51      1      0     0.00  0.00 18.00
B18685954           5228201511053282776088209   214.69      2      0    16.00  0.00 18.00
B18685954           5228201511057501273500073   171.49      1      0    16.00  0.00 18.00
B18685954           5228201511058470002129856   179.00      2      0    16.00  0.00 18.00
B18685955           5228201511057501122961901   260.60      1      0     0.00  9.09  8.00
B18685955           5228201511057501123011209   459.94      1      0     0.00  9.09  8.00
B18685955           522820151105     75004996   149.04      1      0     0.00 16.66  8.00
B18685955           5228201511057501122963707   200.81      3      0     0.00 16.66  8.00
B18685955           5228201511057501123010141   128.64      1      0     0.00 16.66  8.00
B18685955           5228201511057501123011704   259.64      2      0     0.00 16.66  8.00
B18685955           5228201511053499320001526   357.92      1      0     0.00  0.00  8.00
B18685955           5228201511055702191008067   625.76      1      0     0.00  0.00  8.00
B18685955           5228201511057501406870097    84.42      1      0    16.00  0.00  8.00
B18685955           5228201511057501188801425   252.06      1      0     0.00  9.00  8.00
B18685956           522820151105 891671002277   307.72      1      0     0.00  9.09 10.00
B18685956           5228201511057501293201660   323.57      1      0     0.00  0.00 10.00
B18685956           5228201511057703332003307   159.20      1      0    16.00  0.00 10.00
B18685956           5228201511057703332003314   159.20      8      0    16.00  0.00 10.00
B18685956           5228201511057501390911035   268.14      1      0     0.00  0.00 10.00
B18685956           5228201511057501390912209   232.88      2      0     0.00  0.00 10.00
B18685956           5228201511057705849004013   319.20      8      0    16.00  0.00 10.00
B18685957           5228201511057501165006683   310.14      1      0     0.00  0.00  0.00
B18685957           5228201511057501298214375   497.41      1      0     0.00  0.00  0.00
B18685957           5228201511057502216930575   143.60      2      0     0.00  0.00  0.00
B18685957           522820151105 650240011351    59.41      2      0     0.00  0.00  0.00
B18685957           5228201511057501098611329   405.00      1      0     0.00  0.00  0.00
B18685957           5228201511057501871720507   276.70      1      0     0.00  0.00  0.00
B18685957           5228201511057501871720682   353.46      1      0     0.00  0.00  0.00
B18685957           5228201511057501082212167   562.17      1      0     0.00  0.00  0.00
B18685957           5228201511057501089809506   113.40      1      0     0.00  0.00  0.00
B18685957           5228201511057501871720774   161.92      1      0     0.00  0.00  0.00
B18685957           5228201511057501289501613   207.34      3      0     0.00  0.00  0.00
B18685957           5228201511057501037905588   489.91      2      0     0.00  0.00  0.00
B18685957           522820151105     75026226    64.08      3      0     0.00  0.00  0.00
B18685957           5228201511057501050623933   190.98      1      0     0.00  0.00  0.00
B18685957           5228201511057501092776413   236.82      2      0     0.00  0.00  0.00
B18685957           5228201511057501089809469    87.48      1      0     0.00  0.00  0.00
B18685957           5228201511058020030053090   205.91      2      0     0.00  0.00  0.00
B18685957           5228201511057501033958854   526.66      1      0     0.00  0.00  0.00
B18685957           5228201511057501089803351   152.28      1      0     0.00  0.00  0.00
B18685957           5228201511057841141003436   255.61      5      0     0.00  0.00  0.00
B18685957           5228201511057501095452116    27.58      1      0     0.00  0.00  0.00
B18685957           5228201511057501033952791   327.67      4      0     0.00  0.00  0.00
B18685957           5228201511057501298205038   411.87      2      0     0.00  0.00  0.00
B18685957           5228201511057501298234908   112.92      3      0     0.00  0.00  0.00
B18685957           5228201511055034642021753   620.96      1      0     0.00  0.00  0.00
B18685957           5228201511057501098602594   389.00      1      0     0.00  0.00  0.00
B18685957           5228201511057501098624114   344.00      1      0     0.00  0.00  0.00
B18685957           5228201511057501098633260   473.00      2      0     0.00  0.00  0.00
B18685957           5228201511057501054530107   132.05      1      0    16.00  0.00  0.00
B18685957           5228201511057501033921759   286.35      2      0     0.00  0.00  0.00
B18685957           5228201511057501050612364   271.68      1      0     0.00  0.00  0.00
B18685957           5228201511057501098608398   318.00      2      0     0.00  0.00  0.00
B18685957           5228201511057501089802033   234.58      1      0     0.00  0.00  0.00
B18685957           5228201511057501328980119   248.44      1      0     0.00  0.00  0.00
B18685957           5228201511057501124723170   244.90      1      0     0.00  0.00  0.00
B18685957           5228201511057501165000179   234.56      2      0     0.00  0.00  0.00
B18685957           5228201511057501033923234   281.70      3      0     0.00  0.00  0.00
B18685957           5228201511057501324402516   356.00      1      0     0.00  0.00  0.00
B18685957           5228201511057501008465622    55.12      1      0     0.00  0.00  0.00
B18685957           5228201511053393370037385   634.65      1      0     0.00  0.00  0.00
B18685957           5228201511057501092793045   121.03      3      0     0.00  0.00  0.00
B18685957           5228201511057501037980172   612.08      1      0     0.00  0.00  0.00
B18685958           5228201511057896014174164    84.59      1      0    16.00  0.00 14.00
B18685958           5228201511053337872411922   274.07      3      0    16.00  0.00 14.00
B18685958           5228201511057899026437449    84.59      6      0    16.00  0.00 14.00
B18685958           5228201511053337872411892   280.84      2      0    16.00  0.00 14.00
B18685959           5228201511057501289514460   253.51     11      0     0.00  0.00 15.00
B18685959           5228201511057501101606236   480.80      2      0     0.00  0.00 15.00
B18685959           5228201511057501289511261    95.75      2      0     0.00 15.00 15.00
B18685959           5228201511057501101649660   421.01      1      0     0.00  0.00 15.00
B18685960           5228201511053282779405553   303.45      1      0    16.00  0.00 18.00
B18685960           5228201511057501326000925   513.27      1      0     0.00  0.00 18.00
B18685960           5228201511057501072340030   167.95      1      0     0.00  9.09 18.00
B18685960           5228201511057501326004060   486.26      1      0     0.00  0.00 18.00
B18685960           5228201511057501287678171   172.51      1      0     0.00 12.50 18.00
B18685960           5228201511057501287670205   318.28      2      0     0.00  0.00 18.00
B18685960           522820151105 300093116016   264.89      2      0     0.00  0.00 18.00
B18685960           5228201511057502216930568   188.12      1      0     0.00  9.09 18.00
B18685960           5228201511057501201400710   329.33      1      0    16.00  0.00 18.00
B18685960           5228201511057502216931831   508.82      1      0     0.00  0.00 18.00
B18685960           5228201511053282779369077   303.45      3      0    16.00  0.00 18.00
