B19228313           5214201602057501124810993    86.76      2      0     0.00  0.00 18.00
B19228313           521420160205 020800753067    42.02      3      0     0.00  0.00 18.00
B19228313           521420160205 020800753050    70.15      3      0     0.00  0.00 18.00
B19228313           5214201602057501001353377    58.71      5      0     0.00  0.00 18.00
B19228313           5214201602057501400800571    64.62      3      0     0.00  0.00 18.00
B19228313           5214201602057501124815103    84.73      2      0     0.00  0.00 18.00
B19228313           5214201602057501400800564    86.16      2      0     0.00  0.00 18.00
B19228313           5214201602057501080912076   147.68      2      0    16.00  0.00 18.00
B19228313           5214201602057501124817701    80.21      2      0     0.00  0.00 18.00
B19228313           5214201602057501124812874    80.21      2      0     0.00  0.00 18.00
B19228313           5214201602057590002037843    40.52      5      0     0.00  0.00 18.00
B19228313           5214201602057590002012468    54.80      8      0     0.00  0.00 18.00
B19228313           5214201602057501001246563   609.33      1      0     0.00  0.00 18.00
B19228313           5214201602057590002012475    94.13      6      0     0.00  0.00 18.00
B19228313           521420160205 714706100109    84.54      2      0     0.00  0.00 18.00
B19228313           521420160205 714706100604    20.22      2      0     0.00  0.00 18.00
B19228314           5214201602057501122969808   118.83      1      0     0.00  9.09  8.00
B19228314           5214201602057501122964902    97.82      1      0     0.00  0.00  8.00
B19228315           5214201602057501008497814    64.65      1      0     0.00  0.00  0.00
B19228315           521420160205 650240017100    47.10     10      0     0.00  0.00  0.00
B19228315           5214201602057501088505478    92.50      1      0     0.00  0.00  0.00
B19228316           5214201602057501123013340   206.28      2      0     0.00 16.66 10.00
B19228317           521420160205 354312425106    18.81      2      0     0.00  0.00 11.00
B19228318           5214201602057501289511469    84.18      2      0     0.00  0.00 15.00
B19228318           5214201602057501289512756    81.48      1      0    16.00  0.00 15.00
B19228319           521420160205 310742330762    96.63      2      0     0.00  0.00 18.00
B19228319           5214201602057501124103323   141.02      2      0     0.00  0.00 18.00
B19228319           5214201602057501287630131   157.31      2      0     0.00  0.00 18.00
B19228319           5214201602057501108761808   116.63      2      0     0.00  0.00 18.00
B19228319           5214201602057501050610704   294.00      2      0     0.00  0.00 18.00
B19228319           5214201602057501108768852    99.28      2      0     0.00  0.00 18.00
B19228320           5214201602057501159514026   145.17      2      0     0.00  0.00  0.00
B19228320           5214201602057501095409059    38.70      3      0     0.00  0.00  0.00
B19228320           5214201602057501101623769   211.00      1      0     0.00  0.00  0.00
B19228320           5214201602057501022101155   109.52      2      0     0.00  0.00  0.00
B19228320           5214201602057501037908022   169.43      2      0     0.00  9.09  0.00
B19228320           5214201602057501008465677    52.59      1      0     0.00  0.00  0.00
B19228320           5214201602057501299303047    40.57      5      0     0.00  0.00  0.00
B19228320           5214201602057501299303085    44.56      5      0     0.00  0.00  0.00
B19228320           5214201602057501034645012   104.01      2      0     0.00  0.00  0.00
B19228320           5214201602057501008496701    21.36      5      0     0.00  0.00  0.00
B19228320           5214201602057501034645067    69.13      2      0     0.00  9.09  0.00
B19228320           5214201602057501088505157    92.70      2      0     0.00  0.00  0.00
B19228320           5214201602057501088505256    73.50      2      0     0.00  0.00  0.00
B19228320           5214201602057501072310378    55.65      3      0     0.00  0.00  0.00
B19228320           5214201602057501034650559   107.82      2      0     0.00  0.00  0.00
B19228320           5214201602057501034650580    76.73      2      0     0.00  0.00  0.00
B19228320           5214201602057501328979915    70.61      2      0     0.00  0.00  0.00
B19228320           5214201602057501034651037   197.02      1      0     0.00  0.00  0.00
B19228320           5214201602057501314702640   150.59      2      0     0.00  0.00  0.00
B19228320           5214201602057501092743057   187.10      1      0     0.00  0.00  0.00
B19228320           5214201602057501088579707    81.80      2      0     0.00  0.00  0.00
B19228320           5214201602057501174600117    20.17      5      0     0.00  0.00  0.00
B19228320           5214201602057501174600124    46.12      1      0     0.00  0.00  0.00
B19228320           5214201602057501064550768   186.77      1      0     0.00  0.00  0.00
B19228320           5214201602057501088509766    54.20      2      0     0.00  0.00  0.00
B19228320           5214201602057501098603867    86.34      2      0     0.00  0.00  0.00
B19228320           5214201602057501050610018   136.97      1      0     0.00  0.00  0.00
B19228320           5214201602057501050606288    74.25      2      0     0.00  0.00  0.00
B19228320           521420160205 650240007651    46.49      5      0     0.00  0.00  0.00
B19228320           5214201602057501871721207   510.55      1      0     0.00  0.00  0.00
B19228320           5214201602057501050624015    25.99      3      0    16.00  0.00  0.00
B19228320           5214201602057501050699990   220.88      2      0     0.00  0.00  0.00
B19228320           5214201602057501050600293   181.50      1      0     0.00  0.00  0.00
B19228320           5214201602057501050624022    38.84      3      0    16.00  0.00  0.00
B19228320           5214201602057501070613044    93.97      2      0     0.00  0.00  0.00
B19228320           5214201602057501050613453    37.50      2      0     0.00  0.00  0.00
B19228320           5214201602057501298219363    47.51      2      0     0.00  0.00  0.00
B19228320           521420160205 650240007750    29.73      3      0    16.00  0.00  0.00
B19228320           5214201602057501008485033    39.79      3      0     0.00  0.00  0.00
B19228320           5214201602057501008497357   108.52      3      0     0.00  0.00  0.00
B19228320           5214201602057501008497340   135.29      3      0     0.00  0.00  0.00
B19228320           5214201602057501298219370    47.51      2      0     0.00  0.00  0.00
B19228320           521420160205 301320010206    72.62      1      0     0.00  0.00  0.00
B19228320           5214201602057501050611121    39.86      3      0     0.00  0.00  0.00
B19228320           5214201602057501095409004    38.70      3      0     0.00  0.00  0.00
B19228320           5214201602057501298281209    37.41     10      0     0.00  0.00  0.00
B19228320           5214201602057501299300275    89.11      1      0     0.00  0.00  0.00
B19228320           5214201602057501318644335    49.13      4      0     0.00  0.00  0.00
B19228320           5214201602057501318649071   124.89      2      0     0.00  0.00  0.00
B19230106           5215201602057590002037843    40.52      3      0     0.00  0.00 18.00
B19230106           5215201602057501001258030    58.71      5      0     0.00  0.00 18.00
B19230106           5215201602054035710006628   175.36      2      0    16.00  9.09 18.00
B19230106           5215201602057501124814588   103.65      3      0     0.00  0.00 18.00
B19230106           5215201602057501001147587    16.01      5      0     0.00  0.00 18.00
B19230106           5215201602057501124817718   103.65      3      0     0.00  0.00 18.00
B19230106           5215201602057501125109935    60.11      2      0     0.00  0.00 18.00
B19230106           5215201602057501001147600    16.01      5      0     0.00  0.00 18.00
B19230106           5215201602057501125118296   311.65      2      0     0.00  0.00 18.00
B19230106           521520160205 736085051063   243.79      2      0     0.00  0.00 18.00
B19230107           5215201602057501287678034   176.39      3      0     0.00  0.00 18.00
B19230107           5215201602057501049721176   296.50      1      0     0.00  0.00 18.00
B19230108           521520160205     75004996   156.49      2      0     0.00  9.09  8.00
B19230108           5215201602057501123011605    48.69      5      0     0.00  0.00  8.00
B19230108           5215201602057501122963028   167.10      2      0     0.00  0.00  8.00
B19230109           5215201602057501300408228   125.63      1      0     0.00  0.00  0.00
B19230109           521520160205 650240001314   258.39      2      0     0.00  0.00  0.00
B19230109           521520160205 650240001635   258.39      2      0     0.00  0.00  0.00
B19230109           5215201602057501328979502    80.70      3      0     0.00  0.00  0.00
B19230109           5215201602057501318646223   102.70      5      0     0.00  0.00  0.00
B19230109           5215201602057501299306130    94.43      5      0     0.00  0.00  0.00
B19230109           5215201602057501299306352    86.45      5      0     0.00  0.00  0.00
B19230109           5215201602057501314706228   148.49      3      0     0.00  0.00  0.00
B19230109           5215201602057501385420238   137.20      2      0     0.00  0.00  0.00
B19230109           5215201602057501072300218    61.73      2      0     0.00  0.00  0.00
B19230109           5215201602057501088509810    60.00      5      0     0.00  0.00  0.00
B19230109           5215201602057501082201307   302.23      2      0     0.00  0.00  0.00
B19230109           5215201602057501328980119   248.44      5      0     0.00  0.00  0.00
B19230109           5215201602057501086301041    74.07      5      0     0.00  0.00  0.00
B19230109           5215201602057501088575600    86.00      5      0     0.00  0.00  0.00
B19230109           5215201602057501072300171    61.62      3      0     0.00  0.00  0.00
B19230109           5215201602057501050614597    64.80      2      0     0.00  0.00  0.00
B19230109           521520160205 650240011139   215.96      3      0     0.00  0.00  0.00
B19230109           521520160205 650240006647    56.09      5      0     0.00  0.00  0.00
B19230109           5215201602057501088507878   141.00      2      0     0.00  0.00  0.00
B19230109           5215201602057501082242744   299.24      2      0     0.00  0.00  0.00
B19230109           5215201602057502224227346    51.92      2      0     0.00  0.00  0.00
B19230109           5215201602057502224227360    51.92      2      0     0.00  0.00  0.00
B19230109           521520160205 650240010507    56.09      5      0     0.00  0.00  0.00
B19230109           5215201602057501300409669   312.50      3      0     0.00  0.00  0.00
B19230109           5215201602057501041941848    64.23      5      0     0.00  0.00  0.00
B19230109           5215201602057501070600709    49.55      3      0     0.00  0.00  0.00
B19230109           5215201602057501314701711    96.81      5      0     0.00  0.00  0.00
B19230109           5215201602057501034645012   104.01      3      0     0.00  0.00  0.00
B19230109           5215201602057501314701827   340.59      3      0     0.00  0.00  0.00
B19230109           5215201602057501008426944    74.52      3      0     0.00  0.00  0.00
B19230109           5215201602057501159580014   113.80      3      0     0.00  0.00  0.00
B19230109           5215201602057501159580182   114.33      3      0     0.00  0.00  0.00
B19230109           5215201602057501037950526   456.95      2      0     0.00  0.00  0.00
B19230109           5215201602057501034670076   410.00      1      0     0.00  0.00  0.00
B19230109           5215201602057501299303047    40.57      3      0     0.00  0.00  0.00
B19230109           5215201602057501314702114    64.53      5      0     0.00  0.00  0.00
B19230109           5215201602057501314702701   354.94      2      0     0.00  0.00  0.00
B19230109           5215201602057501314702718   308.34      2      0     0.00  0.00  0.00
B19230109           5215201602057501008465646    73.77      3      0     0.00  0.00  0.00
B19230109           5215201602057501328979496    79.47      3      0     0.00  0.00  0.00
B19228775           5236201602057501001258030    58.71      6      0     0.00  0.00 18.00
B19228775           523620160205 008400003218   303.98      2      0     0.00  0.00 18.00
B19228775           5236201602057501185730568    69.45      8      0     0.00  0.00 18.00
B19228775           5236201602057501285600365   175.18      4      0     0.00  0.00 18.00
B19228775           523620160205 736085400830   357.13      2      0     0.00  0.00 18.00
B19228775           5236201602057503000883145   104.01      3      0     0.00  0.00 18.00
B19228775           5236201602057501273500493   183.38      3      0     0.00  0.00 18.00
B19228775           523620160205 736085405668   365.39      2      0     0.00  0.00 18.00
B19228775           523620160205 008400000354   267.59      2      0     0.00  0.00 18.00
B19228775           5236201602057501109760541    34.75      4      0     0.00  0.00 18.00
B19228775           523620160205 714706100604    20.22     10      0     0.00  0.00 18.00
B19228775           5236201602057501250829852   448.15      4      0     0.00  0.00 18.00
B19228775           5236201602057501070900168   176.02      2      0     0.00  0.00 18.00
B19228776           5236201602057501123011704   277.82      2      0     0.00  9.09  8.00
B19228776           5236201602057501123014101   209.16      2      0     0.00  9.09  8.00
B19228776           5236201602057501123018031   166.93      2      0     0.00  9.09  8.00
B19228776           5236201602057501122963028   167.10      3      0     0.00  0.00  8.00
B19228776           5236201602057501122963707   208.84      3      0     0.00  9.09  8.00
B19228776           5236201602057501123010608   262.40      2      0     0.00  9.09  8.00
B19228777           5236201602057501299300275    89.11      2      0     0.00  0.00  0.00
B19228777           5236201602057501303451603   309.28      2      0     0.00  0.00  0.00
B19228777           5236201602057501318646360   130.12      3      0     0.00  0.00  0.00
B19228777           5236201602057501299306130    94.43      6      0     0.00  0.00  0.00
B19228777           5236201602057501299306352    86.45      4      0     0.00  0.00  0.00
B19228777           5236201602057501318620162   200.75      6      0     0.00  0.00  0.00
B19228777           523620160205 650240001895   107.59      3      0     0.00  0.00  0.00
B19228777           5236201602057501314704149    28.68      4      0     0.00  0.00  0.00
B19228777           5236201602057501314704170    31.55      3      0     0.00  0.00  0.00
B19228777           5236201602057501314702640   150.59      3      0     0.00  0.00  0.00
B19228777           5236201602057501314704552   100.14      2      0     0.00  0.00  0.00
B19228777           5236201602057501070617745    86.30      3      0     0.00  0.00  0.00
B19228777           5236201602057501008409541    37.98      6      0     0.00  0.00  0.00
B19228777           5236201602057501008427330    72.80     10      0     0.00  0.00  0.00
B19228777           5236201602057501314701711    96.81      6      0     0.00  0.00  0.00
B19228777           5236201602057501299303085    44.56     10      0     0.00  0.00  0.00
B19228777           5236201602057501072310392    55.65      4      0     0.00  0.00  0.00
B19228777           5236201602057501072340108   231.04      3      0     0.00  0.00  0.00
B19228777           5236201602057501385420238   137.20      3      0     0.00  0.00  0.00
B19228777           5236201602057501088509766    54.20      5      0     0.00  0.00  0.00
B19228777           5236201602057501089809445   122.47      2      0     0.00  0.00  0.00
B19228777           5236201602057501082212143   265.60      6      0     0.00  0.00  0.00
B19228777           5236201602057501871720828   331.41      3      0     0.00  0.00  0.00
B19228777           5236201602057501098610810   240.00      4      0     0.00  0.00  0.00
B19228777           5236201602057501314703227   243.81      3      0     0.00  0.00  0.00
B19228777           5236201602057501098603867    86.34      6      0     0.00  0.00  0.00
B19228777           5236201602057501065053121    51.37      3      0     0.00  0.00  0.00
B19228777           5236201602057501174600124    46.12      2      0     0.00  0.00  0.00
B19228777           5236201602057501070600556    62.33      5      0     0.00  0.00  0.00
B19228777           5236201602057501092743033   229.62      2      0     0.00  0.00  0.00
B19228777           5236201602057501008448243   167.68      2      0     0.00  0.00  0.00
B19228777           5236201602057501037908084    65.89      4      0     0.00  9.09  0.00
B19228777           523620160205 650240007651    46.49     10      0     0.00  0.00  0.00
B19228777           523620160205 650240011818   154.69      5      0     0.00  0.00  0.00
B19228777           5236201602057501092776413   236.82      2      0     0.00  0.00  0.00
B19228777           5236201602057501037905588   489.91      2      0     0.00  0.00  0.00
B19228777           5236201602057501008497593    21.78      6      0     0.00  0.00  0.00
B19228777           5236201602057501318631373    91.45      2      0     0.00  0.00  0.00
B19228777           5236201602057501041941848    64.23      4      0     0.00  0.00  0.00
B19228778           5236201602057501050610704   294.00      2      0     0.00  0.00 18.00
B19228778           5236201602057501142911306   280.53      2      0     0.00  0.00 18.00
B19228778           5236201602057501124103323   141.02      3      0     0.00  0.00 18.00
B19228778           5236201602057501287688224   257.61      6      0     0.00  0.00 18.00
B19228778           5236201602057501050610674   209.92      3      0     0.00  0.00 18.00
N2503471            5373201602057501109790739    11.49      3      0     0.00  0.00 18.00
N2503471            5373201602057501109790029    20.41      3      0     0.00  0.00 18.00
N2503471            5373201602057501109760541    34.75      3      0     0.00  0.00 18.00
N2503471            5373201602057501088605857   110.52      2      0    16.00  0.00 18.00
N2503471            537320160205     75017255    61.33      5      0     0.00  0.00 18.00
N2503472            5373201602057501289511421    26.68      2      0     0.00  0.00 15.00
N2503472            5373201602057501108712138   185.84      2      0     0.00  0.00 18.00
N2503472            537320160205 354312625018    40.74      2      0     0.00  0.00 11.00
N2503472            5373201602057501050611657   198.78      2      0     0.00  0.00 18.00
N2503472            5373201602057501108761808   116.63      1      0     0.00  0.00 18.00
N2503472            5373201602057501390911011   152.52      1      0     0.00  0.00 10.00
N2503472            5373201602057501108761860   128.75      1      0     0.00  0.00 18.00
N2503472            5373201602057501050610674   209.92      2      0     0.00  0.00 18.00
N2503472            5373201602057501108765578   114.95      2      0     0.00  0.00 18.00
N2503472            5373201602057501123011605    48.69      5      0     0.00  0.00  8.00
N2503472            5373201602057501050610681   196.38      1      0     0.00  0.00 18.00
N2503472            5373201602057501289511414    50.51      2      0     0.00  0.00 15.00
N2503472            5373201602057501050610704   294.00      2      0     0.00  0.00 18.00
N2503472            5373201602057502216931893   104.30      2      0     0.00  0.00 18.00
N2503472            537320160205 300055501331    86.26      2      0     0.00  0.00 18.00
N2503473            5373201602057501050624640    56.15      1      0     0.00  0.00  0.00
N2503473            5373201602057501088509773    82.00      2      0     0.00  0.00  0.00
N2503473            5373201602057501871720613    29.00      5      0     0.00  0.00  0.00
N2503473            5373201602057501098633253   262.00      1      0     0.00  0.00  0.00
N2503473            5373201602057501050699990   220.88      2      0     0.00  0.00  0.00
N2503473            5373201602057501050624572    47.83      2      0     0.00  0.00  0.00
N2503473            5373201602057501324402356   134.00      2      0     0.00  0.00  0.00
N2503473            537320160205 650240011351    60.40      3      0     0.00  0.00  0.00
N2503473            537320160205 650240007408    42.69      5      0     0.00  0.00  0.00
N2503473            537320160205 650240011177    76.91      2      0     0.00  0.00  0.00
N2503473            537320160205 650240011818   154.69      2      0     0.00  0.00  0.00
N2503473            537320160205 650240016813    59.63      2      0     0.00  0.00  0.00
N2503473            5373201602057501299306123    62.51      2      0     0.00  0.00  0.00
N2503473            5373201602057501300407108    43.75      5      0     0.00  0.00  0.00
N2503473            5373201602057501088505478    92.50      1      0     0.00  0.00  0.00
N2503473            5373201602057501088505447   124.50      1      0     0.00  0.00  0.00
N2503473            5373201602057501088505430    67.00      1      0     0.00  0.00  0.00
N2503473            5373201602057501088505485   113.50      1      0     0.00  0.00  0.00
N2503473            5373201602057501041941848    64.23      3      0     0.00  0.00  0.00
N2503473            5373201602057501299301074    77.81      1      0     0.00  0.00  0.00
N2503473            5373201602057501299301128    89.11      1      0     0.00  0.00  0.00
N2503473            5373201602057501299300275    89.11      1      0     0.00  0.00  0.00
N2503473            537320160205     75024659    27.90      2      0     0.00  0.00  0.00
N2503473            5373201602057501050613460    39.02      2      0     0.00  0.00  0.00
N2503473            5373201602057501070617745    86.30      1      0     0.00  0.00  0.00
N2503473            5373201602057501318657304    94.43      2      0     0.00  0.00  0.00
N2503473            5373201602057501314701827   340.59      1      0     0.00  0.00  0.00
N2503473            5373201602057501324402585   170.00      2      0     0.00  0.00  0.00
N2503473            5373201602057501072310378    55.65      2      0     0.00  0.00  0.00
N2503473            5373201602057501072310392    55.65      2      0     0.00  0.00  0.00
N2503473            5373201602057501385450129   114.80      2      0     0.00  0.00  0.00
N2503473            5373201602057501088509766    54.20      2      0     0.00  0.00  0.00
N2503474            5374201602057501109790029    20.41      2      0     0.00  0.00 18.00
N2503474            5374201602057501070900120   110.78      2      0     0.00  0.00 18.00
N2503474            537420160205 714706901706    20.22      2      0     0.00  0.00 18.00
N2503474            537420160205 714706100604    20.22      2      0     0.00  0.00 18.00
N2503474            5374201602057501001353377    58.71      2      0     0.00  0.00 18.00
N2503474            5374201602057501109790739    11.49      2      0     0.00  0.00 18.00
N2503475            537420160205     75004996   156.49      1      0     0.00  9.09  8.00
N2503475            5374201602057501287651945   163.46      1      0     0.00  0.00 18.00
N2503475            5374201602057501287630506   131.85      1      0     0.00  0.00 18.00
N2503475            5374201602057501108712138   185.84      1      0     0.00  0.00 18.00
N2503476            5374201602057501070615277   306.71      1      0     0.00  0.00  0.00
N2503476            5374201602057501303444001   141.99      1      0     0.00  0.00  0.00
N2503476            5374201602057501299306352    86.45      1      0     0.00  0.00  0.00
N2503476            537420160205 650240001314   258.39      1      0     0.00  0.00  0.00
N2503476            5374201602057501070635183   116.02      1      0     0.00  0.00  0.00
N2503476            5374201602057501299303047    40.57      1      0     0.00  0.00  0.00
N2503476            5374201602057501299301159    93.76      1      0     0.00  0.00  0.00
N2503476            5374201602057501314701827   340.59      1      0     0.00  0.00  0.00
N2503476            5374201602057501314703227   243.81      1      0     0.00  0.00  0.00
N2503476            5374201602057501092772415   231.59      1      0     0.00  0.00  0.00
N2503476            5374201602057501328979496    79.47      2      0     0.00  0.00  0.00
N2503476            5374201602057501328979502    80.70      2      0     0.00  0.00  0.00
N2503476            5374201602057501385450129   114.80      1      0     0.00  0.00  0.00
N2503476            5374201602057501088507915   165.00      1      0     0.00  0.00  0.00
N2503476            5374201602057501300407108    43.75     10      0     0.00  0.00  0.00
N2503476            5374201602057501300407122    51.88     10      0     0.00  0.00  0.00
N2503476            5374201602057501050624558    43.59      1      0     0.00  0.00  0.00
N2503476            5374201602057501092743033   229.62      1      0     0.00  0.00  0.00
N2503476            537420160205 650240011351    60.40      5      0     0.00  0.00  0.00
N2503476            537420160205 650240010491    77.69      2      0     0.00  0.00  0.00
N2503476            537420160205 650240007651    46.49      2      0     0.00  0.00  0.00
N2503476            537420160205 650240012525    35.76      5      0    16.00  0.00  0.00
N2502955            5397201602057501070903800   219.96      2      0     0.00  0.00 18.00
N2502955            5397201602057501070901301    67.97      2      0     0.00  0.00 18.00
N2502955            5397201602057501080910843   149.54      1      0     0.00  0.00 18.00
N2502955            539720160205 714706901508    20.22      1      0     0.00  0.00 18.00
N2502955            5397201602057501109790739    11.49      2      0     0.00  0.00 18.00
N2502955            539720160205 020800790253   134.63      1      0     0.00  0.00 18.00
N2502955            5397201602057501125103520    26.82      6      0     0.00  0.00 18.00
N2502955            5397201602057501125104268    26.82      6      0     0.00 25.00 18.00
N2502955            539720160205 736085228199    77.54      2      0     0.00  0.00 18.00
N2502955            539720160205 736085401288   102.81      2      0     0.00  0.00 18.00
N2502956            5397201602057501123014101   209.16      1      0     0.00  9.09  8.00
N2502956            5397201602057501287678034   176.39      1      0     0.00  0.00 18.00
N2502956            5397201602057501122969808   118.83      3      0     0.00  9.09  8.00
N2502956            5397201602057501123010608   262.40      1      0     0.00  9.09  8.00
N2502956            5397201602057501050610704   294.00      2      0     0.00  0.00 18.00
N2502956            5397201602057501108712138   185.84      2      0     0.00  0.00 18.00
N2502956            5397201602057501108761808   116.63      1      0     0.00  0.00 18.00
N2502956            5397201602057501108761860   128.75      1      0     0.00  0.00 18.00
N2502956            539720160205     75004972   147.88      1      0     0.00 16.66  8.00
N2502956            5397201602057501123011704   277.82      1      0     0.00  9.09  8.00
N2502957            5397201602057501299301128    89.11      1      0     0.00  0.00  0.00
N2502957            5397201602057501298250007    38.85      1      0     0.00  0.00  0.00
N2502957            5397201602057501318649071   124.89      2      0     0.00  0.00  0.00
N2502957            5397201602057501318657274    89.22      2      0     0.00  0.00  0.00
N2502957            5397201602057501299300275    89.11      1      0     0.00  0.00  0.00
N2502957            5397201602057501299300367   113.72      2      0     0.00  0.00  0.00
N2502957            5397201602057501299300909    99.08      2      0     0.00  0.00  0.00
N2502957            5397201602057501314704958   129.07      2      0     0.00  0.00  0.00
N2502957            5397201602057501299306352    86.45      3      0     0.00  0.00  0.00
N2502957            5397201602057501314705313   279.66      1      0     0.00  0.00  0.00
N2502957            5397201602057501314705542   344.19      2      0     0.00  0.00  0.00
N2502957            5397201602057501070635664   154.69      2      0     0.00  0.00  0.00
N2502957            5397201602057501318657304    94.43      2      0     0.00  0.00  0.00
N2502957            5397201602057501314704156    21.49      2      0     0.00  0.00  0.00
N2502957            5397201602057501324402288   208.00      1      0     0.00  0.00  0.00
N2502957            5397201602057501299301326    91.77      1      0     0.00  0.00  0.00
N2502957            5397201602057501314701766   307.34      2      0     0.00  0.00  0.00
N2502957            5397201602057501009000716   156.78      2      0     0.00  0.00  0.00
N2502957            5397201602057501314704187    22.94      2      0     0.00  0.00  0.00
N2502957            5397201602057501324402585   170.00      1      0     0.00  0.00  0.00
N2502957            5397201602057501034650580    76.73      2      0     0.00  0.00  0.00
N2502957            5397201602057501314703227   243.81      3      0     0.00  0.00  0.00
N2502957            5397201602057501092772415   231.59      1      0     0.00  0.00  0.00
N2502957            5397201602057501092772354    80.47      1      0     0.00  0.00  0.00
N2502957            5397201602057501165002920    38.53      1      0     0.00  0.00  0.00
N2502957            5397201602057501088509773    82.00      2      0     0.00  0.00  0.00
N2502957            5397201602057795320050325   190.27      2      0     0.00  0.00  0.00
N2502957            5397201602057501385450129   114.80      1      0     0.00  0.00  0.00
N2502957            5397201602057501037908084    65.89      1      0     0.00  9.09  0.00
N2502957            539720160205 650240015366    34.49      2      0     0.00  0.00  0.00
N2502957            5397201602057501082212143   265.60      2      0     0.00  0.00  0.00
N2502957            5397201602057501065053121    51.37      1      0     0.00  0.00  0.00
N2502957            5397201602057501070613044    93.97      1      0     0.00  0.00  0.00
N2502957            5397201602057501050624572    47.83      1      0     0.00  0.00  0.00
N2502957            5397201602057501298250205    38.85      1      0     0.00  0.00  0.00
N2502957            5397201602057501101633348   156.00      1      0     0.00  0.00  0.00
N2502957            5397201602057501088505423   140.00      1      0     0.00  0.00  0.00
N2502957            5397201602057501008497340   135.29      2      0     0.00  0.00  0.00
N2502957            5397201602057501088505430    67.00      1      0     0.00  0.00  0.00
N2502957            5397201602057501008497623   219.06      1      0     0.00  0.00  0.00
M2221274            5447201602057501094911485    90.13      5      0     0.00  0.00 18.00
M2221274            5447201602057501124813055   165.12      5      0     0.00  0.00 18.00
M2221274            5447201602057501124815677   110.64      5      0     0.00  0.00 18.00
M2221274            5447201602057501400800564    86.16      5      0     0.00  0.00 18.00
M2221274            544720160205 020800753050    70.15      5      0     0.00  0.00 18.00
M2221274            5447201602057501250810614   485.22      2      0     0.00  0.00 18.00
M2221274            5447201602057501124813451   486.31      2      0     0.00  0.00 18.00
M2221274            5447201602057501587010565    90.14      2      0     0.00  0.00 18.00
M2221274            5447201602058027950210183   254.20     10      0     0.00  0.00 18.00
M2221274            5447201602057501400800038   100.39      2      0     0.00  0.00 18.00
M2221275            5447201602057501122969808   118.83      4      0     0.00  9.09  8.00
M2221275            5447201602057501287630131   157.31      3      0     0.00  0.00 18.00
M2221275            5447201602057501287630506   131.85      8      0     0.00  0.00 18.00
M2221275            5447201602057501287678034   176.39      3      0     0.00  0.00 18.00
M2221275            5447201602057501050610704   294.00      5      0     0.00  0.00 18.00
M2221275            5447201602057501108763468    65.40      5      0     0.00  0.00 18.00
M2221275            5447201602057501108763475    35.98      5      0     0.00  0.00 18.00
M2221276            5447201602057501314705139   233.05      1      0     0.00  0.00  0.00
M2221276            5447201602057501314705153   333.43      2      0     0.00  0.00  0.00
M2221276            5447201602057501299306130    94.43      5      0     0.00  0.00  0.00
M2221276            5447201602057501299306352    86.45      5      0     0.00  0.00  0.00
M2221276            5447201602057501300408228   125.63      2      0     0.00  0.00  0.00
M2221276            5447201602057501054530718    20.20      5      0    16.00  0.00  0.00
M2221276            5447201602057501050613460    39.02      5      0     0.00  0.00  0.00
M2221276            5447201602057501070617745    86.30      3      0     0.00  0.00  0.00
M2221276            5447201602057501314701827   340.59      4      0     0.00  0.00  0.00
M2221276            5447201602057501314701834   186.43      3      0     0.00  0.00  0.00
M2221276            5447201602057501034651020   152.96      2      0     0.00  0.00  0.00
M2221276            5447201602057501318688827   141.47      3      0     0.00  0.00  0.00
M2221276            5447201602057501299301999   139.65      2      0     0.00  0.00  0.00
M2221276            5447201602057501034630070    88.82      2      0     0.00  0.00  0.00
M2221276            5447201602057501318657304    94.43      3      0     0.00  0.00  0.00
M2221276            5447201602057501034665553    49.55      5      0     0.00  0.00  0.00
M2221276            5447201602057501328979366   113.19      4      0     0.00  0.00  0.00
M2221276            5447201602057501072310378    55.65      2      0     0.00  0.00  0.00
M2221276            5447201602057501072310392    55.65      2      0     0.00  0.00  0.00
M2221276            5447201602057501088579707    81.80      3      0     0.00  0.00  0.00
M2221276            5447201602057501088509766    54.20      3      0     0.00  0.00  0.00
M2221276            5447201602057501088509810    60.00      3      0     0.00  0.00  0.00
M2221276            5447201602057501082212143   265.60      8      0     0.00  0.00  0.00
M2221276            5447201602057501082201307   302.23      2      0     0.00  0.00  0.00
M2221276            5447201602057501285601447   354.90      1      0     0.00  0.00  0.00
M2221276            5447201602057501070613440    96.61     10      0     0.00  0.00  0.00
M2221276            5447201602057501043111959   375.69      2      0     0.00  0.00  0.00
M2221276            5447201602057501165005624   553.64      2      0     0.00  0.00  0.00
M2221276            5447201602057501050624640    56.15      4      0     0.00  0.00  0.00
M2221276            5447201602057501174603309   229.62      4      0     0.00  0.00  0.00
M2221276            5447201602057501050699990   220.88      2      0     0.00  0.00  0.00
M2221276            5447201602057501314704828   265.31      3      0     0.00  0.00  0.00
M2221276            5447201602057501037908084    65.89      6      0     0.00  9.09  0.00
M2221276            5447201602057501300407122    51.88     25      0     0.00  0.00  0.00
M2221276            5447201602057501008485033    39.79      3      0     0.00  0.00  0.00
M2221276            544720160205 650240013805    46.49     15      0     0.00  0.00  0.00
M2221276            5447201602057501008497340   135.29      8      0     0.00  0.00  0.00
M2221276            5447201602057501299306123    62.51      2      0     0.00  0.00  0.00
M2221276            544720160205 650240019999    75.62      3      0     0.00  0.00  0.00
M2221276            5447201602057501300407108    43.75     10      0     0.00  0.00  0.00
M2221276            5447201602057501300407139   175.00     25      0     0.00  0.00  0.00
M2221276            5447201602057501070618995   191.24      2      0     0.00  0.00  0.00
M2221276            5447201602057501088505423   140.00      3      0     0.00  0.00  0.00
M2221276            5447201602057501088505447   124.50      4      0     0.00  0.00  0.00
M2221276            5447201602057501088505430    67.00      4      0     0.00  0.00  0.00
M2221276            5447201602057501041941848    64.23      5      0     0.00  0.00  0.00
M2221438            544720160205 736085039603    58.56      3      0     0.00  0.00 18.00
