B18940424           523020151216 008400004277   352.57      2      0     0.00  0.00 18.00
B18940424           5230201512167501094911386   107.33      1      0     0.00  0.00 18.00
B18940424           5230201512167501088507687  1969.57      1      0     0.00  0.00 18.00
B18940424           5230201512167501125154522  1057.94      2      0     0.00  0.00 18.00
B18940424           5230201512167501124813994  2097.31      2      0     0.00  0.00 18.00
B18940424           5230201512167502209290075   518.34      6      0     0.00  5.00 18.00
B18940424           5230201512167501250813363   535.34      4      0     0.00  6.00 18.00
B18940424           5230201512167501250838878   916.68      1      0     0.00  6.00 18.00
B18940424           5230201512167501124814052   824.72      3      0     0.00  0.00 18.00
B18940424           5230201512167503000883404   703.09      1      0     0.00  0.00 18.00
B18940424           5230201512167501022110263   407.00     15      0     0.00  0.00 18.00
B18940424           5230201512167501168860824   265.68      2      0     0.00  0.00 18.00
B18940424           5230201512167501250818689   363.41      5      0     0.00  6.00 18.00
B18940424           5230201512167501168810713   482.98      4      0     0.00  0.00 18.00
B18940424           5230201512167501168870311   211.97      2      0     0.00  0.00 18.00
B18940424           5230201512167501094915827   447.04      2      0     0.00  0.00 18.00
B18940424           5230201512167501094915667   344.26      2      0     0.00  0.00 18.00
B18940424           5230201512167501094916848  1020.25      2      0     0.00  0.00 18.00
B18940424           5230201512167501125139543   189.03      2      0     0.00 12.50 18.00
B18940424           5230201512167501273500233   206.67      3      0    16.00  0.00 18.00
B18940424           5230201512167501250813295   934.60      5      0     0.00  6.00 18.00
B18940424           523020151216 008400001962   214.98      1      0     0.00  0.00 18.00
B18940424           523020151216 736085402346   562.66      4      0     0.00  0.00 18.00
B18940424           5230201512167503007704658   306.57      5      0     0.00  0.00 18.00
B18940424           523020151216 736085401226   252.69      2      0     0.00  0.00 18.00
B18940424           5230201512167503007704580   163.72      3      0     0.00  0.00 18.00
B18940424           5230201512167501299307168   605.03     10      0     0.00  0.00 18.00
B18940424           5230201512167501088504808   443.26      5      0     0.00 13.04 18.00
B18940424           5230201512167501125154515   587.75      5      0     0.00  0.00 18.00
B18940424           5230201512167501314701766   362.59      5      0     0.00  0.00 18.00
B18940424           523020151216 736085905373   694.22      3      0     0.00  0.00 18.00
B18940425           5230201512167501142924030   932.33     10      0     0.00  0.00 10.00
B18940426           5230201512167501082212136   937.92      5      0     0.00  0.00  0.00
B18940426           5230201512167501324403223   510.00      1      0     0.00  0.00  0.00
B18940426           5230201512167501298209067   282.18      3      0     0.00  0.00  0.00
B18940426           5230201512167501037915051   315.12      3      0     0.00  0.00  0.00
B18940426           5230201512167501033952784   614.43      3      0     0.00  0.00  0.00
B18940426           5230201512167501165000179   234.56      5      0     0.00  0.00  0.00
B18940426           5230201512167501033923234   281.70      5      0     0.00  0.00  0.00
B18940426           5230201512167501033920356   614.57      2      0     0.00  0.00  0.00
B18940426           5230201512167501409201270   355.00      2      0     0.00  0.00  0.00
B18940426           5230201512167501092743064   181.21      6      0     0.00  0.00  0.00
B18940426           5230201512167501089800077   181.44      2      0     0.00  0.00  0.00
B18940426           5230201512167501328980348  1002.91      2      0     0.00  0.00  0.00
B18940426           5230201512163594456400103   341.00     30      0     0.00  0.00  0.00
B18940426           5230201512167501089803177   171.72     10      0     0.00  0.00  0.00
B18940426           5230201512167501285600075   366.36      1      0     0.00  0.00  0.00
B18940426           5230201512167501098611329   405.00     20      0     0.00  0.00  0.00
B18940426           5230201512167501037980189   722.26      5      0     0.00  0.00  0.00
B18940426           5230201512167501033921759   286.35      2      0     0.00  0.00  0.00
B18940426           5230201512167501082224214  1008.06      2      0     0.00  0.00  0.00
B18940426           5230201512167501384541248   756.63      1      0     0.00  0.00  0.00
B18940426           5230201512167501098633260   473.00     10      0     0.00  0.00  0.00
B18940426           5230201512167501098605755   369.00      3      0     0.00  0.00  0.00
B18940426           5230201512167501092777212   384.02      6      0     0.00  0.00  0.00
B18940426           5230201512167501871721290  1567.78      4      0     0.00  0.00  0.00
B18940426           5230201512167501165006683   310.14      1      0     0.00  0.00  0.00
B18940426           5230201512167501037905588   489.91      6      0     0.00  0.00  0.00
B18940426           5230201512167501037920154   778.76      1      0     0.00  0.00  0.00
B18940426           5230201512167501037920147   778.25      2      0     0.00  0.00  0.00
B18940426           5230201512167730979094092   631.72      1      0     0.00  0.00  0.00
B18940426           5230201512167501098610049    70.00      5      0     0.00  0.00  0.00
B18940427           5230201512167501289514460   253.51     10      0     0.00 14.00 15.00
B18940428           5230201512167501049721114   321.98      2      0     0.00  0.00 18.00
B18940428           5230201512167501287688743   432.69      3      0     0.00  0.00 18.00
B18940428           5230201512167501201400710   329.33      2      0    16.00  0.00 18.00
B18940428           5230201512167501201400659   431.46      2      0    16.00  0.00 18.00
B18940428           5230201512167502216931831   534.26      3      0     0.00  0.00 18.00
B18940428           5230201512167501326001137   888.34      5      0     0.00  0.00 18.00
B18940428           5230201512167501326004947   909.98      5      0     0.00  0.00 18.00
B18940428           5230201512167501326001977  1187.82      6      0     0.00  0.00 18.00
B18940428           5230201512167501326000864  1035.49      4      0     0.00  0.00 18.00
B18940428           5230201512167501326000871   928.41      2      0     0.00  0.00 18.00
B18940428           5230201512167501326000888   685.70      4      0     0.00  0.00 18.00
B18940428           5230201512167501326004060   486.26      2      0     0.00  0.00 18.00
B18940428           5230201512167502216930186   360.85      4      0     0.00  0.00 18.00
B18940428           5230201512167501201400352   649.91      4      0     0.00  0.00 18.00
B18940428           5230201512167501287626103   404.11      1      0     0.00  0.00 18.00
B18940428           5230201512167501050630160   647.78     10      0     0.00  0.00 18.00
B18940494           5230201512167501082208733   463.33      8      0     0.00  0.00  0.00
B18940495           523020151216 300092960030   664.87      1      0     0.00  0.00 18.00
