42||2015-10-14||604 ||4096.00
42||2015-10-14||605 ||899.00
42||2015-10-14||603 ||0.00
42||2015-10-14||602 ||4900.00
42||2015-10-14||608 ||1203.00
42||2015-10-14||552 ||2603.00
42||2015-10-14||176 ||34339.00
42||2015-10-14||179 ||30270.00
42||2015-10-14||193 ||1802.00
42||2015-10-14||553 ||0.00
42||2015-10-14||501 ||8327.00
42||2015-10-14||114 ||5025.00
42||2015-10-14||561 ||3390.00
42||2015-10-14||593 ||2055.00
42||2015-10-14||507 ||3391.00
42||2015-10-14||810 ||1520.00
42||2015-10-14||867 ||1619.00
42||2015-10-14||840 ||0.00
42||2015-10-14||180 ||21701.00
42||2015-10-14||514 ||1718.00
42||2015-10-14||860 ||1925.00
42||2015-10-14||177 ||25148.00
42||2015-10-14||178 ||43031.00
42||2015-10-14||505 ||2885.00
42||2015-10-14||509 ||2775.00
42||2015-10-14||872 ||5801.00
42||2015-10-14||518 ||2506.00
42||2015-10-14||515 ||5180.00
42||2015-10-14||856 ||10.00
42||2015-10-14||831 ||2364.00
42||2015-10-14||520 ||4327.00
