0100000342016063100030000100002282108000000000000000000000002282108000000000103
0100000342016063100030000200000018000000000000002880000000000020880000000000103
0100000342016063100030000500000284850000000000045576000000000330426000000000103
0100000342016063100030001000000035775000000000005724000000000041499000000000103
0100000342016063100050000100003112043000000000000000000000003112043000000000105
0100000342016063100050000200000054000000000000008640000000000062640000000000105
0100000342016063100050000500000190170000000000030427000000000220597000000000105
0100000342016063100050001000000165825000000000026532000000000192357000000000105
0100000342016063100060000100000381128000000000000000000000000381128000000000106
0100000342016063100060000500000041040000000000006566000000000047606000000000106
0100000342016063100110000100000553568000000000000000000000000553568000000000107
0100000342016063100110000200000015300000000000002448000000000017748000000000107
0100000342016063100110000500000041265000000000006602000000000047867000000000107
0100000342016063100110001000000008775000000000001404000000000010179000000000107
0100000342016063100120000100002026373000000000000000000000002026373000000000108
0100000342016063100120000200000031050000000000004968000000000036018000000000108
0100000342016063100120000500000315360000000000050458000000000365818000000000108
0100000342016063100120001000000025740000000000004118000000000029858000000000108
0100000342016063100090000100000153383000000000000000000000000153383000000000109
0100000342016063100090000500000045045000000000007207000000000052252000000000109
0100000342016063100010000000000000000000000000000000000000000000000000000000112
0100000342016063100010000100000672728000000000000000000000000672728000000000112
0100000342016063100010000200000007200000000000001152000000000008352000000000112
0100000342016063100010000500000270720000000000043315000000000314035000000000112
0100000342016063100010001000000080190000000000012830000000000093020000000000112
0100000342016063100080000000000003780000000000000000000000000003780000000000114
0100000342016063100080000100002152058000000000000000000000002152058000000000114
0100000342016063100080000200000006840000000000001094000000000007934000000000114
0100000342016063100080000500000339660000000000054346000000000394006000000000114
0100000342016063100080001000000029250000000000004680000000000033930000000000114
0100000342016063100230000100000185288000000000000000000000000185288000000000116
0100000342016063100230000500000040320000000000006451000000000046771000000000116
0100000342016063100150000100000511380000000000000000000000000511380000000000127
0100000342016063100150000800000319500000000000000000000000000319500000000000127
0100000342016063100270000100001628303000000000000000000000001628303000000000129
0100000342016063100270000200000008910000000000001426000000000010336000000000129
0100000342016063100270000500000202995000000000032479000000000235474000000000129
0100000342016063100270001000000094725000000000015156000000000109881000000000129
0100000342016063100690000100000271193000000000000000000000000271193000000000193
0100000342016063100690000500000003600000000000000576000000000004176000000000193
0200000342016063100010000100000872348000000000000000000000000872348000000000201
0200000342016063100010000200000024075000000000003852000000000027927000000000201
0200000342016063100010000500000455580000000000072893000000000528473000000000201
0200000342016063100010001000000021240000000000003398000000000024638000000000201
0200000342016063100020000100000844448000000000000000000000000844448000000000202
0200000342016063100020000200000005400000000000000864000000000006264000000000202
0200000342016063100020000500000063495000000000010159000000000073654000000000202
0400000342016063100020000100003745678000000000000000000000003745678000000000403
0400000342016063100020000200000024978000000000003996000000000028974000000000403
0400000342016063100020000500000352477000000000056396000000000408874000000000403
0400000342016063100020000800000032459000000000000000000000000032459000000000403
0400000342016063100020001000000176173000000000028188000000000204361000000000403
0400000342016063100050000100002776784000000000000000000000002776784000000000409
0400000342016063100050000200000030613000000000004898000000000035511000000000409
0400000342016063100050000500000187721000000000030035000000000217756000000000409
0400000342016063100050000800000027664000000000000000000000000027664000000000409
0400000342016063100050001000000309089000000000049454000000000358543000000000409
0400000342016063100100000100004153481000000000000000000000004153481000000000412
0400000342016063100100000200000060274000000000009644000000000069917000000000412
0400000342016063100100000500000244530000000000039125000000000283655000000000412
0400000342016063100100000800000027664000000000000000000000000027664000000000412
0400000342016063100100001000000258787000000000041406000000000300193000000000412
1000000342016063100010000100000831803000000000000000000000000831803000000000501
1000000342016063100010000200000054000000000000008640000000000062640000000000501
1000000342016063100010000500000004500000000000000720000000000005220000000000501
1000000342016063100010000100000614903000000000000000000000000614903000000000504
1000000342016063100010000500000035190000000000005630000000000040820000000000504
1000000342016063100010001000000060300000000000009648000000000069948000000000504
1000000342016063100020000100000444668000000000000000000000000444668000000000511
1000000342016063100020000500000065340000000000010454000000000075794000000000511
1000000342016063100020001000000192600000000000030816000000000223416000000000511
1000000342016063100010000100000269213000000000000000000000000269213000000000552
1000000342016063100010000200000090000000000000014400000000000104400000000000552
1000000342016063100010000500000069840000000000011174000000000081014000000000552
1000000342016063100010001000000052650000000000008424000000000061074000000000552
1000000342016063100010000100000370103000000000000000000000000370103000000000806
1000000342016063100010000200000071100000000000011376000000000082476000000000806
1000000342016063100010000500000243315000000000038930000000000282245000000000806
1000000342016063100020000100000563063000000000000000000000000563063000000000812
1000000342016063100020000500000037620000000000006019000000000043639000000000812
1300000342016063100550000100002268923000000000000000000000002268923000000001108
1300000342016063100550000200000003881000000000000621000000000004502000000001108
1300000342016063100550000500000075099000000000012016000000000087115000000001108
1300000342016063100550000800000027049000000000000000000000000027049000000001108
1300000342016063100550001000000100550000000000016088000000000116638000000001108
1300000342016063100630000100001029494000000000000000000000001029494000000001126
1300000342016063100630000200000010197000000000001632000000000011829000000001126
1300000342016063100630000500000031226000000000004996000000000036222000000001126
1300000342016063100630000800000023053000000000000000000000000023053000000001126
1300000342016063100630001000000072219000000000011555000000000083774000000001126
0400000342016063100880000100000871151000000000000000000000000871151000000002001
0400000342016063100880000200000020353000000000003257000000000023610000000002001
0400000342016063100880000500000097590000000000015614000000000113204000000002001
0400000342016063100880000800000019039000000000000000000000000019039000000002001
0400000342016063100880001000000035460000000000005674000000000041134000000002001
0400000342016063100890000100002026796000000000000000000000002026796000000002003
0400000342016063100890000200000013380000000000002141000000000015521000000002003
0400000342016063100890000500000032244000000000005159000000000037403000000002003
0400000342016063100890000800000031406000000000000000000000000031406000000002003
0400000342016063100890001000000148499000000000023760000000000172259000000002003
0400000342016063100900000100002032049000000000000000000000002032049000000002004
0400000342016063100900000200000086957000000000013913000000000100870000000002004
0400000342016063100900000500000163498000000000026160000000000189657000000002004
0400000342016063100900000800000027664000000000000000000000000027664000000002004
0400000342016063100900001000000203957000000000032633000000000236590000000002004
0400000342016063100910000100002103700000000000000000000000002103700000000002005
0400000342016063100910000200000110582000000000017693000000000128276000000002005
0400000342016063100910000500000098785000000000015806000000000114591000000002005
0400000342016063100910000800000031406000000000000000000000000031406000000002005
0400000342016063100910001000000210728000000000033717000000000244445000000002005
0400000342016063100920000100003322360000000000000000000000003322360000000002006
0400000342016063100920000200000036166000000000005786000000000041952000000002006
0400000342016063100920000500000089725000000000014356000000000104081000000002006
0400000342016063100920000800000013940000000000000000000000000013940000000002006
0400000342016063100920001000000228092000000000036495000000000264587000000002006
0400000342016063100910000100003490321000000000000000000000003490321000000002009
0400000342016063100910000200000063503000000000010160000000000073663000000002009
0400000342016063100910000500000319358000000000051097000000000370456000000002009
0400000342016063100910000800000027664000000000000000000000000027664000000002009
0400000342016063100910001000000241879000000000038701000000000280580000000002009
0400000342016063100920000100000707281000000000000000000000000707281000000002010
0400000342016063100920000200000006600000000000001056000000000007656000000002010
0400000342016063100920000500000015734000000000002518000000000018252000000002010
0400000342016063100920000800000027664000000000000000000000000027664000000002010
0400000342016063100920001000000009752000000000001560000000000011313000000002010
0400000342016063100940000100002971889000000000000000000000002971889000000002011
0400000342016063100940000200000038244000000000006119000000000044363000000002011
0400000342016063100940000500000331447000000000053032000000000384479000000002011
0400000342016063100940000800000041604000000000000000000000000041604000000002011
0400000342016063100940001000000171864000000000027498000000000199362000000002011
0400000342016063100950000100002042219000000000000000000000002042219000000002012
0400000342016063100950000200000034356000000000005497000000000039853000000002012
0400000342016063100950000500000108588000000000017374000000000125962000000002012
0400000342016063100950000800000041604000000000000000000000000041604000000002012
0400000342016063100950001000000285582000000000045693000000000331275000000002012
0400000342016063100960000100003273224000000000000000000000003273224000000002013
0400000342016063100960000200000046118000000000007379000000000053497000000002013
0400000342016063100960000500000505729000000000080917000000000586646000000002013
0400000342016063100960000800000023834000000000000000000000000023834000000002013
0400000342016063100960001000000122969000000000019675000000000142644000000002013
0400000342016063100020000100001734017000000000000000000000001734017000000002018
0400000342016063100020000200000019301000000000003088000000000022389000000002018
0400000342016063100020000500000081583000000000013053000000000094637000000002018
0400000342016063100020000800000027881000000000000000000000000027881000000002018
0400000342016063100020001000000108978000000000017436000000000126414000000002018
0400000342016063100040000100000532219000000000000000000000000532219000000002020
0400000342016063100040000200000000876000000000000140000000000001016000000002020
0400000342016063100040000500000029742000000000004759000000000034501000000002020
0400000342016063100040000800000041604000000000000000000000000041604000000002020
0400000342016063100040001000000035980000000000005757000000000041736000000002020
0400000342016063100020000100005672756000000000000000000000005672756000000002024
0400000342016063100020000200000024298000000000003888000000000028185000000002024
0400000342016063100020000500000176849000000000028296000000000205145000000002024
0400000342016063100020000800000027664000000000000000000000000027664000000002024
0400000342016063100020001000000320875000000000051340000000000372215000000002024
0400000342016063100160000100002414864000000000000000000000002414864000000002025
0400000342016063100160000200000059611000000000009538000000000069149000000002025
0400000342016063100160000500000078174000000000012508000000000090682000000002025
0400000342016063100160000800000027664000000000000000000000000027664000000002025
0400000342016063100160001000000184289000000000029486000000000213775000000002025
0400000342016063100170000100005422859000000000000000000000005422859000000002026
0400000342016063100170000200000089404000000000014305000000000103708000000002026
0400000342016063100170000500000401342000000000064215000000000465557000000002026
0400000342016063100170000800000041387000000000000000000000000041387000000002026
0400000342016063100170001000000357809000000000057249000000000415058000000002026
0400000342016063100030000100004425052000000000000000000000004425052000000002027
0400000342016063100030000200000052322000000000008372000000000060694000000002027
0400000342016063100030000500000219044000000000035047000000000254092000000002027
0400000342016063100030000800000032762000000000000000000000000032762000000002027
0400000342016063100030001000000373448000000000059752000000000433200000000002027
0400000342016063100040000100003890893000000000000000000000003890893000000002028
0400000342016063100040000200000058002000000000009280000000000067282000000002028
0400000342016063100040000500000461432000000000073829000000000535262000000002028
0400000342016063100040000800000027664000000000000000000000000027664000000002028
0400000342016063100040001000000377800000000000060448000000000438248000000002028
0400000342016063100050000100002378570000000000000000000000002378570000000002029
0400000342016063100050000200000026530000000000004245000000000030774000000002029
0400000342016063100050000500000126150000000000020184000000000146334000000002029
0400000342016063100050000800000032762000000000000000000000000032762000000002029
0400000342016063100050001000000184606000000000029537000000000214142000000002029
0400000342016063100060000100002605931000000000000000000000002605931000000002030
0400000342016063100060000200000002453000000000000392000000000002845000000002030
0400000342016063100060000500000246527000000000039444000000000285971000000002030
0400000342016063100060000800000027664000000000000000000000000027664000000002030
0400000342016063100060001000000279733000000000044757000000000324491000000002030
0400000342016063100070000100002575640000000000000000000000002575640000000002031
0400000342016063100070000200000015184000000000002429000000000017613000000002031
0400000342016063100070000500000154537000000000024726000000000179263000000002031
0400000342016063100070000800000027664000000000000000000000000027664000000002031
0400000342016063100070001000000153757000000000024601000000000178358000000002031
0400000342016063100090000100003113398000000000000000000000003113398000000002033
0400000342016063100090000200000030215000000000004834000000000035049000000002033
0400000342016063100090000500000207268000000000033163000000000240430000000002033
0400000342016063100090000800000041604000000000000000000000000041604000000002033
0400000342016063100090001000000360982000000000057757000000000418739000000002033
0400000342016063100110000100005530403000000000000000000000005530403000000002035
0400000342016063100110000200000065378000000000010461000000000075839000000002035
0400000342016063100110000500000145393000000000023263000000000168656000000002035
0400000342016063100110000800000027664000000000000000000000000027664000000002035
0400000342016063100110001000000614568000000000098331000000000712899000000002035
0400000342016063100120000100010000058000000000000000000000010000058000000002036
0400000342016063100120000200000150508000000000024081000000000174589000000002036
0400000342016063100120000500000831187000000000132990000000000964177000000002036
0400000342016063100120000800000036505000000000000000000000000036505000000002036
0400000342016063100120001000000937684000000000150029000000001087713000000002036
0400000342016063100130000100002617654000000000000000000000002617654000000002037
0400000342016063100130000200000025098000000000004016000000000029114000000002037
0400000342016063100130000500000205663000000000032906000000000238569000000002037
0400000342016063100130000800000041604000000000000000000000000041604000000002037
0400000342016063100130001000000187680000000000030029000000000217709000000002037
0400000342016063100180000100003833080000000000000000000000003833080000000002038
0400000342016063100180000200000019519000000000003123000000000022642000000002038
0400000342016063100180000500000245496000000000039279000000000284775000000002038
0400000342016063100180000800000032762000000000000000000000000032762000000002038
0400000342016063100180001000000160379000000000025661000000000186039000000002038
0400000342016063100210000100003369760000000000000000000000003369760000000002041
0400000342016063100210000200000017867000000000002859000000000020725000000002041
0400000342016063100210000500000136027000000000021764000000000157792000000002041
0400000342016063100210000800000022782000000000000000000000000022782000000002041
0400000342016063100210001000000119546000000000019127000000000138674000000002041
0400000342016063100220000100007169646000000000000000000000007169646000000002042
0400000342016063100220000200000061801000000000009888000000000071689000000002042
0400000342016063100220000500000493117000000000078899000000000572016000000002042
0400000342016063100220000800000017683000000000000000000000000017683000000002042
0400000342016063100220001000000321498000000000051440000000000372938000000002042
0400000342016063100140000100003264540000000000000000000000003264540000000002043
0400000342016063100140000200000052853000000000008456000000000061309000000002043
0400000342016063100140000500000302843000000000048455000000000351298000000002043
0400000342016063100140000800000041604000000000000000000000000041604000000002043
0400000342016063100140001000000236216000000000037795000000000274011000000002043
0400000342016063100150000100003651004000000000000000000000003651004000000002044
0400000342016063100150000200000027720000000000004435000000000032155000000002044
0400000342016063100150000500000105892000000000016943000000000122834000000002044
0400000342016063100150000800000036505000000000000000000000000036505000000002044
0400000342016063100150001000000351029000000000056165000000000407193000000002044
0400000342016063100230000100002410372000000000000000000000002410372000000002045
0400000342016063100230000200000019500000000000003120000000000022620000000002045
0400000342016063100230000500000201288000000000032206000000000233494000000002045
0400000342016063100230000800000032762000000000000000000000000032762000000002045
0400000342016063100230001000000116203000000000018593000000000134796000000002045
0400000342016063100160000100007351744000000000000000000000007351744000000002046
0400000342016063100160000200000067708000000000010833000000000078541000000002046
0400000342016063100160000500000280171000000000044827000000000324999000000002046
0400000342016063100160000800000027664000000000000000000000000027664000000002046
0400000342016063100160001000000562460000000000089994000000000652454000000002046
0400000342016063100240000100002151154000000000000000000000002151154000000002048
0400000342016063100240000200000034536000000000005526000000000040062000000002048
0400000342016063100240000500000228947000000000036631000000000265578000000002048
0400000342016063100240000800000027664000000000000000000000000027664000000002048
0400000342016063100240001000000166336000000000026614000000000192949000000002048
0400000342016063100250000100004886677000000000000000000000004886677000000002049
0400000342016063100250000200000035758000000000005721000000000041479000000002049
0400000342016063100250000500000371252000000000059400000000000430653000000002049
0400000342016063100250000800000031406000000000000000000000000031406000000002049
0400000342016063100250001000000251963000000000040314000000000292277000000002049
0400000342016063100180000100003210211000000000000000000000003210211000000002050
0400000342016063100180000200000027457000000000004393000000000031850000000002050
0400000342016063100180000500000233147000000000037303000000000270450000000002050
0400000342016063100180000800000013940000000000000000000000000013940000000002050
0400000342016063100180001000000974058000000000155849000000001129907000000002050
0400000342016063100260000100006429268000000000000000000000006429268000000002051
0400000342016063100260000200000046339000000000007414000000000053753000000002051
0400000342016063100260000500001132019000000000181123000000001313142000000002051
0400000342016063100260000800000041387000000000000000000000000041387000000002051
0400000342016063100260001000000411392000000000065823000000000477215000000002051
0400000342016063100190000100015076274000000000000000000000015076274000000002052
0400000342016063100190000200000066232000000000010597000000000076829000000002052
0400000342016063100190000500000638096000000000102095000000000740192000000002052
0400000342016063100190000800000031406000000000000000000000000031406000000002052
0400000342016063100190001000001955681000000000312909000000002268590000000002052
0400000342016063100270000100003484241000000000000000000000003484241000000002053
0400000342016063100270000200000032561000000000005210000000000037771000000002053
0400000342016063100270000500000249221000000000039875000000000289096000000002053
0400000342016063100270000800000013940000000000000000000000000013940000000002053
0400000342016063100270001000000157297000000000025168000000000182465000000002053
0400000342016063100280000100001660964000000000000000000000001660964000000002054
0400000342016063100280000200000031763000000000005082000000000036845000000002054
0400000342016063100280000500000215740000000000034518000000000250258000000002054
0400000342016063100280000800000032762000000000000000000000000032762000000002054
0400000342016063100280001000000157756000000000025241000000000182996000000002054
0400000342016063100290000100003925456000000000000000000000003925456000000002055
0400000342016063100290000200000056208000000000008993000000000065201000000002055
0400000342016063100290000500000233491000000000037359000000000270850000000002055
0400000342016063100290000800000032762000000000000000000000000032762000000002055
0400000342016063100290001000000281011000000000044962000000000325973000000002055
0400000342016063100200000100004334668000000000000000000000004334668000000002056
0400000342016063100200000200000014929000000000002389000000000017318000000002056
0400000342016063100200000500000248551000000000039768000000000288319000000002056
0400000342016063100200000800000041604000000000000000000000000041604000000002056
0400000342016063100200001000000377902000000000060464000000000438366000000002056
0400000342016063100210000100002507711000000000000000000000002507711000000002057
0400000342016063100210000200000006517000000000001043000000000007560000000002057
0400000342016063100210000500000085696000000000013711000000000099407000000002057
0400000342016063100210000800000031406000000000000000000000000031406000000002057
0400000342016063100210001000000465586000000000074494000000000540079000000002057
0400000342016063100300000100004166514000000000000000000000004166514000000002058
0400000342016063100300000200000059172000000000009468000000000068640000000002058
0400000342016063100300000500000208369000000000033339000000000241708000000002058
0400000342016063100300000800000042960000000000000000000000000042960000000002058
0400000342016063100300001000000115640000000000018502000000000134143000000002058
0400000342016063100220000100002682070000000000000000000000002682070000000002059
0400000342016063100220000200000026888000000000004302000000000031191000000002059
0400000342016063100220000500000144750000000000023160000000000167910000000002059
0400000342016063100220000800000027664000000000000000000000000027664000000002059
0400000342016063100220001000000284286000000000045486000000000329772000000002059
0400000342016063100230000100002524860000000000000000000000002524860000000002062
0400000342016063100230000200000046810000000000007490000000000054299000000002062
0400000342016063100230000500000165008000000000026401000000000191410000000002062
0400000342016063100230000800000031624000000000000000000000000031624000000002062
0400000342016063100230001000000255442000000000040871000000000296312000000002062
0400000342016063100240000100004318792000000000000000000000004318792000000002063
0400000342016063100240000200000037584000000000006013000000000043597000000002063
0400000342016063100240000500000324433000000000051909000000000376343000000002063
0400000342016063100240000800000032762000000000000000000000000032762000000002063
0400000342016063100240001000000335798000000000053728000000000389526000000002063
0400000342016063100340000100005609705000000000000000000000005609705000000002066
0400000342016063100340000200000064241000000000010279000000000074519000000002066
0400000342016063100340000500000306448000000000049032000000000355479000000002066
0400000342016063100340000800000027664000000000000000000000000027664000000002066
0400000342016063100340001000000323573000000000051772000000000375344000000002066
0400000342016063100270000100004394908000000000000000000000004394908000000002068
0400000342016063100270000200000020876000000000003340000000000024217000000002068
0400000342016063100270000500000173762000000000027802000000000201564000000002068
0400000342016063100270000800000027664000000000000000000000000027664000000002068
0400000342016063100270001000000322037000000000051526000000000373563000000002068
0400000342016063100280000100002918908000000000000000000000002918908000000002069
0400000342016063100280000200000015883000000000002541000000000018425000000002069
0400000342016063100280000500000165012000000000026402000000000191414000000002069
0400000342016063100280000800000027664000000000000000000000000027664000000002069
0400000342016063100280001000000148936000000000023830000000000172765000000002069
0400000342016063100300000100012187804000000000000000000000012187804000000002071
0400000342016063100300000200000053374000000000008540000000000061913000000002071
0400000342016063100300000500000670016000000000107203000000000777219000000002071
0400000342016063100300000800000031406000000000000000000000000031406000000002071
0400000342016063100300001000000967793000000000154847000000001122640000000002071
0400000342016063100310000100007400003000000000000000000000007400003000000002072
0400000342016063100310000200000054077000000000008652000000000062729000000002072
0400000342016063100310000500000907158000000000145145000000001052303000000002072
0400000342016063100310000800000031406000000000000000000000000031406000000002072
0400000342016063100310001000000857746000000000137239000000000994985000000002072
0400000342016063100350000100003692580000000000000000000000003692580000000002073
0400000342016063100350000200000022362000000000003578000000000025940000000002073
0400000342016063100350000500000274366000000000043898000000000318264000000002073
0400000342016063100350000800000013940000000000000000000000000013940000000002073
0400000342016063100350001000000158986000000000025438000000000184423000000002073
0400000342016063100330000100003063582000000000000000000000003063582000000002075
0400000342016063100330000200000013613000000000002178000000000015791000000002075
0400000342016063100330000500000268346000000000042935000000000311282000000002075
0400000342016063100330000800000036505000000000000000000000000036505000000002075
0400000342016063100330001000000141796000000000022687000000000164483000000002075
0400000342016063100340000100001696553000000000000000000000001696553000000002076
0400000342016063100340000200000007985000000000001278000000000009262000000002076
0400000342016063100340000500000069028000000000011044000000000080072000000002076
0400000342016063100340000800000064386000000000000000000000000064386000000002076
0400000342016063100340001000000040042000000000006407000000000046448000000002076
0400000342016063100350000100001416646000000000000000000000001416646000000002077
0400000342016063100350000200000011525000000000001844000000000013369000000002077
0400000342016063100350000500000143489000000000022958000000000166447000000002077
0400000342016063100350000800000055327000000000000000000000000055327000000002077
0400000342016063100350001000000080872000000000012939000000000093811000000002077
0400000342016063100360000100005836490000000000000000000000005836490000000002078
0400000342016063100360000200000068548000000000010968000000000079515000000002078
0400000342016063100360000500000069121000000000011059000000000080181000000002078
0400000342016063100360000800000027664000000000000000000000000027664000000002078
0400000342016063100360001000000366991000000000058719000000000425710000000002078
0400000342016063100370000100002428036000000000000000000000002428036000000002079
0400000342016063100370000200000006557000000000001049000000000007606000000002079
0400000342016063100370000500000057427000000000009188000000000066616000000002079
0400000342016063100370000800000037861000000000000000000000000037861000000002079
0400000342016063100370001000000123756000000000019801000000000143557000000002079
0400000342016063100380000100002279104000000000000000000000002279104000000002080
0400000342016063100380000200000081451000000000013032000000000094483000000002080
0400000342016063100380000500000073985000000000011838000000000085822000000002080
0400000342016063100380000800000027664000000000000000000000000027664000000002080
0400000342016063100380001000000077486000000000012398000000000089884000000002080
0400000342016063100390000100000646882000000000000000000000000646882000000002081
0400000342016063100390000200000003000000000000000480000000000003480000000002081
0400000342016063100390000500000029524000000000004724000000000034247000000002081
0400000342016063100390000800000027664000000000000000000000000027664000000002081
0400000342016063100390001000000069914000000000011186000000000081101000000002081
0400000342016063100400000100002485831000000000000000000000002485831000000002082
0400000342016063100400000200000025450000000000004072000000000029522000000002082
0400000342016063100400000500000292644000000000046823000000000339467000000002082
0400000342016063100400000800000041604000000000000000000000000041604000000002082
0400000342016063100400001000000187955000000000030073000000000218028000000002082
0400000342016063100420000100003261682000000000000000000000003261682000000002084
0400000342016063100420000200000037489000000000005998000000000043487000000002084
0400000342016063100420000500000346753000000000055481000000000402234000000002084
0400000342016063100420000800000027664000000000000000000000000027664000000002084
0400000342016063100420001000000407110000000000065138000000000472247000000002084
0400000342016063100430000100001492114000000000000000000000001492114000000002085
0400000342016063100430000200000007993000000000001279000000000009272000000002085
0400000342016063100430000500000087762000000000014042000000000101804000000002085
0400000342016063100430000800000031406000000000000000000000000031406000000002085
0400000342016063100430001000000075272000000000012044000000000087316000000002085
0400000342016063100360000100003698455000000000000000000000003698455000000002086
0400000342016063100360000200000053459000000000008553000000000062012000000002086
0400000342016063100360000500000170165000000000027226000000000197391000000002086
0400000342016063100360000800000031406000000000000000000000000031406000000002086
0400000342016063100360001000000341047000000000054568000000000395615000000002086
0400000342016063100450000100004644850000000000000000000000004644850000000002088
0400000342016063100450000200000017856000000000002857000000000020713000000002088
0400000342016063100450000500000206017000000000032963000000000238980000000002088
0400000342016063100450000800000048276000000000000000000000000048276000000002088
0400000342016063100450001000000388110000000000062098000000000450208000000002088
0400000342016063100490000100006505058000000000000000000000006505058000000002092
0400000342016063100490000200000037410000000000005986000000000043396000000002092
0400000342016063100490000500000302100000000000048336000000000350436000000002092
0400000342016063100490000800000031406000000000000000000000000031406000000002092
0400000342016063100490001000000537833000000000086053000000000623886000000002092
0400000342016063100370000100004996987000000000000000000000004996987000000002094
0400000342016063100370000200000018881000000000003021000000000021902000000002094
0400000342016063100370000500000219776000000000035164000000000254941000000002094
0400000342016063100370000800000027664000000000000000000000000027664000000002094
0400000342016063100370001000000263232000000000042117000000000305349000000002094
0400000342016063100380000100003367571000000000000000000000003367571000000002095
0400000342016063100380000200000020610000000000003298000000000023908000000002095
0400000342016063100380000500000258920000000000041427000000000300348000000002095
0400000342016063100380000800000027664000000000000000000000000027664000000002095
0400000342016063100380001000000105293000000000016847000000000122140000000002095
0400000342016063100520000100005074235000000000000000000000005074235000000002097
0400000342016063100520000200000025140000000000004022000000000029162000000002097
0400000342016063100520000500000186146000000000029783000000000215930000000002097
0400000342016063100520000800000041604000000000000000000000000041604000000002097
0400000342016063100520001000000523729000000000083797000000000607526000000002097
0400000342016063100530000100006367644000000000000000000000006367644000000002098
0400000342016063100530000200000061008000000000009761000000000070769000000002098
0400000342016063100530000500000289120000000000046259000000000335379000000002098
0400000342016063100530000800000041604000000000000000000000000041604000000002098
0400000342016063100530001000000805885000000000128942000000000934827000000002098
0400000342016063100540000100003319816000000000000000000000003319816000000002099
0400000342016063100540000200000018737000000000002998000000000021735000000002099
0400000342016063100540000500000146099000000000023376000000000169475000000002099
0400000342016063100540000800000041604000000000000000000000000041604000000002099
0400000342016063100540001000000348832000000000055813000000000404645000000002099
0400000342016063100550000100003018856000000000000000000000003018856000000002100
0400000342016063100550000200000015756000000000002521000000000018277000000002100
0400000342016063100550000500000198194000000000031711000000000229906000000002100
0400000342016063100550000800000041604000000000000000000000000041604000000002100
0400000342016063100550001000000180320000000000028851000000000209172000000002100
0400000342016063100560000100004404372000000000000000000000004404372000000002101
0400000342016063100560000200000021925000000000003508000000000025433000000002101
0400000342016063100560000500000289074000000000046252000000000335326000000002101
0400000342016063100560000800000045347000000000000000000000000045347000000002101
0400000342016063100560001000000297918000000000047667000000000345585000000002101
0400000342016063100570000100002316472000000000000000000000002316472000000002102
0400000342016063100570000200000035207000000000005633000000000040840000000002102
0400000342016063100570000500000205762000000000032922000000000238683000000002102
0400000342016063100570000800000019039000000000000000000000000019039000000002102
0400000342016063100570001000000190014000000000030402000000000220416000000002102
0400000342016063100580000100003182221000000000000000000000003182221000000002103
0400000342016063100580000200000027847000000000004456000000000032303000000002103
0400000342016063100580000500000168192000000000026911000000000195103000000002103
0400000342016063100580000800000041604000000000000000000000000041604000000002103
0400000342016063100580001000000158567000000000025371000000000183937000000002103
0400000342016063100590000100001725548000000000000000000000001725548000000002105
0400000342016063100590000200000006005000000000000961000000000006966000000002105
0400000342016063100590000500000181446000000000029031000000000210477000000002105
0400000342016063100590000800000017466000000000000000000000000017466000000002105
0400000342016063100590001000000024652000000000003944000000000028596000000002105
0400000342016063100410000100005413602000000000000000000000005413602000000002108
0400000342016063100410000200000056632000000000009061000000000065693000000002108
0400000342016063100410000500000404670000000000064747000000000469417000000002108
0400000342016063100410000800000037861000000000000000000000000037861000000002108
0400000342016063100410001000000768130000000000122901000000000891030000000002108
0400000342016063100420000100004816972000000000000000000000004816972000000002109
0400000342016063100420000200000026340000000000004214000000000030554000000002109
0400000342016063100420000500000291398000000000046624000000000338022000000002109
0400000342016063100420000800000031406000000000000000000000000031406000000002109
0400000342016063100420001000000228136000000000036502000000000264637000000002109
0400000342016063100430000100006621817000000000000000000000006621817000000002110
0400000342016063100430000200000061663000000000009866000000000071529000000002110
0400000342016063100430000500000246020000000000039363000000000285384000000002110
0400000342016063100430000800000027664000000000000000000000000027664000000002110
0400000342016063100430001000000274960000000000043994000000000318953000000002110
0400000342016063100620000100000915517000000000000000000000000915517000000002112
0400000342016063100620000200000001800000000000000288000000000002088000000002112
0400000342016063100620000500000046069000000000007371000000000053440000000002112
0400000342016063100620000800000027664000000000000000000000000027664000000002112
0400000342016063100620001000000070772000000000011324000000000082096000000002112
0400000342016063100660000100004847046000000000000000000000004847046000000002116
0400000342016063100660000200000013541000000000002167000000000015707000000002116
0400000342016063100660000500000191519000000000030643000000000222162000000002116
0400000342016063100660000800000027664000000000000000000000000027664000000002116
0400000342016063100660001000000322612000000000051618000000000374229000000002116
0400000342016063100440000100003563249000000000000000000000003563249000000002117
0400000342016063100440000200000028129000000000004501000000000032630000000002117
0400000342016063100440000500000216342000000000034615000000000250957000000002117
0400000342016063100440000800000032459000000000000000000000000032459000000002117
0400000342016063100440001000000215400000000000034464000000000249864000000002117
0400000342016063100450000100003323832000000000000000000000003323832000000002118
0400000342016063100450000200000022372000000000003579000000000025951000000002118
0400000342016063100450000500000126581000000000020253000000000146834000000002118
0400000342016063100450000800000036202000000000000000000000000036202000000002118
0400000342016063100450001000000407897000000000065263000000000473160000000002118
0400000342016063100670000100003800915000000000000000000000003800915000000002119
0400000342016063100670000200000041567000000000006651000000000048217000000002119
0400000342016063100670000500000207984000000000033277000000000241261000000002119
0400000342016063100670000800000040248000000000000000000000000040248000000002119
0400000342016063100670001000000404923000000000064788000000000469711000000002119
0400000342016063100470000100003074209000000000000000000000003074209000000002121
0400000342016063100470000200000055612000000000008898000000000064509000000002121
0400000342016063100470000500000240090000000000038414000000000278504000000002121
0400000342016063100470000800000027664000000000000000000000000027664000000002121
0400000342016063100470001000000167413000000000026786000000000194199000000002121
0400000342016063100680000100003240863000000000000000000000003240863000000002122
0400000342016063100680000200000040138000000000006422000000000046560000000002122
0400000342016063100680000500000121729000000000019477000000000141206000000002122
0400000342016063100680000800000032762000000000000000000000000032762000000002122
0400000342016063100680001000000201179000000000032189000000000233367000000002122
0400000342016063100480000100003972763000000000000000000000003972763000000002124
0400000342016063100480000200000053748000000000008600000000000062348000000002124
0400000342016063100480000500000334163000000000053466000000000387629000000002124
0400000342016063100480000800000027664000000000000000000000000027664000000002124
0400000342016063100480001000000317344000000000050775000000000368119000000002124
0400000342016063100490000100002129953000000000000000000000002129953000000002125
0400000342016063100490000200000072036000000000011526000000000083562000000002125
0400000342016063100490000500000180568000000000028891000000000209458000000002125
0400000342016063100490000800000032762000000000000000000000000032762000000002125
0400000342016063100490001000000138666000000000022187000000000160853000000002125
0400000342016063100500000100003384302000000000000000000000003384302000000002126
0400000342016063100500000200000016510000000000002642000000000019151000000002126
0400000342016063100500000500000172535000000000027606000000000200140000000002126
0400000342016063100500000800000055327000000000000000000000000055327000000002126
0400000342016063100500001000000188693000000000030191000000000218884000000002126
0400000342016063100700000100001456310000000000000000000000001456310000000002127
0400000342016063100700000200000010265000000000001642000000000011907000000002127
0400000342016063100700000500000105452000000000016872000000000122325000000002127
0400000342016063100700000800000041387000000000000000000000000041387000000002127
0400000342016063100700001000000056707000000000009073000000000065780000000002127
0400000342016063100710000100002305523000000000000000000000002305523000000002128
0400000342016063100710000200000008600000000000001376000000000009976000000002128
0400000342016063100710000500000062351000000000009976000000000072327000000002128
0400000342016063100710000800000027664000000000000000000000000027664000000002128
0400000342016063100710001000000136524000000000021844000000000158368000000002128
0400000342016063100510000100003167885000000000000000000000003167885000000002129
0400000342016063100510000200000043138000000000006902000000000050040000000002129
0400000342016063100510000500000257256000000000041161000000000298417000000002129
0400000342016063100510000800000027664000000000000000000000000027664000000002129
0400000342016063100510001000000089023000000000014244000000000103267000000002129
0400000342016063100520000100004383281000000000000000000000004383281000000002130
0400000342016063100520000200000037814000000000006050000000000043865000000002130
0400000342016063100520000500000328541000000000052567000000000381107000000002130
0400000342016063100520000800000036505000000000000000000000000036505000000002130
0400000342016063100520001000000184868000000000029579000000000214447000000002130
0400000342016063100720000100001886687000000000000000000000001886687000000002132
0400000342016063100720000200000005940000000000000950000000000006890000000002132
0400000342016063100720000500000077035000000000012326000000000089361000000002132
0400000342016063100720000800000041604000000000000000000000000041604000000002132
0400000342016063100720001000000081602000000000013056000000000094659000000002132
0400000342016063100550000100002516134000000000000000000000002516134000000002134
0400000342016063100550000200000015012000000000002402000000000017414000000002134
0400000342016063100550000500000141026000000000022564000000000163591000000002134
0400000342016063100550000800000027664000000000000000000000000027664000000002134
0400000342016063100550001000000136482000000000021837000000000158319000000002134
0400000342016063100560000100001640970000000000000000000000001640970000000002136
0400000342016063100560000200000023792000000000003807000000000027599000000002136
0400000342016063100560000500000172451000000000027592000000000200043000000002136
0400000342016063100560000800000013940000000000000000000000000013940000000002136
0400000342016063100560001000000071842000000000011495000000000083336000000002136
0400000342016063100570000100002914408000000000000000000000002914408000000002137
0400000342016063100570000200000020014000000000003202000000000023216000000002137
0400000342016063100570000500000118580000000000018973000000000137553000000002137
0400000342016063100570000800000013940000000000000000000000000013940000000002137
0400000342016063100570001000000097075000000000015532000000000112607000000002137
0400000342016063100580000100004153606000000000000000000000004153606000000002138
0400000342016063100580000200000097360000000000015578000000000112937000000002138
0400000342016063100580000500000314846000000000050375000000000365222000000002138
0400000342016063100580000800000031406000000000000000000000000031406000000002138
0400000342016063100580001000000203579000000000032573000000000236151000000002138
0400000342016063100590000100002899778000000000000000000000002899778000000002139
0400000342016063100590000200000015125000000000002420000000000017545000000002139
0400000342016063100590000500000134110000000000021458000000000155567000000002139
0400000342016063100590000800000027664000000000000000000000000027664000000002139
0400000342016063100590001000000164194000000000026271000000000190465000000002139
0400000342016063100600000100002854810000000000000000000000002854810000000002140
0400000342016063100600000200000012397000000000001984000000000014381000000002140
0400000342016063100600000500000231497000000000037039000000000268536000000002140
0400000342016063100600000800000031406000000000000000000000000031406000000002140
0400000342016063100600001000000209926000000000033588000000000243514000000002140
0400000342016063100610000100001297607000000000000000000000001297607000000002142
0400000342016063100610000200000021012000000000003362000000000024374000000002142
0400000342016063100610000500000099704000000000015953000000000115657000000002142
0400000342016063100610000800000032762000000000000000000000000032762000000002142
0400000342016063100610001000000068782000000000011005000000000079787000000002142
0400000342016063100620000100008037014000000000000000000000008037014000000002143
0400000342016063100620000200000094434000000000015109000000000109543000000002143
0400000342016063100620000500000198820000000000031811000000000230631000000002143
0400000342016063100620000800000041604000000000000000000000000041604000000002143
0400000342016063100620001000000952780000000000152445000000001105224000000002143
0400000342016063100630000100002023712000000000000000000000002023712000000002144
0400000342016063100630000200000008028000000000001284000000000009312000000002144
0400000342016063100630000500000099954000000000015993000000000115947000000002144
0400000342016063100630000800000027664000000000000000000000000027664000000002144
0400000342016063100630001000000050711000000000008114000000000058825000000002144
0400000342016063100640000100001293908000000000000000000000001293908000000002145
0400000342016063100640000200000015158000000000002425000000000017584000000002145
0400000342016063100640000500001225510000000000196082000000001421591000000002145
0400000342016063100640000800000027664000000000000000000000000027664000000002145
0400000342016063100640001000000118788000000000019006000000000137794000000002145
0400000342016063100650000100002611486000000000000000000000002611486000000002146
0400000342016063100650000200000028294000000000004527000000000032821000000002146
0400000342016063100650000500000227898000000000036464000000000264362000000002146
0400000342016063100650000800000032459000000000000000000000000032459000000002146
0400000342016063100650001000000171426000000000027428000000000198854000000002146
0400000342016063100750000100004015519000000000000000000000004015519000000002147
0400000342016063100750000200000016913000000000002706000000000019619000000002147
0400000342016063100750000500000129922000000000020787000000000150709000000002147
0400000342016063100750000800000031406000000000000000000000000031406000000002147
0400000342016063100750001000000431804000000000069089000000000500893000000002147
0400000342016063100660000100002916181000000000000000000000002916181000000002148
0400000342016063100660000200000006445000000000001031000000000007476000000002148
0400000342016063100660000500000165150000000000026424000000000191574000000002148
0400000342016063100660000800000031406000000000000000000000000031406000000002148
0400000342016063100660001000000132073000000000021132000000000153205000000002148
0400000342016063100670000100005737386000000000000000000000005737386000000002149
0400000342016063100670000200000099400000000000015904000000000115304000000002149
0400000342016063100670000500000266908000000000042705000000000309613000000002149
0400000342016063100670000800000032762000000000000000000000000032762000000002149
0400000342016063100670001000000580782000000000092925000000000673707000000002149
0400000342016063100760000100003619002000000000000000000000003619002000000002150
0400000342016063100760000200000028843000000000004615000000000033458000000002150
0400000342016063100760000500000186353000000000029816000000000216169000000002150
0400000342016063100760000800000027664000000000000000000000000027664000000002150
0400000342016063100760001000000197005000000000031521000000000228526000000002150
0400000342016063100770000100001897486000000000000000000000001897486000000002151
0400000342016063100770000200000037172000000000005948000000000043120000000002151
0400000342016063100770000500000108886000000000017422000000000126307000000002151
0400000342016063100770000800000041604000000000000000000000000041604000000002151
0400000342016063100770001000000114713000000000018354000000000133067000000002151
0400000342016063100680000100004981037000000000000000000000004981037000000002152
0400000342016063100680000200000068527000000000010964000000000079492000000002152
0400000342016063100680000500000333826000000000053412000000000387238000000002152
0400000342016063100680000800000037558000000000000000000000000037558000000002152
0400000342016063100680001000000462466000000000073994000000000536460000000002152
0400000342016063100690000100002526877000000000000000000000002526877000000002153
0400000342016063100690000200000022714000000000003634000000000026348000000002153
0400000342016063100690000500000213313000000000034130000000000247443000000002153
0400000342016063100690000800000018736000000000000000000000000018736000000002153
0400000342016063100690001000000139018000000000022243000000000161260000000002153
0400000342016063100700000100004829734000000000000000000000004829734000000002154
0400000342016063100700000200000039578000000000006333000000000045911000000002154
0400000342016063100700000500000351877000000000056300000000000408178000000002154
0400000342016063100700000800000027664000000000000000000000000027664000000002154
0400000342016063100700001000000385420000000000061667000000000447087000000002154
0400000342016063100800000100003573395000000000000000000000003573395000000002157
0400000342016063100800000200000026694000000000004271000000000030965000000002157
0400000342016063100800000500000214208000000000034273000000000248482000000002157
0400000342016063100800000800000041604000000000000000000000000041604000000002157
0400000342016063100800001000000229958000000000036793000000000266752000000002157
0400000342016063100810000100001932827000000000000000000000001932827000000002158
0400000342016063100810000200000010328000000000001653000000000011981000000002158
0400000342016063100810000500000082435000000000013190000000000095625000000002158
0400000342016063100810000800000032762000000000000000000000000032762000000002158
0400000342016063100810001000000226595000000000036255000000000262850000000002158
0400000342016063100820000100001612903000000000000000000000001612903000000002159
0400000342016063100820000200000010765000000000001722000000000012488000000002159
0400000342016063100820000500000055058000000000008809000000000063868000000002159
0400000342016063100820000800000027664000000000000000000000000027664000000002159
0400000342016063100820001000000205168000000000032827000000000237994000000002159
0400000342016063100840000100001426265000000000000000000000001426265000000002162
0400000342016063100840000200000009341000000000001495000000000010835000000002162
0400000342016063100840000500000143548000000000022968000000000166515000000002162
0400000342016063100840000800000041387000000000000000000000000041387000000002162
0400000342016063100840001000000042431000000000006789000000000049220000000002162
0400000342016063100720000100002671984000000000000000000000002671984000000002163
0400000342016063100720000200000022536000000000003606000000000026142000000002163
0400000342016063100720000500000167665000000000026826000000000194492000000002163
0400000342016063100720000800000032762000000000000000000000000032762000000002163
0400000342016063100720001000000243970000000000039035000000000283005000000002163
0400000342016063100730000100003707686000000000000000000000003707686000000002164
0400000342016063100730000200000094160000000000015066000000000109226000000002164
0400000342016063100730000500000238781000000000038205000000000276986000000002164
0400000342016063100730000800000027664000000000000000000000000027664000000002164
0400000342016063100730001000000243151000000000038904000000000282055000000002164
0400000342016063100740000100009666070000000000000000000000009666070000000002165
0400000342016063100740000200000174899000000000027984000000000202883000000002165
0400000342016063100740000500001381922000000000221108000000001603030000000002165
0400000342016063100740000800000051802000000000000000000000000051802000000002165
0400000342016063100740001000000688055000000000110089000000000798144000000002165
0400000342016063100750000100001087878000000000000000000000001087878000000002166
0400000342016063100750000200000025104000000000004017000000000029121000000002166
0400000342016063100750000500000105592000000000016895000000000122486000000002166
0400000342016063100750000800000027664000000000000000000000000027664000000002166
0400000342016063100750001000000040686000000000006510000000000047196000000002166
0400000342016063100760000100002717804000000000000000000000002717804000000002167
0400000342016063100760000200000019290000000000003086000000000022376000000002167
0400000342016063100760000500000135427000000000021668000000000157096000000002167
0400000342016063100760000800000027664000000000000000000000000027664000000002167
0400000342016063100760001000000200440000000000032070000000000232510000000002167
0400000342016063100770000100002109509000000000000000000000002109509000000002168
0400000342016063100770000200000024368000000000003899000000000028267000000002168
0400000342016063100770000500000216049000000000034568000000000250617000000002168
0400000342016063100770000800000027664000000000000000000000000027664000000002168
0400000342016063100770001000000103364000000000016538000000000119903000000002168
0400000342016063100860000100002056835000000000000000000000002056835000000002170
0400000342016063100860000200000028853000000000004616000000000033469000000002170
0400000342016063100860000500000133487000000000021358000000000154845000000002170
0400000342016063100860000800000027664000000000000000000000000027664000000002170
0400000342016063100860001000000038192000000000006111000000000044303000000002170
0400000342016063100780000100004450576000000000000000000000004450576000000002171
0400000342016063100780000200000047413000000000007586000000000054999000000002171
0400000342016063100780000500000321845000000000051495000000000373340000000002171
0400000342016063100780000800000032762000000000000000000000000032762000000002171
0400000342016063100780001000000342481000000000054797000000000397278000000002171
0400000342016063100870000100003442384000000000000000000000003442384000000002173
0400000342016063100870000200000016042000000000002567000000000018608000000002173
0400000342016063100870000500000253676000000000040588000000000294265000000002173
0400000342016063100870000800000041604000000000000000000000000041604000000002173
0400000342016063100870001000000264526000000000042324000000000306850000000002173
0400000342016063100800000100002921870000000000000000000000002921870000000002174
0400000342016063100800000200000038678000000000006189000000000044867000000002174
0400000342016063100800000500000282456000000000045193000000000327649000000002174
0400000342016063100800000800000027664000000000000000000000000027664000000002174
0400000342016063100800001000000123070000000000019691000000000142761000000002174
0400000342016063100810000100002634918000000000000000000000002634918000000002175
0400000342016063100810000200000033354000000000005337000000000038691000000002175
0400000342016063100810000500000199472000000000031916000000000231388000000002175
0400000342016063100810000800000032762000000000000000000000000032762000000002175
0400000342016063100810001000000129557000000000020729000000000150286000000002175
0400000342016063100840000100004152061000000000000000000000004152061000000002178
0400000342016063100840000200000030586000000000004894000000000035479000000002178
0400000342016063100840000500000309138000000000049462000000000358600000000002178
0400000342016063100840000800000032762000000000000000000000000032762000000002178
0400000342016063100840001000000301318000000000048211000000000349528000000002178
0400000342016063100850000100006605042000000000000000000000006605042000000002179
0400000342016063100850000200000074417000000000011907000000000086323000000002179
0400000342016063100850000500000926516000000000148243000000001074759000000002179
0400000342016063100850000800000027664000000000000000000000000027664000000002179
0400000342016063100850001000000911096000000000145775000000001056872000000002179
0400000342016063100080000100005447756000000000000000000000005447756000000002184
0400000342016063100080000200000034934000000000005590000000000040524000000002184
0400000342016063100080000500000319034000000000051046000000000370080000000002184
0400000342016063100080000800000032762000000000000000000000000032762000000002184
0400000342016063100080001000000610268000000000097643000000000707911000000002184
0400000342016063100090000100004078708000000000000000000000004078708000000002185
0400000342016063100090000200000086798000000000013888000000000100686000000002185
0400000342016063100090000500000604940000000000096790000000000701731000000002185
0400000342016063100090000800000055544000000000000000000000000055544000000002185
0400000342016063100090001000000296362000000000047418000000000343779000000002185
0400000342016063100940000100001236900000000000000000000000001236900000000002186
0400000342016063100940000200000014148000000000002264000000000016412000000002186
0400000342016063100940000500000118532000000000018965000000000137498000000002186
0400000342016063100940000800000027664000000000000000000000000027664000000002186
0400000342016063100940001000000039700000000000006352000000000046052000000002186
0400000342016063100100000100000545216000000000000000000000000545216000000002187
0400000342016063100100000500000003481000000000000557000000000004038000000002187
0400000342016063100100000800000027664000000000000000000000000027664000000002187
0400000342016063100100001000000008520000000000001363000000000009883000000002187
0400000342016063100110000100000232889000000000000000000000000232889000000002188
0400000342016063100110000500000002827000000000000452000000000003280000000002188
0400000342016063100110000800000027664000000000000000000000000027664000000002188
0400000342016063100110001000000003096000000000000495000000000003591000000002188
0400000342016063100120000100001893880000000000000000000000001893880000000002189
0400000342016063100120000200000195564000000000031290000000000226854000000002189
0400000342016063100120000500000045470000000000007275000000000052746000000002189
0400000342016063100120000800000032676000000000000000000000000032676000000002189
0400000342016063100120001000000425498000000000068080000000000493578000000002189
0400000342016063100130000100001753618000000000000000000000001753618000000002190
0400000342016063100130000200000041219000000000006595000000000047814000000002190
0400000342016063100130000500000113035000000000018086000000000131121000000002190
0400000342016063100130000800000027664000000000000000000000000027664000000002190
0400000342016063100130001000000029750000000000004760000000000034510000000002190
0400000342016063100140000100000484740000000000000000000000000484740000000002191
0400000342016063100140000200000007106000000000001137000000000008243000000002191
0400000342016063100140000500000026887000000000004302000000000031189000000002191
0400000342016063100140000800000027664000000000000000000000000027664000000002191
0400000342016063100140001000000025403000000000004064000000000029467000000002191
0400000342016063100150000100000563692000000000000000000000000563692000000002192
0400000342016063100150000200000008861000000000001418000000000010279000000002192
0400000342016063100150000500000026646000000000004263000000000030909000000002192
0400000342016063100150000800000027664000000000000000000000000027664000000002192
0400000342016063100150001000000035882000000000005741000000000041624000000002192
0400000342016063100160000100001552447000000000000000000000001552447000000002193
0400000342016063100160000200000007897000000000001264000000000009161000000002193
0400000342016063100160000500000062506000000000010001000000000072506000000002193
0400000342016063100160000800000041604000000000000000000000000041604000000002193
0400000342016063100160001000000227426000000000036388000000000263815000000002193
0400000342016063100170000100001239204000000000000000000000001239204000000002194
0400000342016063100170000200000016638000000000002662000000000019300000000002194
0400000342016063100170000500000061416000000000009827000000000071243000000002194
0400000342016063100170000800000041604000000000000000000000000041604000000002194
0400000342016063100170001000000153373000000000024540000000000177913000000002194
0400000342016063100200000100000558644000000000000000000000000558644000000002197
0400000342016063100200000200000010512000000000001682000000000012194000000002197
0400000342016063100200000500000005927000000000000948000000000006875000000002197
0400000342016063100200000800000027664000000000000000000000000027664000000002197
0400000342016063100200001000000033246000000000005319000000000038565000000002197
0400000342016063100210000100004015343000000000000000000000004015343000000002198
0400000342016063100210000200000074922000000000011988000000000086910000000002198
0400000342016063100210000500000292307000000000046769000000000339076000000002198
0400000342016063100210000800000013940000000000000000000000000013940000000002198
0400000342016063100210001000000478681000000000076589000000000555270000000002198
