0100000100132016030000101009900394325557
0100000100132016030000501009906062925197
0100000103132016030000100000300065246119
0100000103132016030000200000300001868601
0100000103132016030000400000300000116562
0100000103132016030000500000300005211467
0100000103132016030000900000300000122603
0100000103132016030001000000300000885378
0100000105132016030000100000500110708205
0100000105132016030000200000500002871625
0100000105132016030000400000500000039678
0100000105132016030000500000500006024573
0100000105132016030000900000500000106558
0100000105132016030001000000500000602298
0100000106132016030000100000600041674660
0100000106132016030000200000600002068085
0100000106132016030000400000600000568175
0100000106132016030000500000600004108209
0100000106132016030000900000600000081136
0100000106132016030001000000600000455786
0100000107132016030000100001100050467090
0100000107132016030000200001100002470300
0100000107132016030000500001100007568268
0100000107132016030000900001100000112448
0100000107132016030001000001100000957536
0100000108132016030000100001200039047890
0100000108132016030000200001200001257115
0100000108132016030000400001200000011454
0100000108132016030000500001200003399729
0100000108132016030000900001200000092440
0100000108132016030001000001200000321996
0100000109132016030000100000900037658044
0100000109132016030000200000900001983249
0100000109132016030000400000900000063452
0100000109132016030000500000900003911320
0100000109132016030000800000900000005117
0100000109132016030000900000900000066613
0100000109132016030001000000900000304112
0100000112132016030000100000100049008167
0100000112132016030000200000100002076630
0100000112132016030000400000100000393428
0100000112132016030000500000100005590419
0100000112132016030000800000100000000577
0100000112132016030000900000100000133037
0100000112132016030001000000100000291894
0100000114132016030000100000800031977187
0100000114132016030000200000800001560762
0100000114132016030000400000800000073020
0100000114132016030000500000800003588370
0100000114132016030000900000800000095232
0100000114132016030001000000800000393888
0100000116132016030000100002300037406250
0100000116132016030000200002300002173583
0100000116132016030000400002300000034169
0100000116132016030000500002300004688927
0100000116132016030000900002300000111063
0100000116132016030001000002300000380986
0100000129132016030000100002700032854255
0100000129132016030000200002700001446472
0100000129132016030000400002700000029463
0100000129132016030000500002700002902981
0100000129132016030000900002700000084045
0100000129132016030001000002700000265278
0100000193132016030000100006900005147454
0100000193132016030000200006900000247862
0100000193132016030000500006900001651969
0100000193132016030001000006900000114820
0100016000132016030000100000100008531965
0100019000132016030000100000000100377300
0100019000132016030000500000000177084270
0200000201132016030000100000100044625046
0200000201132016030000200000100001743577
0200000201132016030000400000100000066188
0200000201132016030000500000100002648919
0200000201132016030000800000100000015650
0200000201132016030000900000100000103905
0200000201132016030001000000100000423447
0200000202132016030000100000200041978354
0200000202132016030000200000200001509393
0200000202132016030000400000200000020032
0200000202132016030000500000200003303412
0200000202132016030000900000200000146035
0200000202132016030001000000200000287043
0400000403132016030000100000200006369800
0400000403132016030000200000200000094200
0400000403132016030000500000200000442000
0400000403132016030001000000200000407800
0400000409132016030000100000500004839300
0400000409132016030000200000500000112000
0400000409132016030000500000500000335300
0400000409132016030001000000500000590000
0400000412132016030000100001000006927000
0400000412132016030000200001000000103800
0400000412132016030000500001000000412600
0400000412132016030001000001000000382500
0400002001132016030000100008800003745900
0400002001132016030000200008800000137500
0400002001132016030000500008800000555400
0400002001132016030001000008800000233800
0400002003132016030000100008900004075700
0400002003132016030000200008900000094100
0400002003132016030000500008900000454400
0400002003132016030001000008900000203300
0400002004132016030000100009000004608200
0400002004132016030000200009000000119900
0400002004132016030000500009000000495600
0400002004132016030001000009000000145300
0400002005132016030000100009100003838000
0400002005132016030000200009100000206300
0400002005132016030000500009100000435400
0400002005132016030001000009100000209500
0400002006132016030000100009200005838900
0400002006132016030000200009200000168400
0400002006132016030000500009200000422300
0400002006132016030001000009200000457200
0400002009132016030000100009100004312500
0400002009132016030000200009100000063300
0400002009132016030000500009100000490000
0400002009132016030001000009100000198500
0400002010132016030000100009200003172600
0400002010132016030000200009200000101800
0400002010132016030000500009200000305000
0400002010132016030001000009200000141900
0400002011132016030000100009400004519600
0400002011132016030000200009400000099700
0400002011132016030000500009400000394900
0400002011132016030001000009400000216000
0400002012132016030000100009500006109200
0400002012132016030000200009500000136500
0400002012132016030000500009500000384700
0400002012132016030001000009500000289300
0400002013132016030000100009600006758700
0400002013132016030000200009600000148600
0400002013132016030000500009600000972500
0400002013132016030001000009600000233300
0400002017132016030000100000100006320900
0400002017132016030000200000100000116700
0400002017132016030000500000100000828600
0400002017132016030001000000100000243400
0400002018132016030000100000200004358300
0400002018132016030000200000200000134600
0400002018132016030000500000200000280900
0400002018132016030001000000200000267500
0400002020132016030000100000400003833300
0400002020132016030000200000400000099300
0400002020132016030000500000400000423200
0400002020132016030001000000400000181500
0400002024132016030000100000200007125500
0400002024132016030000200000200000112500
0400002024132016030000500000200000541700
0400002024132016030001000000200000305700
0400002025132016030000100001600007691400
0400002025132016030000200001600000151900
0400002025132016030000500001600000425800
0400002025132016030001000001600000197500
0400002026132016030000100001700007040200
0400002026132016030000200001700000160000
0400002026132016030000500001700000474700
0400002026132016030001000001700000338200
0400002027132016030000100000300004257300
0400002027132016030000200000300000064400
0400002027132016030000500000300000298600
0400002027132016030001000000300000199500
0400002028132016030000100000400008094700
0400002028132016030000200000400000164900
0400002028132016030000500000400000654600
0400002028132016030001000000400000395400
0400002029132016030000100000500004612800
0400002029132016030000200000500000086900
0400002029132016030000500000500000412500
0400002029132016030001000000500000209100
0400002030132016030000100000600003865200
0400002030132016030000200000600000089900
0400002030132016030000500000600000440600
0400002030132016030001000000600000237700
0400002031132016030000100000700003877600
0400002031132016030000200000700000105400
0400002031132016030000500000700000306700
0400002031132016030001000000700000208700
0400002033132016030000100000900006331600
0400002033132016030000200000900000090000
0400002033132016030000500000900000350900
0400002033132016030001000000900000366800
0400002035132016030000100001100006420100
0400002035132016030000200001100000109000
0400002035132016030000500001100000301900
0400002035132016030001000001100000272700
0400002036132016030000100001200007963300
0400002036132016030000200001200000083200
0400002036132016030000500001200000550600
0400002036132016030001000001200000265200
0400002037132016030000100001300004453200
0400002037132016030000200001300000084400
0400002037132016030000500001300000318500
0400002037132016030001000001300000206200
0400002038132016030000100001800007412000
0400002038132016030000200001800000094900
0400002038132016030000500001800000379600
0400002038132016030001000001800000283800
0400002041132016030000100002100006248900
0400002041132016030000200002100000125000
0400002041132016030000500002100000504800
0400002041132016030001000002100000208100
0400002042132016030000100002200009679100
0400002042132016030000200002200000083200
0400002042132016030000500002200000464000
0400002042132016030001000002200000255300
0400002043132016030000100001400006316400
0400002043132016030000200001400000090400
0400002043132016030000500001400000455200
0400002043132016030001000001400000259400
0400002044132016030000100001500006151000
0400002044132016030000200001500000081800
0400002044132016030000500001500000340300
0400002044132016030001000001500000325400
0400002045132016030000100002300004946800
0400002045132016030000200002300000133600
0400002045132016030000500002300000547700
0400002045132016030001000002300000234800
0400002046132016030000100001600008844700
0400002046132016030000200001600000149600
0400002046132016030000500001600000488900
0400002046132016030001000001600000692600
0400002048132016030000100002400005011500
0400002048132016030000200002400000102000
0400002048132016030000500002400000465700
0400002048132016030001000002400000193100
0400002049132016030000100002500007857600
0400002049132016030000200002500000115800
0400002049132016030000500002500000482700
0400002049132016030001000002500000327700
0400002050132016030000100001800006739400
0400002050132016030000200001800000174200
0400002050132016030000500001800000579100
0400002050132016030000900001800000010400
0400002050132016030001000001800000762400
0400002051132016030000100002600006536200
0400002051132016030000200002600000069700
0400002051132016030000500002600000590100
0400002051132016030001000002600000205700
0400002052132016030000100001900010450200
0400002052132016030000200001900000126400
0400002052132016030000500001900000495300
0400002052132016030001000001900000421600
0400002053132016030000100002700005573300
0400002053132016030000200002700000115100
0400002053132016030000500002700000517000
0400002053132016030001000002700000189000
0400002054132016030000100002800004478900
0400002054132016030000200002800000121900
0400002054132016030000500002800000376400
0400002054132016030001000002800000175000
0400002055132016030000100002900007280300
0400002055132016030000200002900000104300
0400002055132016030000500002900000567600
0400002055132016030001000002900000335500
0400002056132016030000100002000013880500
0400002056132016030000200002000000198400
0400002056132016030000500002000000906500
0400002056132016030001000002000000530900
0400002057132016030000100002100004532100
0400002057132016030000200002100000082700
0400002057132016030000500002100000263400
0400002057132016030001000002100000244100
0400002058132016030000100003000006616600
0400002058132016030000200003000000092000
0400002058132016030000500003000000465400
0400002058132016030001000003000000181600
0400002059132016030000100002200005906400
0400002059132016030000200002200000098800
0400002059132016030000500002200000450600
0400002059132016030001000002200000234100
0400002062132016030000100002300006257300
0400002062132016030000200002300000182400
0400002062132016030000500002300000644800
0400002062132016030001000002300000576300
0400002063132016030000100002400005499100
0400002063132016030000200002400000115200
0400002063132016030000500002400000542500
0400002063132016030001000002400000383200
0400002066132016030000100003400005545600
0400002066132016030000200003400000100700
0400002066132016030000500003400000513800
0400002066132016030001000003400000192400
0400002068132016030000100002700004889800
0400002068132016030000200002700000146200
0400002068132016030000500002700000313900
0400002068132016030001000002700000252100
0400002069132016030000100002800005984400
0400002069132016030000200002800000108000
0400002069132016030000500002800000477300
0400002069132016030001000002800000266600
0400002071132016030000100003000010505800
0400002071132016030000200003000000095500
0400002071132016030000500003000000623700
0400002071132016030001000003000000592300
0400002072132016030000100003100006772700
0400002072132016030000200003100000073400
0400002072132016030000500003100000238900
0400002072132016030001000003100000536200
0400002073132016030000100003500005710200
0400002073132016030000200003500000068800
0400002073132016030000500003500000321700
0400002073132016030001000003500000128700
0400002075132016030000100003300003833600
0400002075132016030000200003300000085400
0400002075132016030000500003300000334500
0400002075132016030001000003300000229100
0400002076132016030000100003400005015200
0400002076132016030000200003400000116600
0400002076132016030000500003400000409900
0400002076132016030000900003400000001300
0400002076132016030001000003400000322500
0400002077132016030000100003500004378500
0400002077132016030000200003500000097600
0400002077132016030000500003500000481900
0400002077132016030001000003500000212500
0400002078132016030000100003600007807000
0400002078132016030000200003600000196300
0400002078132016030000500003600000368400
0400002078132016030001000003600000321600
0400002079132016030000100003700004237700
0400002079132016030000200003700000105000
0400002079132016030000500003700000472500
0400002079132016030001000003700000184500
0400002080132016030000100003800003957400
0400002080132016030000200003800000156200
0400002080132016030000500003800000453500
0400002080132016030001000003800000130600
0400002082132016030000100004000004214200
0400002082132016030000200004000000098300
0400002082132016030000500004000000417300
0400002082132016030001000004000000197500
0400002084132016030000100004200007622900
0400002084132016030000200004200000150300
0400002084132016030000500004200001002000
0400002084132016030000900004200000001300
0400002084132016030001000004200000214800
0400002085132016030000100004300003584300
0400002085132016030000200004300000100100
0400002085132016030000500004300000395000
0400002085132016030000900004300000011700
0400002085132016030001000004300000234500
0400002086132016030000100003600006222800
0400002086132016030000200003600000114000
0400002086132016030000500003600000298700
0400002086132016030001000003600000268200
0400002088132016030000100004500008501600
0400002088132016030000200004500000139600
0400002088132016030000500004500000478100
0400002088132016030001000004500000668000
0400002092132016030000100004900007166200
0400002092132016030000200004900000130300
0400002092132016030000500004900000649000
0400002092132016030001000004900000363900
0400002094132016030000100003700007262500
0400002094132016030000200003700000144500
0400002094132016030000500003700000586500
0400002094132016030001000003700000267200
0400002095132016030000100003800004631200
0400002095132016030000200003800000096000
0400002095132016030000500003800000429500
0400002095132016030001000003800000188600
0400002097132016030000100005200009254100
0400002097132016030000200005200000095200
0400002097132016030000500005200001259200
0400002097132016030001000005200000326000
0400002098132016030000100005300008334700
0400002098132016030000200005300000066100
0400002098132016030000500005300000433400
0400002098132016030001000005300000286400
0400002099132016030000100005400005444400
0400002099132016030000200005400000092000
0400002099132016030000500005400000312200
0400002099132016030001000005400000211700
0400002100132016030000100005500007420600
0400002100132016030000200005500000125300
0400002100132016030000500005500000443700
0400002100132016030001000005500000334800
0400002101132016030000100005600012312800
0400002101132016030000200005600000464600
0400002101132016030000500005600002140100
0400002101132016030000900005600000019500
0400002101132016030001000005600001114500
0400002102132016030000100005700004170200
0400002102132016030000200005700000110300
0400002102132016030000500005700000431300
0400002102132016030001000005700000370200
0400002103132016030000100005800005787900
0400002103132016030000200005800000096200
0400002103132016030000500005800000367700
0400002103132016030001000005800000230400
0400002105132016030000100005900003794300
0400002105132016030000200005900000118500
0400002105132016030000500005900000381300
0400002105132016030001000005900000207400
0400002108132016030000100004100007155100
0400002108132016030000200004100000175600
0400002108132016030000500004100000507600
0400002108132016030001000004100000330200
0400002109132016030000100004200006137200
0400002109132016030000200004200000103800
0400002109132016030000500004200000321100
0400002109132016030001000004200000226500
0400002110132016030000100004300006765300
0400002110132016030000200004300000132500
0400002110132016030000500004300000435500
0400002110132016030001000004300000251400
0400002116132016030000100006600005023700
0400002116132016030000200006600000080700
0400002116132016030000500006600000291800
0400002116132016030001000006600000262600
0400002117132016030000100004400006020900
0400002117132016030000200004400000132400
0400002117132016030000500004400000391900
0400002117132016030001000004400000262500
0400002118132016030000100004500005543000
0400002118132016030000200004500000119300
0400002118132016030000500004500000331400
0400002118132016030001000004500000267900
0400002119132016030000100006700006858900
0400002119132016030000200006700000132100
0400002119132016030000500006700000397300
0400002119132016030001000006700000311100
0400002121132016030000100004700005931000
0400002121132016030000200004700000112500
0400002121132016030000500004700000802300
0400002121132016030001000004700000291600
0400002122132016030000100006800006023600
0400002122132016030000200006800000136000
0400002122132016030000500006800000364300
0400002122132016030001000006800000185400
0400002124132016030000100004800005607900
0400002124132016030000200004800000113000
0400002124132016030000500004800000416900
0400002124132016030001000004800000234200
0400002125132016030000100004900005262900
0400002125132016030000200004900000087000
0400002125132016030000500004900000402500
0400002125132016030001000004900000184500
0400002126132016030000100005000004808500
0400002126132016030000200005000000158000
0400002126132016030000500005000000485800
0400002126132016030001000005000000136500
0400002127132016030000100007000005726400
0400002127132016030000200007000000107200
0400002127132016030000500007000000327200
0400002127132016030001000007000000247100
0400002128132016030000100007100005737800
0400002128132016030000200007100000088000
0400002128132016030000500007100000363800
0400002128132016030001000007100000183100
0400002129132016030000100005100004773100
0400002129132016030000200005100000137300
0400002129132016030000500005100000394200
0400002129132016030001000005100000210000
0400002130132016030000100005200005217200
0400002130132016030000200005200000110200
0400002130132016030000500005200000436000
0400002130132016030001000005200000214300
0400002132132016030000100007200004379800
0400002132132016030000200007200000079300
0400002132132016030000500007200000278500
0400002132132016030001000007200000186400
0400002134132016030000100005500004431600
0400002134132016030000200005500000086300
0400002134132016030000500005500000463800
0400002134132016030001000005500000261400
0400002136132016030000100005600004448900
0400002136132016030000200005600000107500
0400002136132016030000500005600000394000
0400002136132016030001000005600000216700
0400002137132016030000100005700005084000
0400002137132016030000200005700000086800
0400002137132016030000500005700000323100
0400002137132016030001000005700000129500
0400002138132016030000100005800006091400
0400002138132016030000200005800000094800
0400002138132016030000500005800000295700
0400002138132016030001000005800000272000
0400002139132016030000100005900003810200
0400002139132016030000200005900000101400
0400002139132016030000500005900000334900
0400002139132016030001000005900000210700
0400002140132016030000100006000003777300
0400002140132016030000200006000000075300
0400002140132016030000500006000000356400
0400002140132016030001000006000000154000
0400002142132016030000100006100003781100
0400002142132016030000200006100000101600
0400002142132016030000500006100000376500
0400002142132016030001000006100000203800
0400002143132016030000100006200009259200
0400002143132016030000200006200000134100
0400002143132016030000500006200000478500
0400002143132016030001000006200000407000
0400002144132016030000100006300004104400
0400002144132016030000200006300000092400
0400002144132016030000500006300000316200
0400002144132016030001000006300000191700
0400002145132016030000100006400003667200
0400002145132016030000200006400000106100
0400002145132016030000500006400000326300
0400002145132016030001000006400000241400
0400002146132016030000100006500004452600
0400002146132016030000200006500000077500
0400002146132016030000500006500000312400
0400002146132016030001000006500000186600
0400002147132016030000100007500004545000
0400002147132016030000200007500000089900
0400002147132016030000500007500000466600
0400002147132016030000900007500000001300
0400002147132016030001000007500000229700
0400002148132016030000100006600006134200
0400002148132016030000200006600000095100
0400002148132016030000500006600000342500
0400002148132016030001000006600000249100
0400002149132016030000100006700007569500
0400002149132016030000200006700000170500
0400002149132016030000500006700000426100
0400002149132016030001000006700000282200
0400002150132016030000100007600005275700
0400002150132016030000200007600000087600
0400002150132016030000500007600000444700
0400002150132016030001000007600000204500
0400002151132016030000100007700006041200
0400002151132016030000200007700000106700
0400002151132016030000500007700000322200
0400002151132016030001000007700000238100
0400002152132016030000100006800005420800
0400002152132016030000200006800000090900
0400002152132016030000500006800000523900
0400002152132016030001000006800000217300
0400002153132016030000100006900004895100
0400002153132016030000200006900000053300
0400002153132016030000500006900000321300
0400002153132016030001000006900000164800
0400002154132016030000100007000005687300
0400002154132016030000200007000000098800
0400002154132016030000500007000000463600
0400002154132016030001000007000000274600
0400002157132016030000100008000006324500
0400002157132016030000200008000000117400
0400002157132016030000500008000000389500
0400002157132016030001000008000000252500
0400002158132016030000100008100004731400
0400002158132016030000200008100000096500
0400002158132016030000500008100000336300
0400002158132016030001000008100000328400
0400002159132016030000100008200005124700
0400002159132016030000200008200000075600
0400002159132016030000500008200000349600
0400002159132016030000900008200000001300
0400002159132016030001000008200000230200
0400002162132016030000100008400004207400
0400002162132016030000200008400000107000
0400002162132016030000500008400000374900
0400002162132016030001000008400000156100
0400002163132016030000100007200003943100
0400002163132016030000200007200000106200
0400002163132016030000500007200000379300
0400002163132016030001000007200000171400
0400002164132016030000100007300005274700
0400002164132016030000200007300000106900
0400002164132016030000500007300000419200
0400002164132016030001000007300000211600
0400002165132016030000100007400008468200
0400002165132016030000200007400000149600
0400002165132016030000500007400000518300
0400002165132016030001000007400000262200
0400002166132016030000100007500003928100
0400002166132016030000200007500000098200
0400002166132016030000500007500000315000
0400002166132016030001000007500000190500
0400002167132016030000100007600004898100
0400002167132016030000200007600000076600
0400002167132016030000500007600000456600
0400002167132016030001000007600000183700
0400002168132016030000100007700004779800
0400002168132016030000200007700000100700
0400002168132016030000500007700000432800
0400002168132016030001000007700000223000
0400002170132016030000100008600004917200
0400002170132016030000200008600000101400
0400002170132016030000500008600000633900
0400002170132016030001000008600000228700
0400002171132016030000100007800006557100
0400002171132016030000200007800000139600
0400002171132016030000500007800000465600
0400002171132016030001000007800000331800
0400002173132016030000100008700005144200
0400002173132016030000200008700000101700
0400002173132016030000500008700000320400
0400002173132016030001000008700000210300
0400002174132016030000100008000005387600
0400002174132016030000200008000000127800
0400002174132016030000500008000000592400
0400002174132016030001000008000000265200
0400002175132016030000100008100004654300
0400002175132016030000200008100000080500
0400002175132016030000500008100000324400
0400002175132016030001000008100000209300
0400002178132016030000100008400004599800
0400002178132016030000200008400000086400
0400002178132016030000500008400000316000
0400002178132016030001000008400000195800
0400002179132016030000100008500010534100
0400002179132016030000200008500000140700
0400002179132016030000500008500000845600
0400002179132016030001000008500000254900
0400002184132016030000100000800005093700
0400002184132016030000200000800000085400
0400002184132016030000500000800000357400
0400002184132016030001000000800000441600
0400002185132016030000100000900004277000
0400002185132016030000200000900000094200
0400002185132016030000500000900000479500
0400002185132016030001000000900000248200
0400002186132016030000100009400003897000
0400002186132016030000200009400000111400
0400002186132016030000500009400000529200
0400002186132016030001000009400000181300
0400002187132016030000100001000002740900
0400002187132016030000200001000000081300
0400002187132016030000500001000000237900
0400002187132016030001000001000000142400
0400002188132016030000100001100003544500
0400002188132016030000200001100000094300
0400002188132016030000500001100000411000
0400002188132016030001000001100000164300
0400002189132016030000100001200008151100
0400002189132016030000200001200000181900
0400002189132016030000500001200001028800
0400002189132016030001000001200000366600
0400002191132016030000100000000005635900
0400002191132016030000200000000000127500
0400002191132016030000500000000000322100
0400002191132016030001000000000000272500
1000000501132016030000100000100049422023
1000000501132016030000200000100002611812
1000000501132016030000400000100000564536
1000000501132016030000500000100007103973
1000000501132016030000800000100000006873
1000000501132016030000900000100000076012
1000000501132016030001000000100000789400
1000000504132016030000100000100042616846
1000000504132016030000200000100003161586
1000000504132016030000400000100000082286
1000000504132016030000500000100005691459
1000000504132016030000900000100000058164
1000000504132016030001000000100000311403
1000000511132016030000100000200029085911
1000000511132016030000200000200002013456
1000000511132016030000400000200000093740
1000000511132016030000500000200002716271
1000000511132016030000900000200000035297
1000000511132016030001000000200000102860
1000000552132016030000100000100039316241
1000000552132016030000200000100001601251
1000000552132016030000400000100000210135
1000000552132016030000500000100002691480
1000000552132016030000900000100000106027
1000000552132016030001000000100000383393
1000000806132016030000100000100024228024
1000000806132016030000200000100001150001
1000000806132016030000400000100000172171
1000000806132016030000500000100001719445
1000000806132016030000900000100000021538
1000000806132016030001000000100000195429
1000000812132016030000100000200018936099
1000000812132016030000200000200000649707
1000000812132016030000500000200000946298
1000000812132016030000900000200000022278
1000000812132016030001000000200000029550
1300000900132016030000100009900750179329
1300000900132016030000200009900021938477
1300000900132016030000500009900043329159
1300000900132016030001000009900053883103
1300001108132016030000100005500004531400
1300001108132016030000200005500000096900
1300001108132016030000500005500000367300
1300001108132016030001000005500000201000
1300001126132016030000100006300003736900
1300001126132016030000200006300000081200
1300001126132016030000500006300000257300
1300001126132016030001000006300000241900
