21979|20160405|7501054503095|1|27.01|0.00|0.00                                                                                                                                                                                                                                                                                                                                                                                                                                                                      
21979|20160405|75010690|2|7.64|0.00|0.00                                                                                                                                                                                                                                                                                                                                                                                                                                                                            
21979|20160405|7501022105191|2|8.11|2.00|0.00                                                                                                                                                                                                                                                                                                                                                                                                                                                                       
21979|20160405|7501092701026|1|153.74|0.00|0.00                                                                                                                                                                                                                                                                                                                                                                                                                                                                     
21979|20160405|7501298234601|1|215.18|0.00|0.00                                                                                                                                                                                                                                                                                                                                                                                                                                                                     
21979|20160405|7501318657304|1|98.14|0.00|0.00                                                                                                                                                                                                                                                                                                                                                                                                                                                                      
21979|20160405|7501070613440|2|96.61|0.00|0.00                                                                                                                                                                                                                                                                                                                                                                                                                                                                      
21979|20160405|7501273500042|1|227.33|0.00|18.00                                                                                                                                                                                                                                                                                                                                                                                                                                                                    
21979|20160405|7501057005312|1|77.33|9.09|18.00                                                                                                                                                                                                                                                                                                                                                                                                                                                                     
21979|20160405|7501299303016|1|97.09|0.00|0.00                                                                                                                                                                                                                                                                                                                                                                                                                                                                      
21979|20160405|7501034645012|1|110.25|0.00|0.00                                                                                                                                                                                                                                                                                                                                                                                                                                                                     
21979|20160405|7501034645067|1|73.28|9.09|0.00                                                                                                                                                                                                                                                                                                                                                                                                                                                                      
21979|20160405|7501041941848|1|72.58|4.00|0.00                                                                                                                                                                                                                                                                                                                                                                                                                                                                      
21979|20160405|7501072300157|1|74.65|0.00|0.00                                                                                                                                                                                                                                                                                                                                                                                                                                                                      
21979|20160405|7501001116187|1|88.07|0.00|18.00                                                                                                                                                                                                                                                                                                                                                                                                                                                                     
21979|20160405|7501001147594|2|16.97|0.00|18.00                                                                                                                                                                                                                                                                                                                                                                                                                                                                     
21979|20160405|354312225133|5|28.93|0.00|11.00                                                                                                                                                                                                                                                                                                                                                                                                                                                                      
21979|20160405|7502246642820|1|847.96|0.00|0.00                                                                                                                                                                                                                                                                                                                                                                                                                                                                     
21979|20160405|7501318620162|1|211.16|0.00|0.00                                                                                                                                                                                                                                                                                                                                                                                                                                                                     
21979|20160405|7501318620223|2|180.65|0.00|0.00                                                                                                                                                                                                                                                                                                                                                                                                                                                                     
21979|20160405|7501249605634|1|82.16|23.07|5.00                                                                                                                                                                                                                                                                                                                                                                                                                                                                     
21979|20160405|7501033954061|1|42.89|11.00|5.00                                                                                                                                                                                                                                                                                                                                                                                                                                                                     
21979|20160405|7501287688224|1|257.61|0.00|18.00                                                                                                                                                                                                                                                                                                                                                                                                                                                                    
21979|20160405|7501124812591|1|83.20|0.00|18.00                                                                                                                                                                                                                                                                                                                                                                                                                                                                     
21979|20160405|7501108763475|1|35.98|0.00|18.00                                                                                                                                                                                                                                                                                                                                                                                                                                                                     
21979|20160405|7501008409541|1|37.98|0.00|0.00                                                                                                                                                                                                                                                                                                                                                                                                                                                                      
21979|20160405|7501123013340|1|206.28|16.66|10.00                                                                                                                                                                                                                                                                                                                                                                                                                                                                   
21979|20160405|7501299307571|2|74.48|0.00|0.00                                                                                                                                                                                                                                                                                                                                                                                                                                                                      
21979|20160405|310158077046|1|49.65|0.00|0.00                                                                                                                                                                                                                                                                                                                                                                                                                                                                       
21979|20160405|7501125139543|1|226.84|12.50|18.00                                                                                                                                                                                                                                                                                                                                                                                                                                                                   
21979|20160405|3282779391023|1|288.28|0.00|15.00                                                                                                                                                                                                                                                                                                                                                                                                                                                                    
21980|20160405|7501318646360|1|136.80|0.00|0.00                                                                                                                                                                                                                                                                                                                                                                                                                                                                     
21980|20160405|7501050610704|1|294.00|0.00|18.00                                                                                                                                                                                                                                                                                                                                                                                                                                                                    
21980|20160405|7501298221403|1|261.37|0.00|0.00                                                                                                                                                                                                                                                                                                                                                                                                                                                                     
21980|20160405|7501303433005|1|215.74|0.00|0.00                                                                                                                                                                                                                                                                                                                                                                                                                                                                     
21980|20160405|7501092793045|1|121.03|0.00|0.00                                                                                                                                                                                                                                                                                                                                                                                                                                                                     
21980|20160405|354312625018|1|40.74|0.00|11.00                                                                                                                                                                                                                                                                                                                                                                                                                                                                      
21980|20160405|7501008493007|1|179.23|0.00|0.00                                                                                                                                                                                                                                                                                                                                                                                                                                                                     
21980|20160405|7501008496701|1|21.36|0.00|0.00                                                                                                                                                                                                                                                                                                                                                                                                                                                                      
21980|20160405|7501050611121|1|39.86|0.00|0.00                                                                                                                                                                                                                                                                                                                                                                                                                                                                      
21980|20160405|7501109761944|5|7.68|16.66|18.00                                                                                                                                                                                                                                                                                                                                                                                                                                                                     
21980|20160405|7501001258030|1|62.23|0.00|18.00                                                                                                                                                                                                                                                                                                                                                                                                                                                                     
21980|20160405|7501289511421|1|26.68|17.00|15.00                                                                                                                                                                                                                                                                                                                                                                                                                                                                    
21980|20160405|7501314704187|5|25.10|0.00|0.00                                                                                                                                                                                                                                                                                                                                                                                                                                                                      
21980|20160405|7501080912083|1|127.24|0.00|18.00                                                                                                                                                                                                                                                                                                                                                                                                                                                                    
21980|20160405|7501008485033|1|39.79|0.00|0.00                                                                                                                                                                                                                                                                                                                                                                                                                                                                      
21980|20160405|7501001116187|1|88.07|0.00|18.00                                                                                                                                                                                                                                                                                                                                                                                                                                                                     
21980|20160405|354312225140|1|17.27|0.00|11.00                                                                                                                                                                                                                                                                                                                                                                                                                                                                      
21980|20160405|7501048940905|2|7.69|0.00|0.00                                                                                                                                                                                                                                                                                                                                                                                                                                                                       
21980|20160405|7501008486504|1|16.64|0.00|0.00                                                                                                                                                                                                                                                                                                                                                                                                                                                                      
21980|20160405|7501034650580|1|76.73|11.00|0.00                                                                                                                                                                                                                                                                                                                                                                                                                                                                     
21980|20160405|650240001314|1|258.39|0.00|0.00                                                                                                                                                                                                                                                                                                                                                                                                                                                                      
21980|20160405|7501095452116|2|30.96|10.00|0.00                                                                                                                                                                                                                                                                                                                                                                                                                                                                     
21980|20160405|7501008485408|1|22.85|0.00|0.00                                                                                                                                                                                                                                                                                                                                                                                                                                                                      
21980|20160405|7501249605634|1|82.16|23.07|5.00                                                                                                                                                                                                                                                                                                                                                                                                                                                                     
21980|20160405|650240006203|1|129.54|0.00|0.00                                                                                                                                                                                                                                                                                                                                                                                                                                                                      
21980|20160405|650240007019|1|73.75|0.00|0.00                                                                                                                                                                                                                                                                                                                                                                                                                                                                       
21980|20160405|7501008427330|1|72.80|0.00|0.00                                                                                                                                                                                                                                                                                                                                                                                                                                                                      
21980|20160405|7501061002550|1|29.30|0.00|0.00                                                                                                                                                                                                                                                                                                                                                                                                                                                                      
21980|20160405|7501050693530|1|35.83|0.00|0.00                                                                                                                                                                                                                                                                                                                                                                                                                                                                      
21980|20160405|301320010206|1|72.62|0.00|0.00                                                                                                                                                                                                                                                                                                                                                                                                                                                                       
21980|20160405|20800753067|1|44.55|0.00|18.00                                                                                                                                                                                                                                                                                                                                                                                                                                                                       
21980|20160405|20800756440|1|44.55|0.00|18.00                                                                                                                                                                                                                                                                                                                                                                                                                                                                       
21980|20160405|650240007408|1|42.69|0.00|0.00                                                                                                                                                                                                                                                                                                                                                                                                                                                                       
21980|20160405|7501289511117|1|69.88|0.00|15.00                                                                                                                                                                                                                                                                                                                                                                                                                                                                     
21980|20160405|7502214982811|1|26.40|0.00|0.00                                                                                                                                                                                                                                                                                                                                                                                                                                                                      
21980|20160405|714706100109|1|92.99|0.00|18.00                                                                                                                                                                                                                                                                                                                                                                                                                                                                      
21980|20160405|7501008465592|2|66.56|0.00|0.00                                                                                                                                                                                                                                                                                                                                                                                                                                                                      
21980|20160405|7501300407139|2|175.00|0.00|0.00                                                                                                                                                                                                                                                                                                                                                                                                                                                                     
21980|20160405|7501300407122|8|51.88|0.00|0.00                                                                                                                                                                                                                                                                                                                                                                                                                                                                      
21980|20160405|650240019999|2|75.62|0.00|0.00                                                                                                                                                                                                                                                                                                                                                                                                                                                                       
21980|20160405|7501008453780|1|72.37|0.00|0.00                                                                                                                                                                                                                                                                                                                                                                                                                                                                      
