21979|20160323|75001858|2|24.50|0.00|0.00                                                                                                                                                                                                                                                                                                                                                                                                                                                                           
21979|20160323|650240004650|2|14.83|0.00|0.00                                                                                                                                                                                                                                                                                                                                                                                                                                                                       
21979|20160323|650240011351|2|60.40|0.00|0.00                                                                                                                                                                                                                                                                                                                                                                                                                                                                       
21979|20160323|7501008485033|2|39.79|0.00|0.00                                                                                                                                                                                                                                                                                                                                                                                                                                                                      
21979|20160323|7501008485057|2|39.79|0.00|0.00                                                                                                                                                                                                                                                                                                                                                                                                                                                                      
21979|20160323|7501008493007|2|179.23|0.00|0.00                                                                                                                                                                                                                                                                                                                                                                                                                                                                     
21979|20160323|7501008497340|2|135.29|0.00|0.00                                                                                                                                                                                                                                                                                                                                                                                                                                                                     
21979|20160323|7501022150412|2|10.20|0.00|0.00                                                                                                                                                                                                                                                                                                                                                                                                                                                                      
21979|20160323|7501037908619|2|120.09|0.00|0.00                                                                                                                                                                                                                                                                                                                                                                                                                                                                     
21979|20160323|7501048333202|3|16.09|5.00|0.00                                                                                                                                                                                                                                                                                                                                                                                                                                                                      
21979|20160323|7501050610704|2|294.00|0.00|18.00                                                                                                                                                                                                                                                                                                                                                                                                                                                                    
21979|20160323|7501050633659|2|82.91|0.00|0.00                                                                                                                                                                                                                                                                                                                                                                                                                                                                      
21979|20160323|7501050693530|2|35.83|0.00|0.00                                                                                                                                                                                                                                                                                                                                                                                                                                                                      
21979|20160323|7501061002802|3|29.30|0.00|0.00                                                                                                                                                                                                                                                                                                                                                                                                                                                                      
21979|20160323|7501070614461|2|145.59|0.00|0.00                                                                                                                                                                                                                                                                                                                                                                                                                                                                     
21979|20160323|7501072300133|2|47.67|0.00|0.00                                                                                                                                                                                                                                                                                                                                                                                                                                                                      
21979|20160323|7501089810021|2|87.48|0.00|0.00                                                                                                                                                                                                                                                                                                                                                                                                                                                                      
21979|20160323|7501094910457|3|135.20|0.00|18.00                                                                                                                                                                                                                                                                                                                                                                                                                                                                    
21979|20160323|7501122961109|2|242.31|9.09|8.00                                                                                                                                                                                                                                                                                                                                                                                                                                                                     
21979|20160323|7501122963707|2|208.84|9.09|8.00                                                                                                                                                                                                                                                                                                                                                                                                                                                                     
21979|20160323|7501124815486|2|53.08|0.00|18.00                                                                                                                                                                                                                                                                                                                                                                                                                                                                     
21979|20160323|7501125100116|2|16.24|0.00|18.00                                                                                                                                                                                                                                                                                                                                                                                                                                                                     
21979|20160323|7501287630506|2|131.85|0.00|18.00                                                                                                                                                                                                                                                                                                                                                                                                                                                                    
21979|20160323|7501289511117|2|69.88|0.00|15.00                                                                                                                                                                                                                                                                                                                                                                                                                                                                     
21979|20160323|7501298219363|2|47.51|0.00|0.00                                                                                                                                                                                                                                                                                                                                                                                                                                                                      
21979|20160323|7501299303085|3|44.56|0.00|0.00                                                                                                                                                                                                                                                                                                                                                                                                                                                                      
21979|20160323|7502003560367|2|77.93|0.00|8.00                                                                                                                                                                                                                                                                                                                                                                                                                                                                      
21979|20160323|7896009490651|3|72.08|0.00|0.00                                                                                                                                                                                                                                                                                                                                                                                                                                                                      
21980|20160323|75009328|2|31.15|0.00|18.00                                                                                                                                                                                                                                                                                                                                                                                                                                                                          
21980|20160323|8400004574|2|192.71|0.00|0.00                                                                                                                                                                                                                                                                                                                                                                                                                                                                        
21980|20160323|650240003950|3|59.63|0.00|0.00                                                                                                                                                                                                                                                                                                                                                                                                                                                                       
21980|20160323|650240006623|3|35.76|0.00|0.00                                                                                                                                                                                                                                                                                                                                                                                                                                                                       
21980|20160323|650240010712|8|49.26|0.00|0.00                                                                                                                                                                                                                                                                                                                                                                                                                                                                       
21980|20160323|650240021138|3|33.70|0.00|0.00                                                                                                                                                                                                                                                                                                                                                                                                                                                                       
21980|20160323|736085132069|5|50.32|0.00|18.00                                                                                                                                                                                                                                                                                                                                                                                                                                                                      
21980|20160323|736085278507|3|48.21|0.00|18.00                                                                                                                                                                                                                                                                                                                                                                                                                                                                      
21980|20160323|7501001168889|2|80.99|0.00|18.00                                                                                                                                                                                                                                                                                                                                                                                                                                                                     
21980|20160323|7501008409527|3|63.06|0.00|0.00                                                                                                                                                                                                                                                                                                                                                                                                                                                                      
21980|20160323|7501008443033|2|20.06|0.00|0.00                                                                                                                                                                                                                                                                                                                                                                                                                                                                      
21980|20160323|7501008491966|2|22.85|0.00|0.00                                                                                                                                                                                                                                                                                                                                                                                                                                                                      
21980|20160323|7501050611022|2|88.90|0.00|0.00                                                                                                                                                                                                                                                                                                                                                                                                                                                                      
21980|20160323|7501050617697|3|39.56|0.00|0.00                                                                                                                                                                                                                                                                                                                                                                                                                                                                      
21980|20160323|7501050624640|2|56.15|0.00|0.00                                                                                                                                                                                                                                                                                                                                                                                                                                                                      
21980|20160323|7501057005312|3|77.33|9.09|18.00                                                                                                                                                                                                                                                                                                                                                                                                                                                                     
21980|20160323|7501065030405|1|17.41|0.00|0.00                                                                                                                                                                                                                                                                                                                                                                                                                                                                      
21980|20160323|7501092793052|2|66.07|0.00|0.00                                                                                                                                                                                                                                                                                                                                                                                                                                                                      
21980|20160323|7501094910570|8|97.84|9.00|18.00                                                                                                                                                                                                                                                                                                                                                                                                                                                                     
21980|20160323|7501124812591|2|83.20|0.00|18.00                                                                                                                                                                                                                                                                                                                                                                                                                                                                     
21980|20160323|7501124815653|3|110.64|0.00|18.00                                                                                                                                                                                                                                                                                                                                                                                                                                                                    
21980|20160323|7501124815677|2|110.64|9.00|18.00                                                                                                                                                                                                                                                                                                                                                                                                                                                                    
21980|20160323|7501124817954|3|36.53|10.00|18.00                                                                                                                                                                                                                                                                                                                                                                                                                                                                    
21980|20160323|7501125102929|2|84.57|0.00|18.00                                                                                                                                                                                                                                                                                                                                                                                                                                                                     
21980|20160323|7501125116810|5|15.37|9.09|0.00                                                                                                                                                                                                                                                                                                                                                                                                                                                                      
21980|20160323|7501299301999|2|139.65|0.00|0.00                                                                                                                                                                                                                                                                                                                                                                                                                                                                     
21980|20160323|7501299303078|2|44.56|0.00|0.00                                                                                                                                                                                                                                                                                                                                                                                                                                                                      
21980|20160323|7501299303085|3|44.56|0.00|0.00                                                                                                                                                                                                                                                                                                                                                                                                                                                                      
21980|20160323|7501300407108|5|43.75|0.00|0.00                                                                                                                                                                                                                                                                                                                                                                                                                                                                      
21980|20160323|7501300407122|5|51.88|0.00|0.00                                                                                                                                                                                                                                                                                                                                                                                                                                                                      
21980|20160323|7501318606203|1|188.85|0.00|0.00                                                                                                                                                                                                                                                                                                                                                                                                                                                                     
21980|20160323|7501318620162|3|211.16|0.00|0.00                                                                                                                                                                                                                                                                                                                                                                                                                                                                     
21980|20160323|7501318620223|3|180.65|0.00|0.00                                                                                                                                                                                                                                                                                                                                                                                                                                                                     
21980|20160323|7501318645080|3|81.23|0.00|0.00                                                                                                                                                                                                                                                                                                                                                                                                                                                                      
21980|20160323|7501318646223|2|102.70|0.00|0.00                                                                                                                                                                                                                                                                                                                                                                                                                                                                     
21980|20160323|7501417001749|2|41.67|0.00|18.00                                                                                                                                                                                                                                                                                                                                                                                                                                                                     
21980|20160323|7501877651720|15|2.58|0.00|0.00                                                                                                                                                                                                                                                                                                                                                                                                                                                                      
21980|20160323|7702003469282|3|8.93|0.00|0.00                                                                                                                                                                                                                                                                                                                                                                                                                                                                       
