NNADRO1000317000 00000000000016920160711
07501165002890000001
07501035908246000001
07501054503095000002
07501054500063000006
03499320001335000001
07501070618995000001
07501361693014000001
07501300407009000006
07501314704644000001
07501298234700000002
07501165000315000002
00300090286200000001
07501008443033000004
07501008409572000001
07501008465622000002
07501034630070000005
07501400800403000005
07501001258030000001
07501001147563000005
07501165002791000001
07501054503637000001
07703332003314000006
00736085402346000002
07501008485408000001
07501033954085000001
07501050617055000001
04005808829675000003
07501400800625000001
00736085905373000002
00008400001290000001
00008400004123000002
00037000394969000007
00310742330762000001
00008400001313000006
07702003469305000002
07501409201041000002
00650240010736000001
07501089804358000001
07501050625395000001
07501022104217000001
07509546000985000002
07501293201523000001
07502013010449000002
07501314701322000001
07501125118562000006
00300651433272000001
08429420050921000001
07501123000920000002
08056736700129000001
NNADRO1003328000 00000000000016920160711
07501089803351000001
07501287687203000002
07501009070085000002
07501088542756000005
07501088605857000008
07501050610681000001
07501318657304000002
07501064550768000001
07501089809490000002
07501008497340000003
07501125115585000002
07501328979366000002
07501088505485000001
07501050613460000003
07501008443033000041
07501328979502000009
07501050630023000005
07501072310378000001
00310158096740000009
07501289511421000001
07501008485033000015
07501065054128000002
07590002012468000006
07501125104183000002
07501048940905000003
07501008486504000011
07501023104216000020
07501023104223000005
07501072300164000002
07501409201102000002
07501406870097000001
07501581100255000002
07501082212136000006
07501092774754000001
07501092774761000002
07501008433553000005
07501287670328000001
00382903267798000002
07501124812874000002
07501318634732000001
07703331157025000001
07501400800625000001
00008400000026000001
00008400001177000001
00008400004574000006
00008400000682000002
00008400001290000001
00037000394969000005
00037000394945000001
00008400001313000023
00650240009525000001
07702003469305000002
07702018913640000002
07502213142407000001
07501022107027000001
00650240010453000002
00650240010736000001
07501124815677000001
07501877650396000002
07503008821101000002
07501022150412000006
07506195102695000006
03282776367410000001
00650240015670000001
07502250340736000004
07501299330029000001
07501299330173000001
07501125118562000006
07501125149221000005
07502264950235000002
07501008498309000001
07502241942048000001
NNADRO1000318000 00000000000016920160711
07501082221060000001
07501009070085000001
07501092743033000001
07501298244907000001
07501299301340000001
07501165000315000002
07501098624114000001
07501046467435000001
07501008433515000001
07501328979502000001
07501048941001000002
07501299301579000001
07501098603867000002
07501008485408000006
07501384503307000001
07501299307236000002
07501008409534000001
00650240006678000001
07501417001749000002
00008400000026000001
07501124815653000001
07503002057698000002
05900273001566000002
07501033954740000002
07501001157296000011
07501089809902000001
07501293201806000001
07501125149221000001
07501124818500000006
NNADRO1000319000 00000000000016920160711
00000075000950000011
07501043110853000001
07501064550775000001
07501299301142000001
07501050611657000001
07501314706228000001
07501250810300000002
07501008491966000003
07501001147563000001
07501072300171000001
07501289511438000006
00008400001313000001
00008400004536000001
00650240009518000001
07503002057698000001
00650240007828000001
07501128105026000002
00650240010453000005
00650240012525000002
07501050614849000005
00300055501331000001
08020030091252000001
07501041941756000001
07501034665058000001
NNADRO1000312000 00000000000016920160711
07501035915121000001
00000075000950000002
07501022105207000001
07501314704873000002
07501384504304000002
07501314703111000001
07501390911011000002
07501314704712000001
07501072300089000001
07501008485033000002
07501048941001000009
07501273500271000001
07501124811143000002
07501098603867000002
07501125100123000001
07501125100116000002
07501050617079000001
03499320002868000001
07501124812874000002
07501008409510000005
07501298281308000002
00301320010206000001
00650240004278000001
00008400003218000001
00008400001290000002
00650240009525000008
07702018913640000002
07501871720217000001
07509546009179000009
00650240010736000001
07503008821101000002
07501318612655000006
03499320004473000001
03499320004497000001
07501165007611000002
07502264950235000001
NNADRO1000315000 00000000000016920160711
00000075001872000005
07501035908116000001
00000075000950000001
07501064551017000002
07501318688827000002
07501124103217000001
07501070613440000001
07501250810614000001
07501165000315000002
07502009340161000005
07501088559112000001
07501088575600000002
07501008433515000001
07501054530718000002
07501088559129000001
07501088617904000006
07501871720644000001
07501082212143000001
00650240004292000001
00650240004650000001
07501125100116000002
00650240005428000001
07501008409534000001
00650240007750000001
00650240006623000002
07501050617055000002
07501080920842000008
00650240009518000002
07896009490651000001
00650240007828000001
07501314701704000001
00650240010736000002
00000075017255000001
NNADRO1002872000 00000000000016920160711
07501022103173000001
07501037908510000001
07501159514026000001
07501008497623000001
07501201400680000002
07501088505447000001
07501070635664000002
07501250810300000002
07501095409059000009
07501034635020000001
07501273500233000001
07501070635756000001
08430308413516000001
07501250813530000001
07702003477270000005
00729513104011000001
07501583300318000001
00008400004611000002
00650240007828000001
00650240010736000001
07896009400148000005
07501298215082000001
07841141003436000002
NNADRO1002244000 00000000000016920160711
07501035908246000001
07501287678034000002
07501314704927000002
07501095452147000001
07501072300164000001
07501098603867000001
07501050615617000002
07501314704743000001
00786759213242000001
00037000394969000001
07502214982514000002
00650240007408000002
07501037907117000001
07502214982439000008
07502001631120000001
NNADRO1003033000 00000000000016920160711
07501022103166000001
07501314704552000001
07501037908572000002
07501385410000000001
07501369200016000001
07501070634810000001
07501299306130000006
07501008443033000002
07501034635181000001
07501072300171000001
00382903267798000001
00650240004650000001
07501089804099000002
00650240006623000001
05900273001566000001
07502214982811000001
00650240011818000001
07501080952126000002
07501390912582000001
NNADRO1000402000 00000000000016920160711
07501054503095000002
07501070613440000001
07501314704958000001
00891671002277000001
07501046482490000001
07501034635020000002
07501034645012000002
07501001147600000005
07590002012468000001
07501109790029000002
07501089809506000002
07501098603867000002
07501088504532000001
04005808802814000001
07702018913640000001
00650240007828000001
07501463315036000001
07501023103585000001
07509546000985000001
07501008465592000002
07503013040900000001
07501065041012000001
07502264950235000001
NNADRO1000316000 00000000000016920160711
07501022105191000001
07501318649071000001
07501050612555000001
07501314702657000001
07501298249902000002
00891671002277000002
00000075004088000001
07501089804013000001
07501299301364000001
07501250810300000001
07501318645080000005
07501050624572000002
07501048332977000003
07501082212143000001
07501033956294000002
07501086472048000005
00650240004278000001
07502214982484000002
07702018913640000001
00000075026226000001
07896009490651000002
07501125130878000001
07501385494192000001
07501050623766000002
07501877651720000004
07501125149221000001
07501065041012000002
NNADRO1000314000 00000000000016920160711
07501088606908000001
07501064551017000001
07501250810614000001
07501287687142000001
07501406829002000002
07501098621151000001
07501008491966000009
07501095409059000001
07501109790739000002
07501125110702000002
07501008486528000002
07501098603836000001
07501328980119000002
07501037911152000001
07501008409541000001
07501080911185000002
07501417001749000002
00008400004536000001
07501298228006000001
00008400005229000001
07501871720217000001
07506195102695000001
07501125125331000001
00300055501638000001
07501125149221000001
07502216802032000001
NNADRO1025137000 00000000000016920160711
07501124100704000001
07501318657304000008
07501043111850000001
07501092743057000008
07501050611657000002
07501070635664000002
07501125104183000001
07501073025479000008
07501125109904000001
07501086300136000002
00310119022009000001
07501086472048000005
07501124813451000002
07501400800625000001
07501125130878000002
07503013040900000001
07501125104763000001
07501299355039000001
07501125118562000001
NNADRO1012686000 00000000000016920160711
07501088505355000002
07501050606288000002
07501125104411000001
07501073025363000003
NNADRO1012774000 00000000000016920160711
07501035908246000002
07501035911567000004
07501108712138000001
07501318649071000001
07501043110853000001
07501328979113000001
07501300708779000001
07501871720606000001
07501328976020000001
07501125109935000002
07501041941848000002
07501033920127000002
07501089804099000001
07501086472048000001
00301320010206000002
07501125130878000001
07501877651720000011
