0100000342016023100030000100002831580000000000000000000000002831580000000000103
0100000342016023100030000200000163800000000000026208000000000190008000000000103
0100000342016023100030000500000499500000000000079920000000000579420000000000103
0100000342016023100030001000000045720000000000007315000000000053035000000000103
0100000342016023100050000100004303170000000000000000000000004303170000000000105
0100000342016023100050000200000228060000000000036490000000000264550000000000105
0100000342016023100050000500001030545000000000164887000000001195432000000000105
0100000342016023100050001000000685125000000000109620000000000794745000000000105
0100000342016023100060000100000108990000000000000000000000000108990000000000106
0100000342016023100060000500000035100000000000005616000000000040716000000000106
0100000342016023100110000100000929745000000000000000000000000929745000000000107
0100000342016023100110000500000283725000000000045396000000000329121000000000107
0100000342016023100120000100001529460000000000000000000000001529460000000000108
0100000342016023100120000200000035640000000000005702000000000041342000000000108
0100000342016023100120000500000474255000000000075881000000000550136000000000108
0100000342016023100120001000000010080000000000001613000000000011693000000000108
0100000342016023100090000100000660960000000000000000000000000660960000000000109
0100000342016023100090000200000054000000000000008640000000000062640000000000109
0100000342016023100090000500000397980000000000063677000000000461657000000000109
0100000342016023100010000100002378745000000000000000000000002378745000000000112
0100000342016023100010000200000030150000000000004824000000000034974000000000112
0100000342016023100010000500000847665000000000135626000000000983291000000000112
0100000342016023100080000100000555885000000000000000000000000555885000000000114
0100000342016023100080000200000012060000000000001930000000000013990000000000114
0100000342016023100080000500000300645000000000048103000000000348748000000000114
0100000342016023100230000100001382445000000000000000000000001382445000000000116
0100000342016023100230000200000118620000000000018979000000000137599000000000116
0100000342016023100230000500000214020000000000034243000000000248263000000000116
0100000342016023100150000100001674450000000000000000000000001674450000000000127
0100000342016023100270000100001863675000000000000000000000001863675000000000129
0100000342016023100270000200000054000000000000008640000000000062640000000000129
0100000342016023100270000500000305955000000000048953000000000354908000000000129
0100000342016023100690000100001907415000000000000000000000001907415000000000193
0100000342016023100690000200000012060000000000001930000000000013990000000000193
0100000342016023100690000500000518490000000000082958000000000601448000000000193
0100000342016023100690001000000025200000000000004032000000000029232000000000193
0200000342016023100010000100000823095000000000000000000000000823095000000000201
0200000342016023100010000200000008190000000000001310000000000009500000000000201
0200000342016023100010000500000157860000000000025258000000000183118000000000201
0200000342016023100020000100000487845000000000000000000000000487845000000000202
0200000342016023100020000500000145485000000000023278000000000168763000000000202
0400000342016023100020000100003464723000000000000000000000003464723000000000403
0400000342016023100020000200000079511000000000012722000000000092233000000000403
0400000342016023100020000500000295402000000000047264000000000342666000000000403
0400000342016023100020001000000111444000000000017831000000000129275000000000403
0400000342016023100050000100002947711000000000000000000000002947711000000000409
0400000342016023100050000200000059264000000000009482000000000068747000000000409
0400000342016023100050000400000053844000000000000000000000000053844000000000409
0400000342016023100050000500000171065000000000027370000000000198435000000000409
0400000342016023100050001000000527978000000000084477000000000612455000000000409
0400000342016023100100000100004961879000000000000000000000004961879000000000412
0400000342016023100100000200000037486000000000005998000000000043483000000000412
0400000342016023100100000400000058246000000000000000000000000058246000000000412
0400000342016023100100000500000301961000000000048314000000000350275000000000412
0400000342016023100100001000000156281000000000025005000000000181286000000000412
1000000342016023100010000100002881575000000000000000000000002881575000000000501
1000000342016023100010000500000130050000000000020808000000000150858000000000501
1000000342016023100010000100003327300000000000000000000000003327300000000000504
1000000342016023100010000500000323640000000000051782000000000375422000000000504
1000000342016023100020000100003455775000000000000000000000003455775000000000511
1000000342016023100020000500000265140000000000042422000000000307562000000000511
1000000342016023100010000100000120285000000000000000000000000120285000000000552
1000000342016023100010000500000003600000000000000576000000000004176000000000552
1000000342016023100010000100003585375000000000000000000000003585375000000000806
1000000342016023100010000500000267570000000000042811000000000310381000000000806
1300000342016023100550000100002769411000000000000000000000002769411000000001108
1300000342016023100550000200000041323000000000006612000000000047935000000001108
1300000342016023100550000400000026394000000000000000000000000026394000000001108
1300000342016023100550000500000129114000000000020658000000000149772000000001108
1300000342016023100550001000000096240000000000015398000000000111638000000001108
1300000342016023100630000100001678846000000000000000000000001678846000000001126
1300000342016023100630000200000025945000000000004151000000000030096000000001126
1300000342016023100630000500000105704000000000016913000000000122617000000001126
1300000342016023100630001000000169258000000000027081000000000196339000000001126
0400000342016023100880000100001760624000000000000000000000001760624000000002001
0400000342016023100880000200000071810000000000011490000000000083300000000002001
0400000342016023100880000500000143066000000000022891000000000165957000000002001
0400000342016023100880001000000100320000000000016051000000000116371000000002001
0400000342016023100890000100002435166000000000000000000000002435166000000002003
0400000342016023100890000200000029234000000000004678000000000033912000000002003
0400000342016023100890000500000087073000000000013932000000000101005000000002003
0400000342016023100890001000000160628000000000025701000000000186329000000002003
0400000342016023100900000100003027331000000000000000000000003027331000000002004
0400000342016023100900000200000158291000000000025327000000000183617000000002004
0400000342016023100900000500000307657000000000049225000000000356882000000002004
0400000342016023100900001000000220088000000000035214000000000255303000000002004
0400000342016023100910000100002667662000000000000000000000002667662000000002005
0400000342016023100910000200000051739000000000008278000000000060017000000002005
0400000342016023100910000500000197545000000000031607000000000229152000000002005
0400000342016023100910001000000235602000000000037696000000000273298000000002005
0400000342016023100920000100004702493000000000000000000000004702493000000002006
0400000342016023100920000200000028849000000000004616000000000033465000000002006
0400000342016023100920000500000171020000000000027363000000000198384000000002006
0400000342016023100920001000000294515000000000047122000000000341637000000002006
0400000342016023100910000100003878683000000000000000000000003878683000000002009
0400000342016023100910000200000055630000000000008901000000000064530000000002009
0400000342016023100910000400000069955000000000000000000000000069955000000002009
0400000342016023100910000500000354350000000000056696000000000411046000000002009
0400000342016023100910001000000212210000000000033954000000000246164000000002009
0400000342016023100920000100001295470000000000000000000000001295470000000002010
0400000342016023100920000200000012754000000000002041000000000014794000000002010
0400000342016023100920000500000082136000000000013142000000000095278000000002010
0400000342016023100920001000000100022000000000016004000000000116026000000002010
0400000342016023100940000100002605576000000000000000000000002605576000000002011
0400000342016023100940000200000010064000000000001610000000000011675000000002011
0400000342016023100940000500000112921000000000018067000000000130989000000002011
0400000342016023100940001000000247945000000000039671000000000287616000000002011
0400000342016023100950000100003356170000000000000000000000003356170000000002012
0400000342016023100950000200000051553000000000008249000000000059802000000002012
0400000342016023100950000500000138652000000000022184000000000160836000000002012
0400000342016023100950001000000374878000000000059980000000000434858000000002012
0400000342016023100960000100004823095000000000000000000000004823095000000002013
0400000342016023100960000200000083694000000000013391000000000097085000000002013
0400000342016023100960000500000522590000000000083614000000000606205000000002013
0400000342016023100960001000000281282000000000045005000000000326288000000002013
0400000342016023100990000100004010365000000000000000000000004010365000000002016
0400000342016023100990000200000101651000000000016264000000000117915000000002016
0400000342016023100990000500000341418000000000054627000000000396045000000002016
0400000342016023100990001000000150860000000000024138000000000174998000000002016
0400000342016023100010000100006150386000000000000000000000006150386000000002017
0400000342016023100010000200000052270000000000008363000000000060633000000002017
0400000342016023100010000500000529978000000000084796000000000614774000000002017
0400000342016023100010001000000336776000000000053884000000000390661000000002017
0400000342016023100020000100002303315000000000000000000000002303315000000002018
0400000342016023100020000200000063102000000000010096000000000073198000000002018
0400000342016023100020000500000136487000000000021838000000000158325000000002018
0400000342016023100020001000000179633000000000028741000000000208374000000002018
0400000342016023100040000100001220828000000000000000000000001220828000000002020
0400000342016023100040000200000001074000000000000172000000000001246000000002020
0400000342016023100040000500000057148000000000009144000000000066291000000002020
0400000342016023100040001000000076962000000000012314000000000089276000000002020
0400000342016023100020000100003635797000000000000000000000003635797000000002024
0400000342016023100020000200000042674000000000006828000000000049502000000002024
0400000342016023100020000400000044567000000000000000000000000044567000000002024
0400000342016023100020000500000143513000000000022962000000000166475000000002024
0400000342016023100020001000000320196000000000051231000000000371427000000002024
0400000342016023100160000100004241197000000000000000000000004241197000000002025
0400000342016023100160000200000014166000000000002267000000000016433000000002025
0400000342016023100160000500000172432000000000027589000000000200021000000002025
0400000342016023100160001000000168578000000000026973000000000195551000000002025
0400000342016023100170000100004774912000000000000000000000004774912000000002026
0400000342016023100170000200000102506000000000016401000000000118907000000002026
0400000342016023100170000500000360655000000000057705000000000418360000000002026
0400000342016023100170001000000269849000000000043176000000000313025000000002026
0400000342016023100030000100003945612000000000000000000000003945612000000002027
0400000342016023100030000200000046759000000000007481000000000054241000000002027
0400000342016023100030000400000039304000000000000000000000000039304000000002027
0400000342016023100030000500000137830000000000022053000000000159882000000002027
0400000342016023100030001000000247828000000000039652000000000287480000000002027
0400000342016023100040000100003760049000000000000000000000003760049000000002028
0400000342016023100040000200000089129000000000014261000000000103389000000002028
0400000342016023100040000400000101316000000000000000000000000101316000000002028
0400000342016023100040000500000265280000000000042445000000000307725000000002028
0400000342016023100040001000000300946000000000048151000000000349097000000002028
0400000342016023100050000100002897069000000000000000000000002897069000000002029
0400000342016023100050000200000033334000000000005333000000000038667000000002029
0400000342016023100050000400000052112000000000000000000000000052112000000002029
0400000342016023100050000500000092578000000000014812000000000107390000000002029
0400000342016023100050001000000243827000000000039012000000000282839000000002029
0400000342016023100060000100002800280000000000000000000000002800280000000002030
0400000342016023100060000200000018317000000000002931000000000021247000000002030
0400000342016023100060000400000009697000000000000000000000000009697000000002030
0400000342016023100060000500000176880000000000028301000000000205181000000002030
0400000342016023100060001000000161591000000000025855000000000187445000000002030
0400000342016023100070000100002540210000000000000000000000002540210000000002031
0400000342016023100070000200000031894000000000005103000000000036997000000002031
0400000342016023100070000400000018077000000000000000000000000018077000000002031
0400000342016023100070000500000155375000000000024860000000000180235000000002031
0400000342016023100070001000000177850000000000028456000000000206306000000002031
0400000342016023100090000100004597157000000000000000000000004597157000000002033
0400000342016023100090000200000044952000000000007192000000000052144000000002033
0400000342016023100090000500000234049000000000037448000000000271497000000002033
0400000342016023100090001000000566758000000000090681000000000657439000000002033
0400000342016023100110000100005577535000000000000000000000005577535000000002035
0400000342016023100110000200000049117000000000007859000000000056976000000002035
0400000342016023100110000400000041910000000000000000000000000041910000000002035
0400000342016023100110000500000140893000000000022543000000000163436000000002035
0400000342016023100110001000000506962000000000081114000000000588075000000002035
0400000342016023100120000100009077930000000000000000000000009077930000000002036
0400000342016023100120000200000189782000000000030365000000000220148000000002036
0400000342016023100120000400000175223000000000000000000000000175223000000002036
0400000342016023100120000500000505318000000000080851000000000586168000000002036
0400000342016023100120001000000711904000000000113905000000000825808000000002036
0400000342016023100130000100001263694000000000000000000000001263694000000002037
0400000342016023100130000200000025832000000000004133000000000029966000000002037
0400000342016023100130000400000005616000000000000000000000000005616000000002037
0400000342016023100130000500000087661000000000014026000000000101687000000002037
0400000342016023100130001000000137426000000000021988000000000159415000000002037
0400000342016023100180000100003981514000000000000000000000003981514000000002038
0400000342016023100180000200000053471000000000008555000000000062026000000002038
0400000342016023100180000400000059296000000000000000000000000059296000000002038
0400000342016023100180000500000277517000000000044403000000000321919000000002038
0400000342016023100180001000000154840000000000024774000000000179614000000002038
0400000342016023100210000100003750054000000000000000000000003750054000000002041
0400000342016023100210000200000028813000000000004610000000000033423000000002041
0400000342016023100210000500000321878000000000051501000000000373379000000002041
0400000342016023100210001000000215803000000000034529000000000250332000000002041
0400000342016023100220000100008675516000000000000000000000008675516000000002042
0400000342016023100220000200000076324000000000012212000000000088535000000002042
0400000342016023100220000500000460316000000000073651000000000533967000000002042
0400000342016023100220001000000277524000000000044404000000000321928000000002042
0400000342016023100140000100004309367000000000000000000000004309367000000002043
0400000342016023100140000200000029357000000000004697000000000034054000000002043
0400000342016023100140000500000317234000000000050758000000000367992000000002043
0400000342016023100140001000000262195000000000041951000000000304146000000002043
0400000342016023100150000100004271642000000000000000000000004271642000000002044
0400000342016023100150000200000028078000000000004492000000000032570000000002044
0400000342016023100150000500000146404000000000023425000000000169828000000002044
0400000342016023100150001000000320464000000000051274000000000371738000000002044
0400000342016023100230000100002575614000000000000000000000002575614000000002045
0400000342016023100230000200000017042000000000002727000000000019769000000002045
0400000342016023100230000500000171197000000000027391000000000198588000000002045
0400000342016023100230001000000090062000000000014410000000000104472000000002045
0400000342016023100160000100010853405000000000000000000000010853405000000002046
0400000342016023100160000200000148906000000000023825000000000172730000000002046
0400000342016023100160000400000094706000000000000000000000000094706000000002046
0400000342016023100160000500000337608000000000054017000000000391625000000002046
0400000342016023100160001000001113209000000000178113000000001291322000000002046
0400000342016023100240000100002920669000000000000000000000002920669000000002048
0400000342016023100240000200000028030000000000004485000000000032514000000002048
0400000342016023100240000500000304969000000000048795000000000353764000000002048
0400000342016023100240001000000095464000000000015274000000000110738000000002048
0400000342016023100250000100006213978000000000000000000000006213978000000002049
0400000342016023100250000200000064339000000000010294000000000074633000000002049
0400000342016023100250000500000450949000000000072152000000000523101000000002049
0400000342016023100250001000000199447000000000031912000000000231359000000002049
0400000342016023100180000100006129568000000000000000000000006129568000000002050
0400000342016023100180000200000047110000000000007538000000000054647000000002050
0400000342016023100180000500000358441000000000057351000000000415792000000002050
0400000342016023100180001000000325736000000000052118000000000377854000000002050
0400000342016023100260000100006559931000000000000000000000006559931000000002051
0400000342016023100260000200000087022000000000013923000000000100945000000002051
0400000342016023100260000400000071078000000000000000000000000071078000000002051
0400000342016023100260000500000284515000000000045522000000000330038000000002051
0400000342016023100260001000000235864000000000037738000000000273602000000002051
0400000342016023100190000100010357422000000000000000000000010357422000000002052
0400000342016023100190000200000107604000000000017217000000000124821000000002052
0400000342016023100190000400000194599000000000000000000000000194599000000002052
0400000342016023100190000500000514244000000000082279000000000596524000000002052
0400000342016023100190001000001191608000000000190657000000001382266000000002052
0400000342016023100270000100005476661000000000000000000000005476661000000002053
0400000342016023100270000200000062285000000000009966000000000072250000000002053
0400000342016023100270000500000400211000000000064034000000000464245000000002053
0400000342016023100270001000000208261000000000033322000000000241583000000002053
0400000342016023100280000100002257876000000000000000000000002257876000000002054
0400000342016023100280000200000022219000000000003555000000000025774000000002054
0400000342016023100280000500000172507000000000027601000000000200108000000002054
0400000342016023100280001000000100645000000000016103000000000116748000000002054
0400000342016023100290000100005210749000000000000000000000005210749000000002055
0400000342016023100290000200000046602000000000007456000000000054058000000002055
0400000342016023100290000500000267866000000000042859000000000310725000000002055
0400000342016023100290001000000189923000000000030388000000000220310000000002055
0400000342016023100200000100004691292000000000000000000000004691292000000002056
0400000342016023100200000200000086143000000000013783000000000099926000000002056
0400000342016023100200000400000021211000000000000000000000000021211000000002056
0400000342016023100200000500000363396000000000058143000000000421539000000002056
0400000342016023100200001000000469303000000000075089000000000544392000000002056
0400000342016023100210000100002794261000000000000000000000002794261000000002057
0400000342016023100210000200000027832000000000004453000000000032285000000002057
0400000342016023100210000400000067721000000000000000000000000067721000000002057
0400000342016023100210000500000100774000000000016124000000000116897000000002057
0400000342016023100210001000000290381000000000046461000000000336842000000002057
0400000342016023100300000100005676700000000000000000000000005676700000000002058
0400000342016023100300000200000045049000000000007208000000000052257000000002058
0400000342016023100300000500000293844000000000047015000000000340859000000002058
0400000342016023100300001000000144852000000000023176000000000168028000000002058
0400000342016023100220000100004494258000000000000000000000004494258000000002059
0400000342016023100220000200000027325000000000004372000000000031697000000002059
0400000342016023100220000500000220442000000000035271000000000255713000000002059
0400000342016023100220001000000372835000000000059654000000000432489000000002059
0400000342016023100230000100005097000000000000000000000000005097000000000002062
0400000342016023100230000200000014922000000000002388000000000017310000000002062
0400000342016023100230000500000254538000000000040726000000000295264000000002062
0400000342016023100230001000000583800000000000093408000000000677208000000002062
0400000342016023100240000100004278083000000000000000000000004278083000000002063
0400000342016023100240000200000045223000000000007236000000000052459000000002063
0400000342016023100240000400000071322000000000000000000000000071322000000002063
0400000342016023100240000500000246816000000000039491000000000286307000000002063
0400000342016023100240001000000388808000000000062209000000000451018000000002063
0400000342016023100340000100004418125000000000000000000000004418125000000002066
0400000342016023100340000200000022759000000000003641000000000026401000000002066
0400000342016023100340000500000260555000000000041689000000000302244000000002066
0400000342016023100340001000000165445000000000026471000000000191916000000002066
0400000342016023100270000100004411597000000000000000000000004411597000000002068
0400000342016023100270000200000038507000000000006161000000000044668000000002068
0400000342016023100270000400000066761000000000000000000000000066761000000002068
0400000342016023100270000500000186902000000000029904000000000216807000000002068
0400000342016023100270001000000258569000000000041371000000000299940000000002068
0400000342016023100280000100004351801000000000000000000000004351801000000002069
0400000342016023100280000200000011171000000000001787000000000012958000000002069
0400000342016023100280000500000282522000000000045204000000000327726000000002069
0400000342016023100280001000000181634000000000029062000000000210696000000002069
0400000342016023100300000100012467960000000000000000000000012467960000000002071
0400000342016023100300000200000084413000000000013506000000000097919000000002071
0400000342016023100300000400000256936000000000000000000000000256936000000002071
0400000342016023100300000500000422491000000000067599000000000490090000000002071
0400000342016023100300001000000355378000000000056860000000000412238000000002071
0400000342016023100310000100006192956000000000000000000000006192956000000002072
0400000342016023100310000200000053597000000000008575000000000062172000000002072
0400000342016023100310000400000106906000000000000000000000000106906000000002072
0400000342016023100310000500000243967000000000039035000000000283002000000002072
0400000342016023100310001000000797983000000000127677000000000925661000000002072
0400000342016023100350000100005156626000000000000000000000005156626000000002073
0400000342016023100350000200000077603000000000012416000000000090019000000002073
0400000342016023100350000500000326360000000000052218000000000378578000000002073
0400000342016023100350001000000224581000000000035933000000000260514000000002073
0400000342016023100330000100002765932000000000000000000000002765932000000002075
0400000342016023100330000200000029803000000000004769000000000034572000000002075
0400000342016023100330000400000018037000000000000000000000000018037000000002075
0400000342016023100330000500000257684000000000041230000000000298914000000002075
0400000342016023100330001000000224590000000000035934000000000260524000000002075
0400000342016023100340000100002101435000000000000000000000002101435000000002076
0400000342016023100340000200000011080000000000001773000000000012852000000002076
0400000342016023100340000400000004132000000000000000000000000004132000000002076
0400000342016023100340000500000091675000000000014668000000000106343000000002076
0400000342016023100340001000000185272000000000029643000000000214915000000002076
0400000342016023100350000100001852400000000000000000000000001852400000000002077
0400000342016023100350000200000033062000000000005290000000000038352000000002077
0400000342016023100350000500000154201000000000024672000000000178873000000002077
0400000342016023100350001000000132102000000000021136000000000153238000000002077
0400000342016023100360000100008868922000000000000000000000008868922000000002078
0400000342016023100360000200000056610000000000009058000000000065668000000002078
0400000342016023100360000500000122119000000000019539000000000141658000000002078
0400000342016023100360001000000377978000000000060477000000000438455000000002078
0400000342016023100370000100003919769000000000000000000000003919769000000002079
0400000342016023100370000200000024172000000000003867000000000028039000000002079
0400000342016023100370000500000083618000000000013379000000000096997000000002079
0400000342016023100370001000000191786000000000030686000000000222472000000002079
0400000342016023100380000100002290679000000000000000000000002290679000000002080
0400000342016023100380000200000092483000000000014797000000000107280000000002080
0400000342016023100380000500000149629000000000023941000000000173570000000002080
0400000342016023100380001000000085222000000000013635000000000098857000000002080
0400000342016023100390000100002452804000000000000000000000002452804000000002081
0400000342016023100390000200000023749000000000003800000000000027549000000002081
0400000342016023100390000500000176274000000000028204000000000204478000000002081
0400000342016023100390001000000148159000000000023705000000000171865000000002081
0400000342016023100400000100003034249000000000000000000000003034249000000002082
0400000342016023100400000200000031619000000000005059000000000036678000000002082
0400000342016023100400000500000281215000000000044994000000000326210000000002082
0400000342016023100400001000000255023000000000040804000000000295826000000002082
0400000342016023100420000100003625717000000000000000000000003625717000000002084
0400000342016023100420000200000041177000000000006588000000000047765000000002084
0400000342016023100420000500000295752000000000047320000000000343072000000002084
0400000342016023100420001000000374903000000000059984000000000434887000000002084
0400000342016023100430000100002487931000000000000000000000002487931000000002085
0400000342016023100430000200000015527000000000002484000000000018011000000002085
0400000342016023100430000400000023556000000000000000000000000023556000000002085
0400000342016023100430000500000072780000000000011645000000000084425000000002085
0400000342016023100430001000000211038000000000033766000000000244804000000002085
0400000342016023100360000100003993229000000000000000000000003993229000000002086
0400000342016023100360000200000025217000000000004035000000000029251000000002086
0400000342016023100360000500000207961000000000033274000000000241235000000002086
0400000342016023100360001000000238650000000000038184000000000276834000000002086
0400000342016023100450000100005334325000000000000000000000005334325000000002088
0400000342016023100450000200000058444000000000009351000000000067795000000002088
0400000342016023100450000500000186058000000000029769000000000215827000000002088
0400000342016023100450001000000795724000000000127316000000000923039000000002088
0400000342016023100470000100001675756000000000000000000000001675756000000002090
0400000342016023100470000200000008071000000000001291000000000009363000000002090
0400000342016023100470000500000062479000000000009997000000000072476000000002090
0400000342016023100470001000000060702000000000009712000000000070414000000002090
0400000342016023100490000100008116295000000000000000000000008116295000000002092
0400000342016023100490000200000035531000000000005685000000000041216000000002092
0400000342016023100490000400000091534000000000000000000000000091534000000002092
0400000342016023100490000500000335334000000000053653000000000388987000000002092
0400000342016023100490001000000369574000000000059132000000000428705000000002092
0400000342016023100370000100006446675000000000000000000000006446675000000002094
0400000342016023100370000200000048394000000000007743000000000056137000000002094
0400000342016023100370000400000016032000000000000000000000000016032000000002094
0400000342016023100370000500000262649000000000042024000000000304673000000002094
0400000342016023100370001000000215842000000000034535000000000250376000000002094
0400000342016023100380000100004240250000000000000000000000004240250000000002095
0400000342016023100380000200000027010000000000004322000000000031331000000002095
0400000342016023100380000500000334896000000000053583000000000388479000000002095
0400000342016023100380001000000137375000000000021980000000000159355000000002095
0400000342016023100520000100004543997000000000000000000000004543997000000002097
0400000342016023100520000200000025084000000000004013000000000029097000000002097
0400000342016023100520000500000163790000000000026206000000000189997000000002097
0400000342016023100520001000000642312000000000102770000000000745082000000002097
0400000342016023100530000100006767478000000000000000000000006767478000000002098
0400000342016023100530000200000047657000000000007625000000000055282000000002098
0400000342016023100530000500000347429000000000055589000000000403017000000002098
0400000342016023100530001000000309106000000000049457000000000358562000000002098
0400000342016023100540000100003962959000000000000000000000003962959000000002099
0400000342016023100540000200000012324000000000001972000000000014296000000002099
0400000342016023100540000500000160670000000000025707000000000186378000000002099
0400000342016023100540001000000245808000000000039329000000000285137000000002099
0400000342016023100550000100005044876000000000000000000000005044876000000002100
0400000342016023100550000200000038185000000000006110000000000044295000000002100
0400000342016023100550000500000295477000000000047276000000000342754000000002100
0400000342016023100550001000000401964000000000064314000000000466278000000002100
0400000342016023100560000100006911075000000000000000000000006911075000000002101
0400000342016023100560000200000025142000000000004023000000000029165000000002101
0400000342016023100560000500000468233000000000074917000000000543150000000002101
0400000342016023100560001000000514890000000000082382000000000597272000000002101
0400000342016023100570000100002901370000000000000000000000002901370000000002102
0400000342016023100570000200000033226000000000005316000000000038542000000002102
0400000342016023100570000500000281448000000000045032000000000326480000000002102
0400000342016023100570001000000210034000000000033605000000000243639000000002102
0400000342016023100580000100004578608000000000000000000000004578608000000002103
0400000342016023100580000200000028674000000000004588000000000033262000000002103
0400000342016023100580000500000283273000000000045324000000000328597000000002103
0400000342016023100580001000000175140000000000028022000000000203162000000002103
0400000342016023100590000100001901994000000000000000000000001901994000000002105
0400000342016023100590000200000076684000000000012269000000000088953000000002105
0400000342016023100590000400000006096000000000000000000000000006096000000002105
0400000342016023100590000500000216335000000000034614000000000250948000000002105
0400000342016023100590001000000102064000000000016330000000000118394000000002105
0400000342016023100410000100005215540000000000000000000000005215540000000002108
0400000342016023100410000200000053744000000000008599000000000062344000000002108
0400000342016023100410000500000307472000000000049196000000000356668000000002108
0400000342016023100410001000000190700000000000030512000000000221212000000002108
0400000342016023100420000100005323715000000000000000000000005323715000000002109
0400000342016023100420000200000036772000000000005883000000000042655000000002109
0400000342016023100420000400000049360000000000000000000000000049360000000002109
0400000342016023100420000500000252823000000000040452000000000293275000000002109
0400000342016023100420001000000183036000000000029286000000000212322000000002109
0400000342016023100430000100006955060000000000000000000000006955060000000002110
0400000342016023100430000200000051488000000000008238000000000059727000000002110
0400000342016023100430000500000302128000000000048340000000000350468000000002110
0400000342016023100430001000000176698000000000028272000000000204969000000002110
0400000342016023100660000100004094531000000000000000000000004094531000000002116
0400000342016023100660000200000041446000000000006631000000000048077000000002116
0400000342016023100660000400000084580000000000000000000000000084580000000002116
0400000342016023100660000500000145913000000000023346000000000169259000000002116
0400000342016023100660001000000252972000000000040476000000000293448000000002116
0400000342016023100440000100003863563000000000000000000000003863563000000002117
0400000342016023100440000200000017942000000000002871000000000020813000000002117
0400000342016023100440000500000151103000000000024176000000000175279000000002117
0400000342016023100440001000000172466000000000027595000000000200061000000002117
0400000342016023100450000100005087534000000000000000000000005087534000000002118
0400000342016023100450000200000035599000000000005696000000000041295000000002118
0400000342016023100450000500000209389000000000033502000000000242891000000002118
0400000342016023100450001000000346027000000000055364000000000401392000000002118
0400000342016023100670000100005575729000000000000000000000005575729000000002119
0400000342016023100670000200000026951000000000004312000000000031263000000002119
0400000342016023100670000500000286907000000000045905000000000332812000000002119
0400000342016023100670001000000443598000000000070976000000000514574000000002119
0400000342016023100470000100003064334000000000000000000000003064334000000002121
0400000342016023100470000200000020101000000000003216000000000023317000000002121
0400000342016023100470000500000157337000000000025174000000000182511000000002121
0400000342016023100470001000000112540000000000018006000000000130546000000002121
0400000342016023100680000100002776601000000000000000000000002776601000000002122
0400000342016023100680000200000035357000000000005657000000000041014000000002122
0400000342016023100680000500000136796000000000021887000000000158684000000002122
0400000342016023100680001000000119215000000000019074000000000138290000000002122
0400000342016023100480000100004308197000000000000000000000004308197000000002124
0400000342016023100480000200000030650000000000004904000000000035554000000002124
0400000342016023100480000500000266957000000000042713000000000309670000000002124
0400000342016023100480001000000175064000000000028010000000000203075000000002124
0400000342016023100490000100003101188000000000000000000000003101188000000002125
0400000342016023100490000200000061075000000000009772000000000070847000000002125
0400000342016023100490000500000198998000000000031840000000000230838000000002125
0400000342016023100490001000000102100000000000016336000000000118436000000002125
0400000342016023100500000100003119230000000000000000000000003119230000000002126
0400000342016023100500000200000020977000000000003356000000000024334000000002126
0400000342016023100500000500000173538000000000027766000000000201304000000002126
0400000342016023100500001000000130632000000000020901000000000151533000000002126
0400000342016023100700000100003039740000000000000000000000003039740000000002127
0400000342016023100700000200000015877000000000002540000000000018418000000002127
0400000342016023100700000500000189066000000000030251000000000219317000000002127
0400000342016023100700001000000096754000000000015481000000000112234000000002127
0400000342016023100710000100004680209000000000000000000000004680209000000002128
0400000342016023100710000200000024920000000000003987000000000028908000000002128
0400000342016023100710000500000150151000000000024024000000000174175000000002128
0400000342016023100710001000000197243000000000031559000000000228802000000002128
0400000342016023100510000100003711391000000000000000000000003711391000000002129
0400000342016023100510000200000030953000000000004952000000000035905000000002129
0400000342016023100510000500000357306000000000057169000000000414475000000002129
0400000342016023100510001000000149359000000000023897000000000173257000000002129
0400000342016023100520000100004834843000000000000000000000004834843000000002130
0400000342016023100520000200000050040000000000008006000000000058046000000002130
0400000342016023100520000400000010500000000000000000000000000010500000000002130
0400000342016023100520000500000361706000000000057873000000000419579000000002130
0400000342016023100520001000000168526000000000026964000000000195490000000002130
0400000342016023100720000100003368294000000000000000000000003368294000000002132
0400000342016023100720000200000014982000000000002397000000000017379000000002132
0400000342016023100720000500000240184000000000038429000000000278613000000002132
0400000342016023100720001000000117410000000000018786000000000136196000000002132
0400000342016023100550000100003093532000000000000000000000003093532000000002134
0400000342016023100550000200000031457000000000005033000000000036490000000002134
0400000342016023100550000500000278683000000000044589000000000323273000000002134
0400000342016023100550001000000107621000000000017219000000000124840000000002134
0400000342016023100560000100002169686000000000000000000000002169686000000002136
0400000342016023100560000200000025123000000000004020000000000029143000000002136
0400000342016023100560000500000311269000000000049803000000000361072000000002136
0400000342016023100560001000000105834000000000016933000000000122767000000002136
0400000342016023100570000100004146770000000000000000000000004146770000000002137
0400000342016023100570000200000067464000000000010794000000000078258000000002137
0400000342016023100570000500000194496000000000031119000000000225615000000002137
0400000342016023100570001000000125749000000000020120000000000145869000000002137
0400000342016023100580000100003846540000000000000000000000003846540000000002138
0400000342016023100580000200000031122000000000004980000000000036102000000002138
0400000342016023100580000500000272149000000000043544000000000315693000000002138
0400000342016023100580001000000160315000000000025650000000000185966000000002138
0400000342016023100590000100002435549000000000000000000000002435549000000002139
0400000342016023100590000200000042360000000000006778000000000049138000000002139
0400000342016023100590000500000133499000000000021360000000000154859000000002139
0400000342016023100590001000000134609000000000021537000000000156146000000002139
0400000342016023100600000100002511143000000000000000000000002511143000000002140
0400000342016023100600000200000053251000000000008520000000000061771000000002140
0400000342016023100600000400000014848000000000000000000000000014848000000002140
0400000342016023100600000500000261750000000000041880000000000303630000000002140
0400000342016023100600001000000181292000000000029007000000000210299000000002140
0400000342016023100610000100001587878000000000000000000000001587878000000002142
0400000342016023100610000200000029904000000000004785000000000034689000000002142
0400000342016023100610000500000081637000000000013062000000000094699000000002142
0400000342016023100610001000000116046000000000018567000000000134613000000002142
0400000342016023100620000100007378610000000000000000000000007378610000000002143
0400000342016023100620000200000103900000000000016624000000000120524000000002143
0400000342016023100620000400000187120000000000000000000000000187120000000002143
0400000342016023100620000500000212623000000000034020000000000246643000000002143
0400000342016023100620001000000560974000000000089756000000000650729000000002143
0400000342016023100630000100002539266000000000000000000000002539266000000002144
0400000342016023100630000200000028213000000000004514000000000032727000000002144
0400000342016023100630000400000009337000000000000000000000000009337000000002144
0400000342016023100630000500000163126000000000026100000000000189226000000002144
0400000342016023100630001000000115756000000000018521000000000134276000000002144
0400000342016023100640000100002409143000000000000000000000002409143000000002145
0400000342016023100640000200000051476000000000008236000000000059713000000002145
0400000342016023100640000500000121645000000000019463000000000141108000000002145
0400000342016023100640001000000177942000000000028471000000000206413000000002145
0400000342016023100650000100003438230000000000000000000000003438230000000002146
0400000342016023100650000200000026354000000000004217000000000030571000000002146
0400000342016023100650000400000026248000000000000000000000000026248000000002146
0400000342016023100650000500000209930000000000033589000000000243519000000002146
0400000342016023100650001000000137704000000000022033000000000159736000000002146
0400000342016023100750000100005247403000000000000000000000005247403000000002147
0400000342016023100750000200000023201000000000003712000000000026913000000002147
0400000342016023100750000400000060433000000000000000000000000060433000000002147
0400000342016023100750000500000187229000000000029957000000000217185000000002147
0400000342016023100750001000000269578000000000043132000000000312710000000002147
0400000342016023100660000100004669810000000000000000000000004669810000000002148
0400000342016023100660000200000035022000000000005604000000000040626000000002148
0400000342016023100660000500000285917000000000045747000000000331663000000002148
0400000342016023100660001000000194448000000000031112000000000225560000000002148
0400000342016023100670000100004478014000000000000000000000004478014000000002149
0400000342016023100670000200000048029000000000007685000000000055713000000002149
0400000342016023100670000500000175289000000000028046000000000203335000000002149
0400000342016023100670001000000386251000000000061800000000000448051000000002149
0400000342016023100760000100003980256000000000000000000000003980256000000002150
0400000342016023100760000200000028194000000000004511000000000032705000000002150
0400000342016023100760000400000056471000000000000000000000000056471000000002150
0400000342016023100760000500000267552000000000042808000000000310360000000002150
0400000342016023100760001000000205639000000000032902000000000238541000000002150
0400000342016023100770000100002748569000000000000000000000002748569000000002151
0400000342016023100770000200000019264000000000003082000000000022346000000002151
0400000342016023100770000500000173800000000000027808000000000201608000000002151
0400000342016023100770001000000095812000000000015330000000000111141000000002151
0400000342016023100680000100005204602000000000000000000000005204602000000002152
0400000342016023100680000200000082081000000000013133000000000095214000000002152
0400000342016023100680000400000038838000000000000000000000000038838000000002152
0400000342016023100680000500000435194000000000069631000000000504826000000002152
0400000342016023100680001000000272698000000000043632000000000316329000000002152
0400000342016023100690000100003956942000000000000000000000003956942000000002153
0400000342016023100690000200000048768000000000007803000000000056571000000002153
0400000342016023100690000500000287555000000000046009000000000333564000000002153
0400000342016023100690001000000188843000000000030215000000000219058000000002153
0400000342016023100700000100005276156000000000000000000000005276156000000002154
0400000342016023100700000200000047707000000000007633000000000055340000000002154
0400000342016023100700000500000326141000000000052183000000000378323000000002154
0400000342016023100700001000000157098000000000025136000000000182234000000002154
0400000342016023100800000100004529477000000000000000000000004529477000000002157
0400000342016023100800000200000033022000000000005283000000000038305000000002157
0400000342016023100800000500000209346000000000033495000000000242841000000002157
0400000342016023100800001000000241404000000000038625000000000280029000000002157
0400000342016023100810000100003312304000000000000000000000003312304000000002158
0400000342016023100810000200000030164000000000004826000000000034991000000002158
0400000342016023100810000400000006864000000000000000000000000006864000000002158
0400000342016023100810000500000163020000000000026083000000000189103000000002158
0400000342016023100810001000000257210000000000041154000000000298364000000002158
0400000342016023100820000100003214601000000000000000000000003214601000000002159
0400000342016023100820000200000012469000000000001995000000000014464000000002159
0400000342016023100820000400000060228000000000000000000000000060228000000002159
0400000342016023100820000500000056695000000000009071000000000065766000000002159
0400000342016023100820001000000185303000000000029648000000000214951000000002159
0400000342016023100840000100002487298000000000000000000000002487298000000002162
0400000342016023100840000200000041340000000000006614000000000047954000000002162
0400000342016023100840000500000239993000000000038399000000000278392000000002162
0400000342016023100840001000000109298000000000017488000000000126786000000002162
0400000342016023100720000100002886941000000000000000000000002886941000000002163
0400000342016023100720000200000077959000000000012473000000000090433000000002163
0400000342016023100720000400000049252000000000000000000000000049252000000002163
0400000342016023100720000500000143215000000000022914000000000166130000000002163
0400000342016023100720001000000176827000000000028292000000000205120000000002163
0400000342016023100730000100003452030000000000000000000000003452030000000002164
0400000342016023100730000200000030748000000000004920000000000035667000000002164
0400000342016023100730000400000017723000000000000000000000000017723000000002164
0400000342016023100730000500000231514000000000037042000000000268556000000002164
0400000342016023100730001000000183364000000000029338000000000212702000000002164
0400000342016023100740000100007798970000000000000000000000007798970000000002165
0400000342016023100740000200000121206000000000019393000000000140599000000002165
0400000342016023100740000500000649756000000000103961000000000753716000000002165
0400000342016023100740001000000288215000000000046114000000000334329000000002165
0400000342016023100750000100001875287000000000000000000000001875287000000002166
0400000342016023100750000200000016766000000000002683000000000019449000000002166
0400000342016023100750000500000109302000000000017488000000000126790000000002166
0400000342016023100750001000000096058000000000015369000000000111427000000002166
0400000342016023100760000100003265349000000000000000000000003265349000000002167
0400000342016023100760000200000079519000000000012723000000000092242000000002167
0400000342016023100760000500000179766000000000028763000000000208529000000002167
0400000342016023100760001000000181176000000000028988000000000210164000000002167
0400000342016023100770000100002427973000000000000000000000002427973000000002168
0400000342016023100770000200000018248000000000002920000000000021168000000002168
0400000342016023100770000500000111860000000000017898000000000129758000000002168
0400000342016023100770001000000077657000000000012425000000000090082000000002168
0400000342016023100860000100002443049000000000000000000000002443049000000002170
0400000342016023100860000200000022255000000000003561000000000025816000000002170
0400000342016023100860000500000172554000000000027609000000000200163000000002170
0400000342016023100860001000000069036000000000011046000000000080082000000002170
0400000342016023100780000100004091566000000000000000000000004091566000000002171
0400000342016023100780000200000072066000000000011531000000000083597000000002171
0400000342016023100780000500000367564000000000058810000000000426374000000002171
0400000342016023100780001000000233702000000000037392000000000271095000000002171
0400000342016023100870000100004164408000000000000000000000004164408000000002173
0400000342016023100870000200000022597000000000003616000000000026213000000002173
0400000342016023100870000500000222715000000000035634000000000258350000000002173
0400000342016023100870001000000153680000000000024589000000000178269000000002173
0400000342016023100800000100002817104000000000000000000000002817104000000002174
0400000342016023100800000200000019766000000000003163000000000022929000000002174
0400000342016023100800000500000204684000000000032749000000000237433000000002174
0400000342016023100800001000000085356000000000013657000000000099013000000002174
0400000342016023100810000100001721437000000000000000000000001721437000000002175
0400000342016023100810000200000026711000000000004274000000000030985000000002175
0400000342016023100810000400000031696000000000000000000000000031696000000002175
0400000342016023100810000500000157867000000000025259000000000183126000000002175
0400000342016023100810001000000120642000000000019303000000000139945000000002175
0400000342016023100840000100003724916000000000000000000000003724916000000002178
0400000342016023100840000200000076524000000000012244000000000088768000000002178
0400000342016023100840000500000265519000000000042483000000000308002000000002178
0400000342016023100840001000000178690000000000028590000000000207280000000002178
0400000342016023100850000100005840978000000000000000000000005840978000000002179
0400000342016023100850000200000064571000000000010331000000000074902000000002179
0400000342016023100850000500000237913000000000038066000000000275979000000002179
0400000342016023100850001000000697206000000000111553000000000808759000000002179
0400000342016023100080000100004638796000000000000000000000004638796000000002184
0400000342016023100080000200000065248000000000010440000000000075687000000002184
0400000342016023100080000400000053144000000000000000000000000053144000000002184
0400000342016023100080000500000147986000000000023678000000000171664000000002184
0400000342016023100080001000000623916000000000099827000000000723743000000002184
0400000342016023100090000100002327084000000000000000000000002327084000000002185
0400000342016023100090000200000056384000000000009022000000000065406000000002185
0400000342016023100090000400000044117000000000000000000000000044117000000002185
0400000342016023100090000500000154828000000000024772000000000179600000000002185
0400000342016023100090001000000152880000000000024461000000000177341000000002185
0400000342016023100940000100001613646000000000000000000000001613646000000002186
0400000342016023100940000200000051839000000000008294000000000060133000000002186
0400000342016023100940000500000192506000000000030801000000000223307000000002186
0400000342016023100940001000000070523000000000011284000000000081806000000002186
0400000342016023100100000100000821878000000000000000000000000821878000000002187
0400000342016023100100000200000017053000000000002729000000000019782000000002187
0400000342016023100100000500000029982000000000004797000000000034779000000002187
0400000342016023100100001000000042473000000000006796000000000049268000000002187
0400000342016023100110000100000697146000000000000000000000000697146000000002188
0400000342016023100110000200000046777000000000007484000000000054262000000002188
0400000342016023100110000500000046853000000000007496000000000054349000000002188
0400000342016023100110001000000075988000000000012158000000000088146000000002188
0400000342016023100120000100001461488000000000000000000000001461488000000002189
0400000342016023100120000200000032374000000000005180000000000037553000000002189
0400000342016023100120000500000083438000000000013350000000000096789000000002189
0400000342016023100120001000000138860000000000022218000000000161078000000002189
